0 0.14033333333333334 0.40208333333333335 0.039 0.009375
0 0.14033333333333334 0.34791666666666665 0.023666666666666666 0.019791666666666666
0 0.14033333333333334 0.25729166666666664 0.019333333333333334 0.019791666666666666
0 0.14033333333333334 0.16666666666666666 0.023 0.019791666666666666
0 0.14033333333333334 0.14895833333333333 0.027 0.008333333333333333
0 0.14033333333333334 0.13020833333333334 0.04066666666666666 0.0125
0 0.14033333333333334 0.04791666666666667 0.026 0.008333333333333333
0 0.14033333333333334 0.029166666666666667 0.042 0.0125
0 0.14066666666666666 0.3302083333333333 0.022 0.008333333333333333
0 0.141 0.31197916666666664 0.038 0.011979166666666667
0 0.141 0.22083333333333333 0.035 0.009375
0 0.145 0.07239583333333334 0.011666666666666667 0.00625
0 0.266 0.25729166666666664 0.02266666666666667 0.019791666666666666
0 0.266 0.16666666666666666 0.02 0.019791666666666666
0 0.266 0.14895833333333333 0.024666666666666667 0.008333333333333333
0 0.2663333333333333 0.23958333333333334 0.028 0.008333333333333333
0 0.2663333333333333 0.13020833333333334 0.043 0.0125
0 0.3913333333333333 0.15625 0.021666666666666667 0.019791666666666666
0 0.39166666666666666 0.11979166666666667 0.036 0.0125
0 0.392 0.13854166666666667 0.024666666666666667 0.008333333333333333
