0 0.14033333333333334 1.0239583333333333 0.024 0.019791666666666666
0 0.14033333333333334 0.9333333333333333 0.023333333333333334 0.019791666666666666
0 0.14033333333333334 0.8427083333333333 0.023666666666666666 0.019791666666666666
0 0.14033333333333334 0.825 0.025333333333333333 0.00625
0 0.14033333333333334 0.80625 0.04533333333333334 0.0125
0 0.14033333333333334 0.7520833333333333 0.021333333333333333 0.019791666666666666
0 0.14033333333333334 0.715625 0.04 0.0125
0 0.14033333333333334 0.640625 0.022333333333333334 0.019791666666666666
0 0.14033333333333334 0.55 0.021666666666666667 0.019791666666666666
0 0.14033333333333334 0.42291666666666666 0.037 0.0125
0 0.14033333333333334 0.34791666666666665 0.021 0.019791666666666666
0 0.14033333333333334 0.31145833333333334 0.041 0.0125
0 0.14033333333333334 0.25729166666666664 0.024 0.019791666666666666
0 0.14033333333333334 0.23958333333333334 0.027666666666666666 0.008333333333333333
0 0.14033333333333334 0.16666666666666666 0.02 0.019791666666666666
0 0.14033333333333334 0.065625 0.021 0.019791666666666666
0 0.14066666666666666 1.00625 0.025 0.008333333333333333
0 0.14066666666666666 0.734375 0.026333333333333334 0.008333333333333333
0 0.14066666666666666 0.6229166666666667 0.026 0.008333333333333333
0 0.14066666666666666 0.5135416666666667 0.051333333333333335 0.009375
0 0.14066666666666666 0.3302083333333333 0.022333333333333334 0.008333333333333333
0 0.14066666666666666 0.14895833333333333 0.025333333333333333 0.008333333333333333
0 0.14066666666666666 0.04791666666666667 0.025 0.008333333333333333
0 0.141 0.9875 0.043666666666666666 0.0125
0 0.141 0.896875 0.043333333333333335 0.0125
0 0.141 0.6041666666666666 0.044333333333333336 0.0125
0 0.141 0.44166666666666665 0.028 0.008333333333333333
0 0.141 0.22135416666666666 0.036333333333333336 0.011979166666666667
0 0.141 0.029166666666666667 0.042666666666666665 0.0125
0 0.14466666666666667 0.4666666666666667 0.018333333333333333 0.0078125
0 0.267 0.9333333333333333 0.024 0.019791666666666666
0 0.267 0.8427083333333333 0.021 0.019791666666666666
0 0.2673333333333333 1.00625 0.025666666666666667 0.00625
0 0.2673333333333333 0.9875 0.042333333333333334 0.009375
0 0.2673333333333333 0.915625 0.025333333333333333 0.008333333333333333
0 0.2673333333333333 0.825 0.025333333333333333 0.00625
0 0.2673333333333333 0.734375 0.025 0.008333333333333333
0 0.2673333333333333 0.715625 0.048666666666666664 0.0125
0 0.26766666666666666 0.896875 0.041 0.0125
0 0.26766666666666666 0.80625 0.04133333333333333 0.009375
0 0.2713333333333333 0.7588541666666667 0.013 0.00625
0 0.32866666666666666 0.15625 0.024 0.019791666666666666
0 0.329 0.13854166666666667 0.028 0.008333333333333333
0 0.39366666666666666 1.0239583333333333 0.021333333333333333 0.019791666666666666
0 0.39366666666666666 1.00625 0.025666666666666667 0.00625
0 0.39366666666666666 0.9333333333333333 0.024 0.019791666666666666
0 0.39366666666666666 0.8427083333333333 0.021666666666666667 0.019791666666666666
0 0.39366666666666666 0.825 0.023666666666666666 0.008333333333333333
0 0.394 0.915625 0.025666666666666667 0.008333333333333333
0 0.394 0.80625 0.043 0.0125
0 0.3943333333333333 0.8973958333333333 0.04633333333333333 0.011979166666666667
0 0.3943333333333333 0.734375 0.028333333333333332 0.008333333333333333
0 0.3943333333333333 0.715625 0.03 0.0125
