0 0.14033333333333334 1.1875 0.025 0.00625
0 0.14033333333333334 1.1145833333333333 0.02266666666666667 0.019791666666666666
0 0.14033333333333334 1.0239583333333333 0.023333333333333334 0.019791666666666666
0 0.14033333333333334 0.9875 0.04 0.0125
0 0.14033333333333334 0.9052083333333333 0.030666666666666665 0.008333333333333333
0 0.14033333333333334 0.821875 0.023333333333333334 0.019791666666666666
0 0.14033333333333334 0.73125 0.023 0.019791666666666666
0 0.14033333333333334 0.6197916666666666 0.022 0.019791666666666666
0 0.14033333333333334 0.5291666666666667 0.023333333333333334 0.019791666666666666
0 0.14033333333333334 0.43854166666666666 0.021666666666666667 0.019791666666666666
0 0.14033333333333334 0.42135416666666664 0.026333333333333334 0.0078125
0 0.14033333333333334 0.3375 0.023333333333333334 0.019791666666666666
0 0.14033333333333334 0.246875 0.024333333333333332 0.019791666666666666
0 0.14033333333333334 0.15625 0.019666666666666666 0.019791666666666666
0 0.14066666666666666 1.096875 0.026333333333333334 0.008333333333333333
0 0.14066666666666666 1.00625 0.02666666666666667 0.008333333333333333
0 0.14066666666666666 0.8041666666666667 0.027333333333333334 0.00625
0 0.14066666666666666 0.7135416666666666 0.025333333333333333 0.008333333333333333
0 0.14066666666666666 0.6020833333333333 0.024666666666666667 0.00625
0 0.14066666666666666 0.5114583333333333 0.027333333333333334 0.008333333333333333
0 0.14066666666666666 0.49270833333333336 0.042666666666666665 0.0125
0 0.14066666666666666 0.31979166666666664 0.027333333333333334 0.008333333333333333
0 0.14066666666666666 0.22916666666666666 0.025666666666666667 0.008333333333333333
0 0.14066666666666666 0.13854166666666667 0.026333333333333334 0.008333333333333333
0 0.14066666666666666 0.04791666666666667 0.023 0.00625
0 0.141 1.16875 0.03833333333333333 0.009375
0 0.141 1.078125 0.038 0.0125
0 0.141 0.8869791666666667 0.041 0.011979166666666667
0 0.141 0.7854166666666667 0.04 0.0125
0 0.141 0.6947916666666667 0.043666666666666666 0.0125
0 0.141 0.5833333333333334 0.041 0.0125
0 0.141 0.40208333333333335 0.04566666666666667 0.0125
0 0.141 0.30104166666666665 0.038 0.009375
0 0.141 0.21041666666666667 0.04733333333333333 0.0125
0 0.141 0.11979166666666667 0.044333333333333336 0.009375
0 0.141 0.029166666666666667 0.035 0.0125
0 0.14466666666666667 0.07239583333333334 0.015 0.008333333333333333
0 0.145 0.9296875 0.013 0.008333333333333333
0 0.266 0.821875 0.022333333333333334 0.019791666666666666
0 0.266 0.8041666666666667 0.026 0.008333333333333333
0 0.266 0.73125 0.02 0.019791666666666666
0 0.2663333333333333 0.7135416666666666 0.024666666666666667 0.00625
0 0.2663333333333333 0.6947916666666667 0.03666666666666667 0.0125
0 0.26666666666666666 0.7854166666666667 0.037333333333333336 0.0125
0 0.267 0.5291666666666667 0.02266666666666667 0.019791666666666666
0 0.2673333333333333 0.5114583333333333 0.024333333333333332 0.008333333333333333
0 0.2673333333333333 0.49270833333333336 0.043 0.0125
0 0.2673333333333333 0.42135416666666664 0.026333333333333334 0.0078125
0 0.26766666666666666 0.40208333333333335 0.036333333333333336 0.0125
0 0.2713333333333333 0.4453125 0.011666666666666667 0.008333333333333333
0 0.32866666666666666 1.0135416666666666 0.02666666666666667 0.019791666666666666
0 0.32866666666666666 0.9770833333333333 0.043333333333333335 0.0125
0 0.329 0.9958333333333333 0.027 0.00625
0 0.3913333333333333 0.7208333333333333 0.02266666666666667 0.019791666666666666
0 0.39166666666666666 0.703125 0.02 0.008333333333333333
0 0.39166666666666666 0.6848958333333334 0.044 0.011979166666666667
0 0.39366666666666666 0.5291666666666667 0.02033333333333333 0.019791666666666666
0 0.39366666666666666 0.43854166666666666 0.019666666666666666 0.019791666666666666
0 0.39366666666666666 0.42083333333333334 0.02266666666666667 0.008333333333333333
0 0.394 0.5119791666666667 0.025333333333333333 0.0078125
0 0.3943333333333333 0.49270833333333336 0.03233333333333333 0.0125
0 0.3943333333333333 0.40208333333333335 0.04133333333333333 0.0125
