0 61 30 211 80
0 71 1065 216 68
0 71 1014 777 27
0 71 737 187 68
0 71 370 197 68
0 71 279 389 27
0 72 952 106 34
0 72 319 468 27
0 72 217 95 34
0 73 687 738 27
0 73 625 93 33
0 296 30 192 80
0 663 319 350 27
0 664 410 206 68
0 664 279 227 27
0 665 359 140 21
0 666 218 66 33
0 1257 410 197 68
0 1257 319 548 27
0 1258 359 125 21
0 1258 279 125 27
0 1259 218 83 26
0 1264 1065 202 68
0 1264 737 191 68
0 1265 953 83 33
0 1265 687 738 27
0 1266 1014 811 27
0 1266 624 107 34
0 1849 370 224 68
0 1849 279 459 27
0 1850 319 235 27
0 1850 217 91 34
