0 61 30 202 80
0 71 1065 183 68
0 71 873 90 27
0 71 657 187 68
0 71 330 194 68
0 72 1014 92 27
0 72 974 384 27
0 72 607 737 27
0 73 934 266 27
0 73 545 87 33
0 73 279 698 27
0 73 218 77 26
0 287 30 205 80
0 516 30 191 80
0 664 1025 193 68
0 664 934 479 27
0 665 974 258 27
0 665 872 81 34
0 731 30 218 80
0 973 30 200 80
0 1257 1065 176 68
0 1257 974 495 27
0 1257 934 147 27
0 1257 873 111 33
0 1258 1014 104 27
0 1264 330 211 68
0 1264 279 777 27
0 1265 217 91 34
0 1849 1025 201 68
0 1850 974 308 27
0 1850 934 453 27
0 1852 873 89 26
