0 61 30 216 80
0 71 1065 199 68
0 71 1014 688 27
0 71 697 164 68
0 71 330 194 68
0 72 647 330 27
0 72 607 439 27
0 72 217 91 34
0 73 953 99 33
0 73 545 105 26
0 73 279 723 27
0 301 30 192 80
0 517 30 207 80
0 664 697 205 68
0 664 647 247 27
0 664 607 433 27
0 666 545 111 26
0 748 30 202 80
0 974 30 202 80
0 1257 737 203 68
0 1257 687 152 21
0 1257 607 152 27
0 1258 647 406 27
0 1259 545 96 33
0 1264 330 207 68
0 1264 218 99 26
0 1266 279 698 27
0 1849 697 203 68
0 1849 647 456 27
0 1849 607 281 27
0 1852 545 93 26
