0 61 30 218 80
0 71 1025 204 68
0 71 974 759 27
0 71 913 84 33
0 71 697 198 68
0 71 647 252 27
0 71 330 191 68
0 72 607 454 27
0 72 279 737 27
0 73 545 93 26
0 73 218 83 26
0 303 30 214 80
0 541 30 192 80
0 663 545 98 26
0 664 697 207 68
0 664 647 438 27
0 664 607 328 27
0 757 30 209 80
0 1257 697 193 68
0 1257 607 394 27
0 1258 647 316 21
0 1259 545 88 33
0 1264 1025 198 68
0 1265 974 761 27
0 1267 913 78 33
0 1849 697 210 68
0 1850 607 466 27
0 1851 647 289 27
0 1852 545 82 26
