0 61 30 216 80
0 71 1025 190 68
0 71 913 102 33
0 71 697 182 68
0 71 330 204 68
0 72 974 744 27
0 72 607 404 27
0 72 279 705 27
0 73 647 363 27
0 73 545 69 26
0 73 218 91 26
0 301 30 196 80
0 521 30 212 80
0 664 697 189 68
0 664 647 236 27
0 664 607 481 27
0 666 545 100 33
0 757 30 214 80
0 995 30 196 80
0 1256 545 112 33
0 1257 697 195 68
0 1257 647 315 27
0 1258 607 466 27
0 1264 1025 196 68
0 1266 974 763 27
0 1267 913 109 26
0 1849 697 195 68
0 1849 647 353 27
0 1850 607 406 27
0 1852 545 91 33
