0 61 30 214 80
0 71 1065 213 68
0 71 737 173 68
0 71 687 789 27
0 71 370 209 68
0 71 279 371 27
0 72 1014 763 27
0 72 319 374 27
0 73 953 85 33
0 73 625 83 33
0 73 218 95 33
0 299 30 217 80
0 540 30 199 80
0 664 370 188 68
0 664 279 473 27
0 665 319 260 27
0 666 218 102 26
0 763 30 229 80
0 1016 30 220 80
0 1256 218 112 26
0 1257 370 193 68
0 1257 319 336 27
0 1257 279 439 27
0 1264 1065 175 68
0 1264 1014 754 27
0 1265 953 102 26
0 1849 410 192 68
0 1849 285 43 21
0 1850 319 435 27
0 1851 359 292 27
0 1852 218 81 33
