0 61 30 206 80
0 71 1025 202 68
0 71 934 434 27
0 71 657 227 68
0 71 330 186 68
0 72 974 200 27
0 72 607 747 27
0 72 544 90 34
0 72 279 701 27
0 73 873 107 33
0 73 218 96 27
0 291 30 204 80
0 519 30 195 80
0 663 873 110 33
0 664 1025 220 68
0 664 934 336 27
0 665 974 389 27
0 1257 1025 185 68
0 1257 974 340 27
0 1257 873 79 27
0 1258 934 393 27
0 1264 657 208 68
0 1264 545 91 26
0 1265 607 741 27
0 1849 1025 201 68
0 1849 974 241 27
0 1849 934 467 27
0 1852 873 103 26
