0 61 30 197 80
0 71 1025 207 68
0 71 974 755 27
0 71 697 206 68
0 71 607 360 27
0 71 330 213 68
0 72 647 331 27
0 72 545 89 26
0 73 913 107 26
0 73 279 745 27
0 73 218 89 33
0 282 30 184 80
0 490 30 216 80
0 663 545 75 33
0 664 697 199 68
0 664 647 553 27
0 665 607 159 21
0 730 30 209 80
0 1257 697 197 68
0 1257 607 443 27
0 1258 647 297 27
0 1259 545 78 26
0 1264 330 211 68
0 1266 279 727 27
0 1267 218 81 33
0 1849 697 184 68
0 1850 607 376 27
0 1850 544 104 28
0 1851 647 350 27
