0 61 30 208 80
0 71 1025 213 68
0 71 657 201 68
0 71 330 190 68
0 71 218 112 33
0 72 974 381 27
0 72 872 110 34
0 72 544 90 34
0 72 279 790 27
0 73 934 332 27
0 73 607 721 27
0 293 30 180 80
0 497 30 206 80
0 664 1025 184 68
0 665 974 229 27
0 665 934 428 27
0 666 873 92 33
0 1257 1025 181 68
0 1257 974 260 27
0 1257 934 465 27
0 1259 873 88 26
0 1264 330 190 68
0 1265 279 673 27
0 1266 217 94 29
0 1849 1025 184 68
0 1850 974 249 27
0 1851 934 468 27
0 1852 873 80 26
