0 61 30 202 80
0 71 1025 191 68
0 71 873 111 26
0 71 657 206 68
0 71 330 192 68
0 72 974 273 27
0 72 218 112 33
0 73 934 403 27
0 73 607 728 27
0 73 545 111 26
0 73 279 758 27
0 287 30 210 80
0 521 30 215 80
0 664 1025 182 68
0 664 974 324 27
0 665 934 440 27
0 666 873 80 27
0 1257 1065 195 68
0 1257 1014 39 27
0 1258 974 465 27
0 1258 934 225 27
0 1259 873 89 27
0 1264 330 197 68
0 1266 279 709 27
0 1267 218 108 26
0 1849 1025 194 68
0 1850 974 79 21
0 1850 872 115 29
0 1851 934 549 27
