0 61 30 211 80
0 71 1145 204 68
0 71 1094 274 27
0 71 1054 468 27
0 71 777 171 68
0 71 727 356 27
0 71 687 311 27
0 71 410 181 68
0 71 218 94 33
0 72 992 107 34
0 72 319 347 27
0 73 625 99 33
0 73 359 149 27
0 73 279 255 27
0 296 30 194 80
0 514 30 217 80
0 664 1145 195 68
0 664 777 202 68
0 664 727 242 27
0 664 687 476 27
0 664 370 207 68
0 664 279 438 27
0 665 1094 457 27
0 665 1054 286 27
0 665 992 110 28
0 665 319 298 27
0 666 625 95 33
0 666 218 98 26
0 755 30 220 80
0 1256 319 413 27
0 1257 1145 174 68
0 1257 777 209 68
0 1257 727 309 27
0 1257 370 204 68
0 1257 279 341 27
0 1258 1094 295 27
0 1258 1054 421 27
0 1258 687 416 27
0 1259 993 83 26
0 1259 625 94 33
0 1259 218 97 33
0 1849 1145 187 68
0 1849 777 192 68
0 1849 370 172 68
0 1850 1094 418 27
0 1850 1054 324 27
0 1850 992 93 34
0 1850 319 296 27
0 1850 279 394 27
0 1851 727 326 27
0 1851 687 422 27
0 1851 217 88 28
0 1852 625 97 33
0 1855 1000 23 10
