0 61 30 198 80
0 71 1025 195 68
0 71 697 206 68
0 71 370 191 68
0 72 974 791 27
0 72 647 699 27
0 72 279 437 27
0 73 913 95 26
0 73 585 87 26
0 73 319 228 27
0 73 218 80 33
0 283 30 193 80
0 500 30 244 80
0 664 370 171 68
0 664 319 295 27
0 664 279 440 27
0 665 217 104 34
0 768 30 182 80
0 1257 370 173 68
0 1258 319 326 27
0 1258 279 374 27
0 1259 218 81 27
0 1264 1025 207 68
0 1265 974 723 27
0 1267 913 84 27
0 1849 370 227 68
0 1849 218 103 26
0 1851 319 331 27
0 1851 279 388 27
