0 61 30 222 80
0 71 1025 178 68
0 71 934 412 27
0 71 657 187 68
0 71 330 198 68
0 72 974 375 27
0 72 607 792 27
0 72 279 731 27
0 73 873 102 26
0 73 545 110 26
0 73 218 104 27
0 307 30 213 80
0 544 30 209 80
0 663 873 92 33
0 664 1025 194 68
0 664 974 237 27
0 665 934 464 27
0 777 30 211 80
0 1257 1025 178 68
0 1257 934 393 27
0 1257 873 87 33
0 1258 974 357 27
0 1264 330 206 68
0 1265 279 708 27
0 1266 217 91 28
0 1849 1025 224 68
0 1851 974 280 27
0 1851 934 468 27
0 1852 873 100 33
