0 61 30 192 80
0 71 1065 183 68
0 71 657 188 68
0 71 330 194 68
0 72 1014 66 21
0 72 934 90 27
0 72 607 727 27
0 72 545 103 33
0 73 974 550 27
0 73 873 100 33
0 73 279 723 27
0 73 218 93 26
0 277 30 218 80
0 519 30 201 80
0 664 1025 179 68
0 664 974 272 27
0 664 934 455 27
0 665 872 98 34
0 744 30 205 80
0 1257 1025 210 68
0 1257 974 287 27
0 1258 934 420 27
0 1259 873 102 33
0 1264 330 191 68
0 1266 279 722 27
0 1267 218 99 33
0 1849 1025 168 68
0 1850 934 362 27
0 1850 872 88 34
0 1851 974 386 27
