0 61 30 199 80
0 71 1025 212 68
0 71 974 777 27
0 71 913 106 33
0 71 697 210 68
0 71 647 840 27
0 71 370 190 68
0 71 279 481 27
0 72 319 265 27
0 72 217 106 34
0 73 585 84 33
0 284 30 186 80
0 494 30 195 80
0 664 370 214 68
0 665 319 369 27
0 665 279 346 27
0 665 217 102 28
0 713 30 207 80
0 944 30 199 80
0 1257 370 209 68
0 1257 279 285 27
0 1257 218 109 27
0 1258 319 381 27
0 1264 1025 187 68
0 1264 913 95 26
0 1266 974 722 27
0 1849 370 189 68
0 1849 319 432 27
0 1850 279 310 27
0 1852 218 91 26
