0 61 30 213 80
0 71 1025 204 68
0 71 873 105 26
0 71 657 186 68
0 71 330 223 68
0 71 218 95 26
0 72 934 476 27
0 72 607 701 27
0 72 279 718 27
0 73 974 237 27
0 73 545 85 33
0 298 30 215 80
0 537 30 191 80
0 664 1025 191 68
0 664 974 369 27
0 665 934 409 27
0 665 872 110 29
0 752 30 191 80
0 967 30 207 80
0 1257 1025 181 68
0 1257 872 92 28
0 1258 974 405 27
0 1258 934 353 21
0 1264 657 212 68
0 1264 545 92 33
0 1266 607 736 27
0 1849 1025 206 68
0 1849 974 376 27
0 1851 934 314 27
0 1852 873 106 26
