0 61 30 213 80
0 71 1025 192 68
0 71 657 194 68
0 71 330 195 68
0 72 974 355 27
0 73 934 405 27
0 73 873 88 33
0 73 607 718 27
0 73 545 95 26
0 73 279 713 27
0 73 218 112 26
0 298 30 209 80
0 531 30 211 80
0 664 1025 206 68
0 664 974 368 27
0 664 934 425 27
0 666 873 92 27
0 766 30 207 80
0 1256 873 104 26
0 1257 1065 191 68
0 1257 1014 90 21
0 1257 974 392 27
0 1258 934 234 27
0 1264 330 215 68
0 1265 279 701 27
0 1266 217 81 34
0 1270 225 23 10
0 1849 1025 203 68
0 1850 974 231 27
0 1850 934 442 27
0 1852 873 106 27
