0 61 30 210 80
0 71 1065 214 68
0 71 697 199 68
0 71 545 117 33
0 71 330 183 68
0 72 1014 776 27
0 72 647 367 27
0 72 607 384 27
0 72 279 695 27
0 72 217 85 34
0 73 953 110 33
0 295 30 181 80
0 500 30 213 80
0 664 697 195 68
0 664 647 374 27
0 664 607 349 27
0 666 545 97 26
0 737 30 199 80
0 1257 697 210 68
0 1257 647 305 27
0 1257 607 393 27
0 1259 545 99 26
0 1264 330 192 68
0 1266 279 734 27
0 1267 218 93 33
0 1849 737 186 68
0 1850 687 292 27
0 1850 647 468 27
0 1850 613 28 15
0 1852 545 88 33
