0 61 30 221 80
0 71 1025 161 68
0 71 697 185 68
0 71 370 193 68
0 71 279 419 27
0 72 974 715 27
0 72 584 108 34
0 73 913 99 26
0 73 647 707 27
0 73 319 310 27
0 73 218 105 33
0 76 592 24 10
0 306 30 200 80
0 530 30 182 80
0 664 370 168 68
0 665 319 361 27
0 665 279 433 27
0 666 218 103 26
0 736 30 211 80
0 971 30 200 80
0 1257 370 193 68
0 1258 319 425 27
0 1258 279 319 27
0 1259 218 115 33
0 1264 1025 181 68
0 1264 913 79 33
0 1265 974 732 27
0 1849 370 211 68
0 1849 218 101 33
0 1850 319 271 27
0 1850 279 453 27
