0 61 30 210 80
0 71 1025 206 68
0 71 657 198 68
0 71 545 99 33
0 71 330 175 68
0 72 974 369 27
0 72 934 402 27
0 72 607 780 27
0 72 279 769 27
0 73 873 86 26
0 73 218 91 26
0 295 30 212 80
0 531 30 199 80
0 664 1025 201 68
0 664 974 325 27
0 665 934 444 27
0 666 873 87 26
0 1256 873 90 33
0 1257 1065 196 68
0 1257 1014 63 21
0 1257 934 120 21
0 1258 974 492 27
0 1264 657 205 68
0 1266 607 774 27
0 1267 545 90 33
0 1849 1025 190 68
0 1849 873 85 33
0 1850 934 363 27
0 1851 974 366 27
