0 61 30 208 80
0 71 1065 191 68
0 71 1014 713 27
0 71 737 182 68
0 71 330 202 68
0 72 687 241 27
0 72 647 428 27
0 72 607 133 27
0 73 953 79 33
0 73 545 90 26
0 73 279 807 27
0 73 218 101 27
0 293 30 201 80
0 518 30 215 80
0 664 697 191 68
0 664 607 405 27
0 665 647 378 27
0 666 545 102 33
0 1257 697 196 68
0 1257 607 323 27
0 1258 647 366 27
0 1259 545 76 33
0 1264 1065 201 68
0 1266 1014 737 27
0 1267 953 119 26
0 1849 697 197 68
0 1849 545 100 27
0 1850 647 270 21
0 1850 607 441 27
