0 61 30 191 80
0 71 1065 208 68
0 71 934 200 27
0 71 657 198 68
0 71 330 212 68
0 71 279 690 27
0 71 218 101 33
0 72 1020 46 21
0 72 974 450 27
0 72 607 825 27
0 73 873 91 33
0 73 545 100 33
0 276 30 206 80
0 506 30 224 80
0 664 1025 211 68
0 664 974 341 27
0 665 934 397 27
0 665 872 70 34
0 754 30 206 80
0 984 30 198 80
0 1256 873 95 26
0 1257 1025 196 68
0 1257 974 188 27
0 1257 934 552 27
0 1264 657 192 68
0 1265 607 735 27
0 1265 545 88 33
0 1849 1025 214 68
0 1849 974 283 27
0 1850 934 388 27
0 1850 872 89 29
