0 61 30 193 80
0 71 1025 183 68
0 71 974 85 21
0 71 657 207 68
0 71 330 203 68
0 71 218 105 33
0 72 934 552 27
0 72 279 705 27
0 73 873 93 33
0 73 607 747 27
0 73 545 108 26
0 278 30 194 80
0 496 30 206 80
0 664 1025 198 68
0 664 974 425 27
0 664 873 100 33
0 665 934 314 27
0 1257 1025 189 68
0 1257 974 430 27
0 1257 934 278 27
0 1258 872 92 34
0 1264 657 210 68
0 1265 607 713 27
0 1267 545 73 26
0 1849 1025 175 68
0 1849 974 279 21
0 1849 873 103 33
0 1850 934 463 27
