0 61 30 188 80
0 71 1025 186 68
0 71 697 163 68
0 71 607 418 27
0 71 330 212 68
0 71 279 746 27
0 72 974 696 27
0 72 544 104 28
0 73 913 97 26
0 73 647 301 27
0 73 218 99 26
0 273 30 208 80
0 505 30 203 80
0 664 697 206 68
0 664 607 353 27
0 665 647 354 27
0 666 545 92 33
0 732 30 218 80
0 1257 697 214 68
0 1257 647 349 27
0 1258 607 380 27
0 1259 545 103 33
0 1264 330 186 68
0 1266 279 750 27
0 1267 218 93 33
0 1849 697 203 68
0 1850 607 454 27
0 1851 647 273 27
0 1852 545 105 26
