0 61 30 182 80
0 71 1025 226 68
0 71 657 195 68
0 71 607 775 27
0 71 545 94 33
0 71 330 187 68
0 72 974 302 27
0 72 934 425 27
0 73 873 88 26
0 73 279 745 27
0 73 218 91 26
0 267 30 204 80
0 495 30 220 80
0 664 1025 207 68
0 664 873 106 33
0 665 974 319 27
0 665 934 375 27
0 739 30 210 80
0 973 30 179 80
0 1257 1025 196 68
0 1257 974 375 27
0 1258 934 318 27
0 1259 873 99 33
0 1264 657 194 68
0 1264 545 71 26
0 1266 607 748 27
0 1849 1025 192 68
0 1849 873 109 33
0 1850 974 324 27
0 1850 934 402 27
