0 61 30 193 80
0 71 1025 178 68
0 71 974 358 27
0 71 873 96 33
0 71 657 199 68
0 71 545 91 26
0 71 330 161 68
0 72 934 335 27
0 72 607 745 27
0 72 279 724 27
0 73 218 83 33
0 278 30 201 80
0 503 30 224 80
0 664 1025 217 68
0 664 934 466 27
0 665 974 329 27
0 665 872 103 34
0 669 880 23 10
0 751 30 212 80
0 987 30 212 80
0 1257 1025 206 68
0 1257 974 298 27
0 1257 934 448 27
0 1258 872 78 34
0 1264 657 185 68
0 1264 545 111 33
0 1266 607 802 27
0 1849 1025 202 68
0 1849 974 409 27
0 1849 873 91 33
0 1851 934 304 27
