0 61 30 199 80
0 71 1025 201 68
0 71 974 323 27
0 71 657 203 68
0 71 607 825 27
0 71 545 109 33
0 71 330 193 68
0 72 934 438 27
0 72 279 769 27
0 73 873 113 26
0 73 218 101 33
0 284 30 187 80
0 495 30 202 80
0 664 1025 192 68
0 664 974 371 27
0 664 934 397 27
0 666 873 96 27
0 721 30 213 80
0 958 30 184 80
0 1257 1025 192 68
0 1257 934 416 27
0 1257 872 82 34
0 1258 974 318 27
0 1264 657 199 68
0 1265 607 758 27
0 1267 545 90 26
0 1849 1025 212 68
0 1849 873 86 26
0 1850 974 200 21
0 1850 934 478 27
