0 61 30 180 80
0 71 1065 198 68
0 71 953 97 26
0 71 737 193 68
0 71 370 192 68
0 71 279 406 27
0 72 687 689 27
0 72 624 77 34
0 72 319 359 27
0 73 1014 719 27
0 73 218 120 27
0 265 30 198 80
0 487 30 226 80
0 664 410 206 68
0 664 359 147 27
0 664 319 363 27
0 664 279 219 27
0 666 218 91 33
0 1256 218 97 33
0 1257 370 208 68
0 1257 319 288 27
0 1258 279 456 27
0 1264 1065 185 68
0 1266 1014 708 27
0 1267 953 101 33
0 1849 370 207 68
0 1850 279 459 27
0 1851 319 280 27
0 1852 218 65 33
