0 61 30 178 80
0 71 1065 198 68
0 71 697 213 68
0 71 585 98 27
0 71 370 162 68
0 72 974 423 27
0 72 647 739 27
0 72 319 327 27
0 72 279 419 27
0 73 1014 321 27
0 73 913 91 27
0 73 218 103 26
0 263 30 195 80
0 482 30 192 80
0 664 1065 195 68
0 664 1014 395 27
0 664 370 203 68
0 664 319 276 27
0 664 279 447 27
0 665 974 382 27
0 665 912 105 29
0 666 218 103 33
0 698 30 205 80
0 1256 218 93 26
0 1257 1065 198 68
0 1257 1014 412 27
0 1257 974 305 27
0 1257 370 182 68
0 1257 279 410 27
0 1258 319 336 27
0 1259 913 109 27
0 1264 697 194 68
0 1265 647 729 27
0 1267 585 90 26
0 1849 1065 175 68
0 1849 370 206 68
0 1850 1014 297 27
0 1850 319 297 27
0 1851 974 425 27
0 1851 279 422 27
0 1851 218 98 33
0 1852 913 109 33
