0 61 30 186 80
0 71 1065 195 68
0 71 953 93 33
0 71 697 188 68
0 71 545 101 33
0 71 330 183 68
0 72 1014 768 27
0 72 607 353 27
0 72 279 708 27
0 73 647 389 27
0 73 218 103 33
0 271 30 204 80
0 499 30 197 80
0 664 697 206 68
0 664 647 254 27
0 665 607 413 27
0 666 545 82 26
0 720 30 206 80
0 1256 545 90 26
0 1257 737 184 68
0 1257 647 359 27
0 1257 607 151 27
0 1258 687 232 27
0 1264 330 193 68
0 1264 218 98 26
0 1266 279 747 27
0 1849 697 195 68
0 1849 545 124 26
0 1850 607 472 27
0 1851 647 282 27
