0 61 30 181 80
0 71 1025 203 68
0 71 974 361 27
0 71 873 91 27
0 71 657 212 68
0 71 607 705 27
0 71 330 216 68
0 72 279 727 27
0 73 934 386 27
0 73 545 98 27
0 73 218 111 33
0 266 30 206 80
0 496 30 198 80
0 664 1025 193 68
0 664 974 268 27
0 664 873 104 26
0 665 934 437 27
0 718 30 209 80
0 1256 974 314 27
0 1257 1025 183 68
0 1257 934 408 27
0 1259 873 93 33
0 1264 330 193 68
0 1265 279 771 27
0 1267 218 102 26
0 1849 1065 193 68
0 1849 873 123 27
0 1850 1014 73 27
0 1851 974 522 27
0 1851 934 79 21
