0 61 30 214 80
0 71 1025 216 68
0 71 657 195 68
0 71 545 92 33
0 71 330 201 68
0 71 218 92 33
0 72 934 436 27
0 72 873 91 27
0 72 607 813 27
0 73 974 310 27
0 73 279 713 27
0 299 30 195 80
0 518 30 230 80
0 664 1025 203 68
0 664 974 380 27
0 664 934 339 27
0 666 873 92 33
0 772 30 206 80
0 1002 30 198 80
0 1256 873 113 26
0 1257 1025 195 68
0 1258 974 220 27
0 1258 934 464 27
0 1264 657 167 68
0 1266 607 790 27
0 1267 545 92 26
0 1849 1025 181 68
0 1849 974 330 27
0 1849 934 409 27
0 1850 873 97 33
