0 61 30 174 80
0 71 1065 199 68
0 71 697 244 68
0 71 647 356 27
0 71 607 312 27
0 71 545 99 26
0 71 330 212 68
0 71 279 779 27
0 71 218 107 26
0 73 1014 764 27
0 73 953 95 33
0 259 30 180 80
0 463 30 202 80
0 663 545 91 26
0 664 697 204 68
0 665 647 262 27
0 665 607 473 27
0 689 30 177 80
0 1257 697 186 68
0 1257 647 359 27
0 1258 607 371 27
0 1259 545 81 33
0 1264 330 175 68
0 1265 279 725 27
0 1266 217 94 34
0 1849 737 204 68
0 1849 607 277 27
0 1850 687 229 27
0 1851 653 247 21
0 1852 545 88 26
