0 61 30 235 80
0 71 1025 214 68
0 71 697 181 68
0 71 545 100 33
0 71 330 188 68
0 72 912 71 34
0 72 647 304 27
0 72 279 764 27
0 72 217 99 34
0 73 974 708 27
0 73 607 444 27
0 76 920 24 10
0 320 30 218 80
0 562 30 198 80
0 664 697 191 68
0 664 647 321 27
0 664 607 368 27
0 664 545 96 26
0 784 30 200 80
0 1257 697 185 68
0 1257 647 236 27
0 1257 607 455 27
0 1259 545 92 33
0 1264 1025 185 68
0 1265 974 744 27
0 1267 913 112 27
0 1849 697 179 68
0 1850 607 179 21
0 1851 647 549 27
0 1852 545 96 26
