0 61 30 213 80
0 71 1025 177 68
0 71 974 702 27
0 71 913 97 27
0 71 697 212 68
0 71 370 186 68
0 71 279 476 27
0 72 647 816 27
0 72 319 286 27
0 73 585 103 33
0 73 218 99 33
0 298 30 217 80
0 539 30 196 80
0 664 370 180 68
0 665 319 336 27
0 665 279 424 27
0 666 218 113 33
0 759 30 194 80
0 1257 370 210 68
0 1258 319 271 27
0 1258 279 442 27
0 1259 218 100 33
0 1264 1025 199 68
0 1265 974 751 27
0 1267 913 101 33
0 1849 370 207 68
0 1850 218 103 26
0 1851 319 468 27
0 1851 279 294 27
