0 61 30 220 80
0 71 1025 188 68
0 71 697 210 68
0 71 607 412 27
0 71 330 204 68
0 72 974 739 27
0 72 647 293 27
0 72 279 753 27
0 72 217 93 34
0 73 913 100 33
0 73 545 82 33
0 305 30 207 80
0 536 30 199 80
0 664 697 206 68
0 664 647 359 27
0 665 607 404 27
0 666 545 95 33
0 759 30 210 80
0 993 30 218 80
0 1256 545 105 33
0 1257 697 192 68
0 1257 647 261 27
0 1258 607 462 27
0 1264 330 187 68
0 1266 279 802 27
0 1267 218 123 26
0 1849 697 208 68
0 1850 607 360 27
0 1851 647 338 27
0 1852 545 85 33
