0 61 30 209 80
0 71 1025 182 68
0 71 974 312 27
0 71 657 204 68
0 71 330 195 68
0 71 279 754 27
0 71 218 92 33
0 72 607 777 27
0 73 934 419 27
0 73 873 108 33
0 73 545 103 33
0 294 30 211 80
0 529 30 204 80
0 664 1025 206 68
0 664 974 294 27
0 664 934 423 27
0 665 872 92 28
0 669 880 24 10
0 757 30 193 80
0 1257 1025 212 68
0 1257 974 359 27
0 1257 934 357 27
0 1259 873 115 26
0 1264 657 190 68
0 1264 545 98 33
0 1265 607 732 27
0 1849 1025 198 68
0 1849 934 385 27
0 1851 974 375 27
0 1852 873 103 26
