0 61 30 183 80
0 71 1065 200 68
0 71 1014 717 27
0 71 737 195 68
0 71 647 544 27
0 71 607 66 21
0 71 330 177 68
0 72 687 85 27
0 72 544 107 34
0 72 279 748 27
0 73 953 102 33
0 73 218 109 33
0 268 30 192 80
0 664 697 202 68
0 665 647 311 27
0 665 607 382 27
0 666 545 70 33
0 1257 697 214 68
0 1257 607 470 27
0 1258 647 233 27
0 1259 545 105 33
0 1264 1065 196 68
0 1266 1014 713 27
0 1266 952 84 29
0 1849 697 189 68
0 1850 607 409 27
0 1851 647 408 27
0 1852 545 102 33
