0 61 30 205 80
0 71 1065 202 68
0 71 1014 54 27
0 71 873 96 33
0 71 657 194 68
0 71 607 753 27
0 71 545 91 33
0 71 330 182 68
0 71 279 685 27
0 72 974 425 27
0 72 934 309 27
0 73 218 118 26
0 290 30 209 80
0 523 30 215 80
0 663 873 96 33
0 664 1025 199 68
0 665 974 313 27
0 665 934 401 27
0 762 30 214 80
0 1256 873 91 33
0 1257 1025 198 68
0 1257 974 388 27
0 1258 934 404 27
0 1264 657 186 68
0 1265 607 757 27
0 1267 545 93 33
0 1849 1025 205 68
0 1850 934 370 27
0 1851 974 396 27
0 1852 873 87 33
