0 61 30 190 80
0 71 1025 213 68
0 71 697 216 68
0 71 647 322 27
0 71 330 188 68
0 71 218 86 26
0 72 607 387 27
0 73 974 752 27
0 73 913 104 33
0 73 545 87 26
0 73 279 748 27
0 275 30 209 80
0 508 30 209 80
0 664 697 203 68
0 665 647 217 27
0 665 607 551 27
0 665 544 104 34
0 741 30 203 80
0 968 30 199 80
0 1256 647 202 27
0 1257 697 191 68
0 1258 607 478 27
0 1259 545 92 26
0 1264 1025 185 68
0 1265 974 774 27
0 1267 913 100 33
0 1849 697 208 68
0 1849 647 234 27
0 1850 607 467 27
0 1851 545 86 27
