0 61 30 216 80
0 71 1025 206 68
0 71 657 174 68
0 71 330 170 68
0 72 872 97 29
0 72 607 759 27
0 72 279 746 27
0 73 974 247 27
0 73 934 484 27
0 73 545 98 33
0 73 218 88 33
0 301 30 196 80
0 664 1025 211 68
0 664 974 336 27
0 665 934 434 27
0 665 872 90 34
0 669 881 23 9
0 1257 1065 197 68
0 1257 872 84 28
0 1258 1014 205 27
0 1258 974 306 27
0 1258 934 241 27
0 1264 657 219 68
0 1265 607 711 27
0 1266 544 104 34
0 1270 552 23 10
0 1849 1025 195 68
0 1850 872 125 34
0 1851 974 549 27
0 1851 934 170 27
0 1855 880 23 10
