0 61 30 198 80
0 70 1054 269 27
0 71 1105 193 68
0 71 953 92 26
0 71 737 198 68
0 71 687 237 27
0 71 647 469 27
0 71 585 102 26
0 71 370 177 68
0 72 1014 460 27
0 72 319 331 27
0 72 279 352 27
0 72 217 100 28
0 283 30 210 80
0 517 30 226 80
0 664 1105 191 68
0 664 1014 457 27
0 664 737 205 68
0 664 687 465 27
0 664 647 253 27
0 664 585 94 27
0 664 370 193 68
0 664 218 112 26
0 665 1054 281 27
0 665 319 366 27
0 665 279 346 27
0 666 953 78 26
0 1257 1105 191 68
0 1257 1054 261 27
0 1257 1014 458 27
0 1257 737 187 68
0 1257 370 200 68
0 1257 319 256 27
0 1258 687 364 27
0 1258 647 393 27
0 1258 279 456 27
0 1258 217 97 34
0 1259 953 104 26
0 1259 585 95 33
0 1849 1105 170 68
0 1849 1054 464 27
0 1849 737 196 68
0 1849 647 336 27
0 1849 370 200 68
0 1851 1014 297 27
0 1851 953 82 27
0 1851 687 421 27
0 1851 319 346 27
0 1851 279 367 27
0 1852 585 84 33
0 1852 218 107 33
