0 61 30 203 80
0 71 1025 214 68
0 71 974 320 27
0 71 934 453 27
0 71 657 169 68
0 71 607 738 27
0 71 545 92 33
0 71 330 203 68
0 71 218 102 33
0 72 873 90 26
0 73 279 796 27
0 288 30 202 80
0 514 30 187 80
0 663 873 96 26
0 664 1065 203 68
0 664 974 323 27
0 664 934 218 27
0 665 1014 185 27
0 725 30 190 80
0 1257 1025 181 68
0 1257 974 248 27
0 1257 934 458 27
0 1258 872 107 34
0 1262 880 23 10
0 1264 330 188 68
0 1264 218 88 33
0 1266 279 747 27
0 1849 1065 194 68
0 1849 934 157 27
0 1850 974 437 27
0 1851 1014 167 27
0 1852 873 123 33
