0 61 30 206 80
0 71 1025 202 68
0 71 657 200 68
0 71 330 190 68
0 72 974 412 27
0 72 934 285 27
0 72 607 736 27
0 72 544 92 34
0 72 279 679 27
0 72 218 82 26
0 73 873 120 33
0 291 30 206 80
0 521 30 207 80
0 664 1025 210 68
0 664 934 427 27
0 664 873 86 26
0 665 974 327 27
0 752 30 213 80
0 1257 1025 198 68
0 1257 974 274 27
0 1257 934 468 27
0 1259 873 102 26
0 1264 657 191 68
0 1265 607 726 27
0 1266 544 83 28
0 1270 552 23 10
0 1849 1025 182 68
0 1849 974 275 27
0 1850 934 398 27
0 1850 872 112 28
