0 61 30 221 80
0 71 1105 172 68
0 71 697 169 68
0 71 647 769 27
0 71 585 93 33
0 71 370 171 68
0 71 319 372 27
0 71 218 95 33
0 72 1054 79 21
0 72 1014 535 27
0 72 974 133 21
0 72 912 108 29
0 72 279 373 27
0 306 30 212 80
0 542 30 202 80
0 663 218 91 33
0 664 1065 201 68
0 664 974 456 27
0 664 370 187 68
0 664 279 448 27
0 665 1014 279 27
0 665 912 103 28
0 665 319 248 27
0 768 30 219 80
0 1011 30 210 80
0 1257 1065 184 68
0 1257 1014 262 27
0 1257 370 188 68
0 1257 319 434 27
0 1257 279 274 27
0 1258 974 428 27
0 1258 912 94 34
0 1258 217 105 29
0 1849 1105 195 68
0 1849 1054 88 27
0 1849 370 182 68
0 1850 1014 394 27
0 1850 218 87 26
0 1851 974 245 27
0 1851 912 94 34
0 1851 319 238 27
0 1851 279 477 27
