0 61 30 203 80
0 71 1065 189 68
0 71 737 204 68
0 71 370 201 68
0 72 1014 735 27
0 72 687 717 27
0 72 319 345 27
0 72 279 355 27
0 73 953 104 33
0 73 625 85 33
0 73 218 102 33
0 288 30 202 80
0 514 30 214 80
0 664 370 191 68
0 664 319 350 27
0 664 279 386 27
0 665 217 116 28
0 1257 370 206 68
0 1257 319 233 27
0 1258 279 458 27
0 1259 218 112 33
0 1264 737 210 68
0 1264 625 94 33
0 1265 687 715 27
0 1849 410 204 68
0 1850 359 105 27
0 1850 319 448 27
0 1851 279 210 27
0 1852 218 78 33
