0 61 30 208 80
0 71 1025 205 68
0 71 657 204 68
0 71 545 112 33
0 71 330 182 68
0 72 974 489 27
0 72 934 298 27
0 72 607 757 27
0 72 279 793 27
0 73 873 92 26
0 73 218 93 33
0 293 30 190 80
0 507 30 245 80
0 664 1025 203 68
0 664 974 478 27
0 664 934 267 27
0 666 873 95 26
0 776 30 214 80
0 1257 1025 190 68
0 1257 974 398 21
0 1257 934 289 27
0 1258 872 79 34
0 1264 657 213 68
0 1265 607 733 27
0 1267 545 87 26
0 1849 1025 207 68
0 1850 974 249 27
0 1850 872 93 29
0 1851 934 477 27
