0 61 30 219 80
0 71 1065 187 68
0 71 737 171 68
0 71 647 315 27
0 71 370 207 68
0 72 1014 771 27
0 72 952 91 34
0 72 319 340 27
0 72 279 399 27
0 72 217 108 28
0 73 687 429 27
0 73 585 94 33
0 304 30 195 80
0 523 30 204 80
0 664 737 201 68
0 664 687 301 27
0 664 370 189 68
0 664 319 306 27
0 664 279 411 27
0 665 647 446 27
0 666 585 94 26
0 666 218 101 26
0 1256 585 87 33
0 1256 218 75 26
0 1257 737 196 68
0 1257 687 298 27
0 1257 370 179 68
0 1257 319 274 21
0 1257 279 450 27
0 1258 647 458 27
0 1264 1065 187 68
0 1265 1014 725 27
0 1267 953 117 26
0 1849 737 181 68
0 1849 585 100 26
0 1849 370 202 68
0 1849 319 424 27
0 1849 218 95 33
0 1850 647 452 27
0 1850 279 338 27
0 1851 687 340 27
