0 61 30 184 80
0 71 1065 214 68
0 71 1014 724 27
0 71 697 191 68
0 71 545 103 33
0 71 330 180 68
0 72 647 350 21
0 72 607 369 27
0 72 279 772 27
0 72 218 93 26
0 73 953 118 33
0 269 30 196 80
0 664 737 198 68
0 664 687 78 27
0 664 647 417 27
0 664 545 82 33
0 665 607 257 27
0 1257 737 209 68
0 1257 687 245 27
0 1257 607 156 27
0 1258 647 322 27
0 1258 544 108 34
0 1264 330 217 68
0 1265 279 739 27
0 1267 218 110 33
0 1849 697 185 68
0 1850 647 296 27
0 1850 607 405 27
0 1850 545 95 33
