0 61 30 176 80
0 71 1065 204 68
0 71 953 85 27
0 71 737 195 68
0 71 370 218 68
0 71 218 94 33
0 72 1014 728 27
0 72 687 737 27
0 72 624 98 34
0 72 279 401 27
0 73 319 341 27
0 261 30 204 80
0 489 30 199 80
0 664 370 164 68
0 664 319 246 27
0 664 279 470 27
0 666 218 81 33
0 712 30 220 80
0 1257 410 203 68
0 1257 359 212 27
0 1257 319 260 27
0 1257 279 292 27
0 1257 217 102 28
0 1264 737 205 68
0 1265 687 745 27
0 1267 625 98 26
0 1849 410 190 68
0 1850 365 58 21
0 1850 319 422 27
0 1851 279 291 27
0 1852 218 75 33
