0 61 30 222 80
0 70 607 453 27
0 71 1025 158 68
0 71 913 81 33
0 71 697 206 68
0 71 647 292 27
0 71 330 176 68
0 71 218 80 33
0 73 974 679 27
0 73 545 91 33
0 73 279 740 27
0 307 30 233 80
0 564 30 196 80
0 664 697 197 68
0 664 607 436 27
0 665 647 203 27
0 666 545 76 33
0 784 30 197 80
0 1005 30 214 80
0 1256 607 403 27
0 1257 697 192 68
0 1257 647 344 27
0 1258 544 101 28
0 1264 1025 184 68
0 1264 913 73 33
0 1266 974 756 27
0 1849 697 196 68
0 1850 647 317 27
0 1851 607 438 27
0 1852 545 87 33
