0 61 30 204 80
0 71 1025 187 68
0 71 697 187 68
0 71 370 191 68
0 71 218 86 33
0 72 974 766 27
0 72 912 86 28
0 72 647 761 27
0 72 584 88 34
0 72 319 479 27
0 72 279 294 27
0 76 593 23 9
0 289 30 189 80
0 502 30 182 80
0 664 370 206 68
0 664 218 107 33
0 665 319 280 27
0 665 279 430 27
0 1257 370 190 68
0 1257 319 310 27
0 1258 279 403 27
0 1258 217 110 34
0 1264 697 178 68
0 1264 585 104 33
0 1265 647 742 27
0 1849 370 203 68
0 1851 319 378 27
0 1851 279 353 27
0 1851 218 80 27
