0 61 30 206 80
0 71 1025 195 68
0 71 873 102 27
0 71 657 204 68
0 71 545 102 33
0 71 330 194 68
0 72 974 317 27
0 72 934 431 27
0 72 607 825 27
0 72 279 775 27
0 73 218 125 33
0 291 30 187 80
0 502 30 198 80
0 664 1025 213 68
0 664 974 265 27
0 664 934 442 27
0 665 872 104 28
0 1257 1025 206 68
0 1257 974 96 27
0 1258 934 551 27
0 1258 872 105 34
0 1264 657 193 68
0 1265 607 737 27
0 1266 544 96 34
0 1849 1025 207 68
0 1849 873 100 27
0 1850 974 264 27
0 1850 934 437 27
