0 61 30 207 80
0 71 1025 200 68
0 71 697 204 68
0 71 545 84 33
0 71 330 187 68
0 72 974 719 27
0 72 912 94 34
0 72 647 372 27
0 72 607 386 27
0 72 279 667 27
0 73 218 114 33
0 292 30 208 80
0 524 30 211 80
0 664 697 205 68
0 665 647 404 27
0 665 607 381 27
0 666 545 104 33
0 759 30 194 80
0 1257 697 178 68
0 1257 607 377 27
0 1258 647 392 27
0 1259 545 80 26
0 1264 1025 199 68
0 1266 974 749 27
0 1266 912 105 28
0 1849 697 203 68
0 1850 607 388 27
0 1851 647 380 27
0 1852 545 82 33
