0 61 30 204 80
0 71 1025 211 68
0 71 974 328 27
0 71 657 216 68
0 71 330 191 68
0 71 279 796 27
0 71 218 103 33
0 72 934 402 27
0 73 873 95 33
0 73 607 742 27
0 73 545 91 26
0 289 30 228 80
0 541 30 183 80
0 664 1025 176 68
0 664 974 237 27
0 664 934 474 27
0 666 873 105 33
0 748 30 202 80
0 1257 1025 188 68
0 1257 974 333 27
0 1257 934 377 27
0 1259 873 98 33
0 1264 330 201 68
0 1265 218 105 26
0 1266 279 737 27
0 1849 1025 207 68
0 1849 934 395 27
0 1849 873 98 33
0 1850 974 306 27
