0 61 30 207 80
0 70 607 710 27
0 71 1065 193 68
0 71 974 391 27
0 71 934 313 27
0 71 657 202 68
0 71 330 208 68
0 71 279 688 27
0 71 218 79 26
0 72 1014 89 27
0 73 873 80 26
0 73 545 83 33
0 292 30 176 80
0 492 30 215 80
0 664 1025 197 68
0 664 974 335 27
0 665 934 449 27
0 665 872 111 34
0 669 881 23 9
0 1257 1025 172 68
0 1257 974 253 27
0 1258 934 440 27
0 1259 873 85 26
0 1264 330 196 68
0 1265 279 746 27
0 1267 218 76 33
0 1849 1025 195 68
0 1850 934 393 27
0 1851 974 359 27
0 1852 873 65 33
