0 61 30 194 80
0 71 1065 196 68
0 71 953 104 33
0 71 737 178 68
0 71 370 199 68
0 72 1014 771 27
0 72 687 740 27
0 72 279 463 27
0 72 218 102 26
0 73 625 109 27
0 73 319 285 27
0 279 30 192 80
0 495 30 203 80
0 664 370 175 68
0 664 279 423 27
0 665 319 379 27
0 665 217 107 34
0 669 225 23 10
0 722 30 203 80
0 949 30 204 80
0 1256 218 95 33
0 1257 410 182 68
0 1257 279 185 27
0 1258 359 101 27
0 1258 319 443 27
0 1264 1065 185 68
0 1265 1014 787 27
0 1267 953 102 26
0 1849 370 175 68
0 1850 319 279 27
0 1850 279 440 27
0 1852 218 115 33
