0 61 30 197 80
0 71 1025 183 68
0 71 657 188 68
0 71 330 151 68
0 72 974 410 27
0 72 934 416 27
0 72 872 98 34
0 72 607 721 27
0 72 544 90 34
0 72 279 731 27
0 72 217 84 28
0 76 880 23 10
0 282 30 191 80
0 664 1025 188 68
0 664 974 311 27
0 665 934 408 27
0 665 872 92 34
0 1256 873 103 26
0 1257 1025 178 68
0 1257 974 373 27
0 1257 934 352 27
0 1264 657 203 68
0 1266 607 704 27
0 1266 544 86 34
0 1270 554 24 8
0 1849 1065 178 68
0 1849 974 362 27
0 1849 873 113 26
0 1850 934 171 27
0 1851 1014 170 27
