0 61 30 203 80
0 70 607 750 27
0 71 1025 185 68
0 71 657 206 68
0 71 330 186 68
0 71 279 773 27
0 72 934 275 27
0 72 872 112 28
0 72 544 103 28
0 73 974 446 27
0 73 218 88 33
0 76 880 24 10
0 288 30 183 80
0 495 30 220 80
0 664 1025 193 68
0 664 974 362 27
0 665 934 394 27
0 666 873 89 33
0 739 30 203 80
0 966 30 175 80
0 1256 934 460 27
0 1256 873 89 26
0 1257 1025 218 68
0 1258 974 263 27
0 1264 330 226 68
0 1264 218 103 26
0 1265 279 759 27
0 1849 1025 204 68
0 1850 974 258 27
0 1850 934 480 27
0 1850 872 98 28
