0 61 30 196 80
0 71 777 185 68
0 71 625 91 33
0 71 370 199 68
0 72 727 209 27
0 72 279 473 27
0 73 687 468 27
0 73 319 217 27
0 73 218 89 33
0 281 30 206 80
0 664 777 170 68
0 664 727 283 27
0 664 687 438 27
0 664 370 190 68
0 664 319 274 27
0 664 279 447 27
0 665 217 130 34
0 666 625 91 33
0 1256 625 98 33
0 1257 777 176 68
0 1257 727 348 27
0 1257 687 403 27
0 1257 410 196 68
0 1257 359 62 21
0 1257 279 260 27
0 1257 217 92 28
0 1258 319 435 27
0 1849 777 188 68
0 1849 410 207 68
0 1850 687 467 27
0 1850 279 237 21
0 1851 727 239 27
0 1851 359 36 21
0 1851 319 452 27
0 1852 625 97 33
0 1852 218 101 33
