0 61 30 203 80
0 71 1025 199 68
0 71 974 263 27
0 71 873 91 33
0 71 657 197 68
0 71 330 190 68
0 72 279 732 27
0 73 934 450 27
0 73 607 800 27
0 73 545 105 33
0 73 218 105 33
0 288 30 199 80
0 511 30 204 80
0 664 1025 172 68
0 664 974 322 27
0 664 873 99 26
0 665 934 421 27
0 1257 1025 207 68
0 1257 974 311 27
0 1257 934 453 27
0 1259 873 103 33
0 1264 330 207 68
0 1264 218 94 33
0 1266 279 814 27
0 1849 1025 209 68
0 1849 974 351 27
0 1851 934 382 27
0 1852 873 88 27
