0 61 30 198 80
0 70 607 464 27
0 71 1025 185 68
0 71 913 104 26
0 71 697 189 68
0 71 647 241 27
0 71 330 199 68
0 72 974 795 27
0 72 279 768 27
0 73 545 89 33
0 73 218 68 26
0 283 30 202 80
0 509 30 181 80
0 664 697 206 68
0 664 607 375 27
0 665 647 347 27
0 666 545 102 33
0 714 30 199 80
0 1257 697 191 68
0 1257 647 387 27
0 1258 607 361 27
0 1259 545 79 33
0 1264 330 184 68
0 1264 218 95 26
0 1265 279 704 27
0 1849 697 184 68
0 1849 545 81 26
0 1850 607 362 27
0 1851 647 385 27
