0 61 30 202 80
0 71 1025 204 68
0 71 657 161 68
0 71 330 200 68
0 71 279 755 27
0 72 974 272 27
0 72 934 451 27
0 72 544 104 34
0 73 873 92 26
0 73 607 704 27
0 73 218 84 26
0 287 30 205 80
0 516 30 216 80
0 664 1025 193 68
0 665 974 272 27
0 665 934 434 27
0 665 872 104 28
0 756 30 209 80
0 1257 1025 184 68
0 1257 934 438 27
0 1258 974 243 27
0 1259 873 96 33
0 1264 330 206 68
0 1266 279 760 27
0 1266 217 101 29
0 1849 1025 217 68
0 1849 974 300 27
0 1850 934 430 27
0 1852 873 60 26
