0 61 30 193 80
0 71 1065 194 68
0 71 1014 800 27
0 71 737 180 68
0 71 687 811 27
0 71 370 215 68
0 72 953 88 26
0 72 319 271 27
0 73 625 85 26
0 73 279 392 27
0 73 218 108 26
0 278 30 203 80
0 505 30 230 80
0 664 370 204 68
0 664 319 477 27
0 664 279 264 27
0 666 218 109 33
0 759 30 183 80
0 966 30 212 80
0 1256 279 354 27
0 1257 370 212 68
0 1257 218 104 33
0 1258 319 400 27
0 1264 1065 191 68
0 1266 1014 751 27
0 1267 953 106 33
0 1849 410 187 68
0 1849 359 151 27
0 1850 279 113 21
0 1851 319 472 27
0 1852 218 93 33
