0 61 30 194 80
0 71 1025 188 68
0 71 697 196 68
0 71 330 197 68
0 72 647 261 27
0 72 607 461 27
0 72 544 110 34
0 72 279 779 27
0 73 974 766 27
0 73 913 96 33
0 73 218 86 33
0 279 30 214 80
0 517 30 205 80
0 663 607 435 27
0 664 697 194 68
0 664 545 88 33
0 665 647 361 27
0 746 30 186 80
0 1256 647 256 27
0 1256 545 97 26
0 1257 697 188 68
0 1258 607 444 27
0 1264 1025 174 68
0 1264 913 90 26
0 1266 974 751 27
0 1849 697 205 68
0 1849 545 87 27
0 1850 607 369 27
0 1851 647 400 27
