0 61 30 200 80
0 71 1025 196 68
0 71 974 188 27
0 71 657 204 68
0 71 607 767 27
0 71 545 105 26
0 71 330 190 68
0 71 218 98 26
0 73 934 544 27
0 73 873 115 26
0 73 279 751 27
0 285 30 207 80
0 516 30 207 80
0 664 1025 181 68
0 665 974 291 27
0 665 934 457 27
0 666 873 106 33
0 747 30 221 80
0 992 30 187 80
0 1257 1025 197 68
0 1257 974 387 27
0 1257 934 353 27
0 1259 873 76 33
0 1264 657 183 68
0 1265 607 748 27
0 1267 545 89 26
0 1849 1025 199 68
0 1850 974 463 27
0 1851 934 268 27
0 1852 873 97 26
