0 61 30 205 80
0 71 1065 196 68
0 71 737 200 68
0 71 370 197 68
0 71 279 453 27
0 71 218 70 26
0 72 1014 789 27
0 72 319 343 27
0 73 953 115 33
0 73 687 695 27
0 73 625 92 33
0 290 30 222 80
0 663 218 99 26
0 664 410 185 68
0 664 359 153 27
0 664 319 482 27
0 664 279 111 21
0 1257 370 194 68
0 1258 319 260 27
0 1258 279 412 27
0 1259 218 111 27
0 1264 1065 203 68
0 1266 1014 772 27
0 1267 953 79 33
0 1849 370 186 68
0 1849 218 102 33
0 1850 279 443 27
0 1851 319 289 27
