0 61 30 201 80
0 71 1065 169 68
0 71 737 192 68
0 71 370 188 68
0 72 1014 752 27
0 72 952 96 28
0 72 624 72 28
0 72 319 385 27
0 72 279 388 27
0 72 217 106 28
0 73 687 745 27
0 76 632 24 10
0 286 30 197 80
0 664 410 201 68
0 664 319 333 27
0 664 279 260 27
0 665 359 156 27
0 666 218 90 26
0 1256 218 77 33
0 1257 370 210 68
0 1257 319 480 27
0 1257 279 272 27
0 1264 737 206 68
0 1265 687 702 27
0 1265 625 77 33
0 1849 370 208 68
0 1851 319 272 27
0 1851 279 456 27
0 1851 218 105 33
