0 61 30 222 80
0 71 1065 218 68
0 71 953 79 33
0 71 737 185 68
0 71 687 786 27
0 71 370 199 68
0 71 319 291 27
0 71 218 84 26
0 72 1014 798 27
0 72 279 393 27
0 73 625 96 33
0 307 30 189 80
0 664 370 190 68
0 664 319 339 27
0 664 279 449 27
0 665 217 85 34
0 669 225 23 10
0 1256 218 116 26
0 1257 410 180 68
0 1257 279 79 21
0 1258 359 132 27
0 1258 319 486 27
0 1264 1065 201 68
0 1265 1014 713 27
0 1267 953 91 33
0 1849 370 207 68
0 1850 319 311 27
0 1850 279 426 27
0 1852 218 95 33
