0 61 30 201 80
0 71 737 181 68
0 71 647 400 27
0 71 585 91 33
0 71 370 206 68
0 71 319 314 27
0 71 279 428 27
0 72 687 332 27
0 72 218 88 26
0 286 30 216 80
0 526 30 224 80
0 664 737 198 68
0 664 687 479 27
0 664 647 298 27
0 664 370 205 68
0 664 279 442 27
0 664 218 87 26
0 665 319 298 27
0 666 585 101 33
0 774 30 190 80
0 988 30 200 80
0 1257 737 226 68
0 1257 370 170 68
0 1257 279 293 27
0 1258 687 303 27
0 1258 647 413 27
0 1258 319 347 27
0 1259 585 75 33
0 1259 218 110 26
0 1849 737 198 68
0 1849 370 195 68
0 1849 319 314 27
0 1849 218 111 26
0 1850 584 83 34
0 1850 279 417 27
0 1851 687 285 27
0 1851 647 458 27
