0 61 30 186 80
0 71 1025 209 68
0 71 934 438 27
0 71 873 97 33
0 71 657 209 68
0 71 607 753 27
0 71 330 194 68
0 71 218 108 26
0 72 974 265 27
0 72 544 100 34
0 72 279 770 27
0 271 30 199 80
0 494 30 232 80
0 664 1025 193 68
0 664 974 355 27
0 664 934 419 27
0 666 873 104 33
0 750 30 196 80
0 970 30 205 80
0 1257 1025 193 68
0 1257 934 479 27
0 1257 872 97 28
0 1258 974 278 27
0 1264 657 206 68
0 1264 545 91 26
0 1265 607 751 27
0 1849 1025 215 68
0 1850 974 269 27
0 1851 934 470 27
0 1852 873 74 26
