0 61 30 204 80
0 71 1065 201 68
0 71 1014 743 27
0 71 697 216 68
0 71 607 431 27
0 71 330 208 68
0 72 647 346 27
0 72 279 734 27
0 72 217 85 28
0 73 953 103 26
0 73 545 96 26
0 289 30 214 80
0 663 545 97 33
0 664 697 209 68
0 664 647 422 27
0 664 607 293 27
0 1257 737 215 68
0 1257 687 138 27
0 1257 647 460 27
0 1258 607 105 27
0 1259 545 112 27
0 1264 1065 215 68
0 1266 1014 748 27
0 1267 953 87 33
0 1849 737 190 68
0 1850 647 422 27
0 1850 544 87 34
0 1851 687 67 21
0 1851 607 251 27
