0 61 30 192 80
0 71 1025 199 68
0 71 974 399 27
0 71 657 208 68
0 71 607 722 27
0 71 330 202 68
0 71 279 756 27
0 72 934 322 27
0 73 873 80 33
0 73 545 87 33
0 73 218 88 26
0 277 30 199 80
0 500 30 203 80
0 664 1025 203 68
0 664 974 275 27
0 665 934 392 27
0 665 872 115 29
0 727 30 214 80
0 1257 1025 186 68
0 1258 974 377 27
0 1258 934 367 27
0 1258 872 98 34
0 1264 657 185 68
0 1266 607 723 27
0 1266 544 105 28
0 1849 1025 196 68
0 1849 873 88 33
0 1850 934 452 27
0 1851 974 264 27
