0 61 30 192 80
0 71 1065 196 68
0 71 737 189 68
0 71 330 203 68
0 72 1014 710 27
0 72 687 242 27
0 72 647 409 27
0 72 613 102 15
0 73 953 91 33
0 73 545 95 27
0 73 279 722 27
0 73 218 88 33
0 277 30 214 80
0 664 737 202 68
0 664 687 178 27
0 664 545 106 33
0 665 647 375 27
0 665 607 204 27
0 1257 697 182 68
0 1257 647 396 27
0 1257 545 109 27
0 1258 607 348 27
0 1264 1065 185 68
0 1265 1014 690 27
0 1266 952 115 28
0 1849 697 196 68
0 1850 607 263 27
0 1851 647 391 27
0 1852 545 100 26
