0 61 30 168 80
0 71 1025 187 68
0 71 974 284 27
0 71 873 79 26
0 71 657 197 68
0 71 607 748 27
0 71 330 217 68
0 71 218 109 33
0 72 934 417 27
0 72 279 743 27
0 73 545 93 26
0 253 30 222 80
0 499 30 211 80
0 664 1025 201 68
0 664 974 86 21
0 664 934 553 27
0 666 873 84 33
0 734 30 209 80
0 1257 1025 195 68
0 1257 974 314 27
0 1257 934 439 27
0 1258 872 116 34
0 1262 880 23 10
0 1264 657 198 68
0 1265 607 719 27
0 1267 545 113 33
0 1849 1025 198 68
0 1850 974 403 27
0 1851 934 360 27
0 1852 873 82 26
