0 61 30 193 80
0 70 279 697 27
0 71 1025 201 68
0 71 697 189 68
0 71 330 176 68
0 71 218 99 26
0 72 912 106 34
0 72 647 367 27
0 72 544 118 34
0 73 974 766 27
0 73 607 397 27
0 278 30 190 80
0 492 30 188 80
0 664 697 204 68
0 665 647 312 27
0 665 607 455 27
0 666 545 93 33
0 704 30 202 80
0 930 30 224 80
0 1257 697 185 68
0 1257 647 318 27
0 1258 607 431 27
0 1259 545 100 33
0 1264 1025 194 68
0 1265 974 735 27
0 1267 913 103 26
0 1849 697 231 68
0 1849 647 422 27
0 1850 544 111 34
0 1851 607 307 27
