0 61 30 196 80
0 71 1025 183 68
0 71 913 95 33
0 71 697 198 68
0 71 647 378 27
0 71 330 177 68
0 71 279 729 27
0 72 974 674 27
0 72 607 366 27
0 72 217 97 34
0 73 545 104 26
0 281 30 225 80
0 530 30 208 80
0 664 697 218 68
0 664 647 273 27
0 664 607 457 27
0 666 545 102 33
0 762 30 193 80
0 1257 697 191 68
0 1257 647 454 27
0 1257 607 326 27
0 1258 544 87 28
0 1264 330 185 68
0 1264 218 106 33
0 1266 279 728 27
0 1849 697 195 68
0 1849 647 325 27
0 1850 607 423 27
0 1852 545 90 33
