0 61 30 199 80
0 71 1025 216 68
0 71 974 338 27
0 71 934 378 27
0 71 657 205 68
0 71 330 187 68
0 71 279 747 27
0 71 218 115 26
0 72 607 744 27
0 73 873 107 26
0 73 545 98 26
0 284 30 200 80
0 508 30 184 80
0 664 1025 199 68
0 664 974 276 21
0 664 934 469 27
0 666 873 102 33
0 716 30 216 80
0 1257 1025 194 68
0 1257 934 465 27
0 1258 974 275 27
0 1259 873 106 33
0 1264 657 174 68
0 1265 607 754 27
0 1267 545 106 33
0 1849 1025 186 68
0 1851 974 310 21
0 1851 934 468 27
0 1852 873 83 33
