0 61 30 197 80
0 70 279 473 27
0 71 1065 193 68
0 71 737 169 68
0 71 625 115 27
0 71 370 213 68
0 72 1014 769 27
0 72 687 720 27
0 72 319 252 27
0 72 218 80 26
0 73 953 95 26
0 282 30 196 80
0 502 30 206 80
0 664 370 213 68
0 664 319 327 27
0 665 279 421 27
0 666 218 89 33
0 1256 218 114 26
0 1257 370 167 68
0 1257 319 335 27
0 1257 279 447 27
0 1264 737 191 68
0 1264 625 104 33
0 1265 687 753 27
0 1849 410 200 68
0 1849 359 169 27
0 1849 218 81 33
0 1850 279 188 27
0 1851 319 340 27
