0 61 30 188 80
0 71 1065 183 68
0 71 697 185 68
0 71 647 344 27
0 71 330 184 68
0 72 1014 793 27
0 72 607 359 27
0 72 279 720 27
0 73 953 104 33
0 73 545 89 27
0 73 218 82 26
0 273 30 216 80
0 513 30 205 80
0 664 697 202 68
0 664 647 336 27
0 665 607 418 27
0 666 545 91 33
0 742 30 205 80
0 1256 607 352 27
0 1257 697 172 68
0 1257 647 366 27
0 1259 545 111 33
0 1264 1065 208 68
0 1266 1014 706 27
0 1267 953 81 26
0 1849 737 178 68
0 1849 687 238 27
0 1850 613 49 15
0 1851 647 492 27
0 1852 545 86 26
