0 61 30 206 80
0 71 1065 196 68
0 71 934 202 27
0 71 873 95 33
0 71 657 174 68
0 71 607 656 27
0 71 545 97 33
0 71 330 215 68
0 72 974 460 27
0 72 279 756 27
0 72 217 109 34
0 73 1014 53 21
0 291 30 214 80
0 529 30 212 80
0 664 1025 175 68
0 664 974 291 27
0 664 934 461 27
0 665 872 106 34
0 1257 1025 185 68
0 1257 934 314 27
0 1258 974 398 27
0 1259 873 91 33
0 1264 657 204 68
0 1265 607 741 27
0 1266 544 115 28
0 1270 552 23 10
0 1849 1025 218 68
0 1850 872 90 34
0 1851 974 322 27
0 1851 934 418 27
