0 61 30 209 80
0 71 1105 219 68
0 71 737 180 68
0 71 370 205 68
0 71 319 249 27
0 71 279 468 27
0 71 218 82 26
0 72 1014 313 27
0 72 952 108 34
0 72 687 737 27
0 72 624 100 34
0 73 1054 381 27
0 76 632 23 10
0 294 30 199 80
0 663 1014 233 27
0 663 953 102 33
0 664 1145 159 68
0 664 1094 220 27
0 664 370 180 68
0 664 218 101 33
0 665 1054 293 27
0 665 319 323 27
0 665 279 412 27
0 1257 1145 192 68
0 1257 410 190 68
0 1257 365 108 15
0 1257 319 385 27
0 1258 1094 182 27
0 1258 1054 328 27
0 1258 1014 197 27
0 1258 279 202 27
0 1259 953 98 26
0 1259 218 106 26
0 1849 1145 186 68
0 1849 1014 294 27
0 1849 370 171 68
0 1849 218 107 26
0 1850 1094 102 21
0 1850 279 399 27
0 1851 1054 373 27
0 1851 319 342 27
0 1852 953 92 33
