0 61 30 214 80
0 71 1025 182 68
0 71 697 196 68
0 71 370 212 68
0 71 279 466 27
0 72 974 780 27
0 72 647 756 27
0 72 319 280 27
0 73 913 108 26
0 73 585 91 33
0 73 218 99 33
0 299 30 212 80
0 535 30 175 80
0 664 370 197 68
0 664 319 318 27
0 665 279 409 27
0 665 217 88 28
0 734 30 211 80
0 1256 218 108 33
0 1257 370 171 68
0 1257 279 438 27
0 1258 319 289 27
0 1264 697 232 68
0 1265 647 721 27
0 1267 585 91 33
0 1849 370 205 68
0 1851 319 355 27
0 1851 279 427 27
0 1852 218 102 26
