0 61 30 201 80
0 71 1025 186 68
0 71 974 756 27
0 71 697 194 68
0 71 647 747 27
0 71 370 195 68
0 72 218 75 26
0 73 913 110 33
0 73 585 113 33
0 73 319 328 27
0 73 279 456 27
0 286 30 198 80
0 508 30 210 80
0 664 370 179 68
0 664 319 374 27
0 664 279 385 27
0 666 218 69 33
0 742 30 188 80
0 1256 218 93 33
0 1257 370 219 68
0 1257 279 294 27
0 1258 319 445 27
0 1264 697 209 68
0 1264 585 107 33
0 1265 647 720 27
0 1849 370 187 68
0 1850 319 273 27
0 1850 279 463 27
0 1852 218 93 27
