0 61 30 208 80
0 71 1025 179 68
0 71 974 387 27
0 71 934 325 27
0 71 657 192 68
0 71 545 131 26
0 71 330 179 68
0 72 607 723 27
0 73 873 114 26
0 73 279 835 27
0 73 218 103 26
0 293 30 201 80
0 518 30 188 80
0 664 1025 195 68
0 664 974 378 27
0 664 934 412 27
0 664 873 97 33
0 730 30 207 80
0 961 30 222 80
0 1257 1025 189 68
0 1257 974 468 27
0 1257 872 93 28
0 1258 934 262 27
0 1264 657 177 68
0 1265 607 724 27
0 1265 545 85 27
0 1849 1025 196 68
0 1850 974 322 27
0 1851 934 446 27
0 1852 873 89 33
