0 61 30 187 80
0 71 1025 201 68
0 71 974 745 27
0 71 697 213 68
0 71 330 209 68
0 71 218 90 33
0 72 647 300 27
0 72 607 428 27
0 73 913 108 33
0 73 545 82 26
0 73 279 798 27
0 272 30 207 80
0 503 30 211 80
0 664 697 195 68
0 664 647 339 27
0 664 607 454 27
0 665 544 104 29
0 738 30 197 80
0 1257 697 200 68
0 1258 647 264 27
0 1258 607 459 27
0 1259 545 76 26
0 1264 330 208 68
0 1265 279 767 27
0 1267 218 101 33
0 1849 697 192 68
0 1851 647 284 27
0 1851 607 398 27
0 1852 545 87 33
