0 61 30 192 80
0 71 1025 180 68
0 71 913 120 26
0 71 697 184 68
0 71 647 775 27
0 71 585 89 33
0 71 370 178 68
0 71 218 77 26
0 72 974 782 27
0 72 319 279 27
0 72 279 431 27
0 277 30 193 80
0 494 30 199 80
0 664 370 199 68
0 664 279 320 27
0 664 218 98 33
0 665 319 409 27
0 717 30 202 80
0 1257 370 195 68
0 1257 279 318 27
0 1258 319 421 27
0 1259 218 95 26
0 1264 1025 186 68
0 1265 974 735 27
0 1267 913 89 33
0 1849 370 207 68
0 1850 279 409 27
0 1851 319 337 27
0 1852 218 99 33
