0 61 30 204 80
0 70 607 761 27
0 71 1025 190 68
0 71 974 343 27
0 71 657 196 68
0 71 545 110 26
0 71 330 191 68
0 71 218 93 26
0 72 872 98 34
0 72 279 756 27
0 73 934 366 27
0 289 30 197 80
0 510 30 198 80
0 664 1025 191 68
0 664 974 358 27
0 665 934 369 27
0 666 873 101 33
0 732 30 182 80
0 1256 873 110 33
0 1257 1025 171 68
0 1257 974 289 27
0 1258 934 440 27
0 1264 657 197 68
0 1265 607 819 27
0 1267 545 105 27
0 1849 1025 189 68
0 1849 934 478 27
0 1850 974 201 27
0 1852 873 89 33
