0 61 30 210 80
0 71 1025 198 68
0 71 657 205 68
0 71 607 711 27
0 71 330 190 68
0 71 218 106 33
0 72 934 470 27
0 72 872 95 34
0 72 544 82 28
0 72 279 686 27
0 73 974 289 27
0 76 552 24 10
0 295 30 214 80
0 533 30 188 80
0 663 974 250 27
0 664 1025 190 68
0 664 934 436 27
0 664 873 100 26
0 745 30 192 80
0 1256 974 310 27
0 1257 1025 208 68
0 1257 934 456 27
0 1259 873 85 26
0 1264 657 205 68
0 1264 607 715 27
0 1267 545 84 27
0 1849 1025 190 68
0 1850 974 386 27
0 1850 873 102 33
0 1851 934 372 27
