0 61 30 193 80
0 71 1025 202 68
0 71 657 190 68
0 71 330 220 68
0 71 218 95 33
0 72 934 441 27
0 72 872 96 29
0 72 279 780 27
0 73 974 278 27
0 73 607 759 27
0 73 545 111 26
0 278 30 210 80
0 512 30 197 80
0 663 934 405 27
0 663 873 115 33
0 664 1025 161 68
0 664 974 336 27
0 1257 1025 206 68
0 1257 974 173 27
0 1257 873 78 33
0 1258 934 478 27
0 1264 330 177 68
0 1266 279 711 27
0 1267 218 112 26
0 1849 1025 172 68
0 1849 974 336 27
0 1851 934 373 27
0 1852 873 98 26
