0 61 30 189 80
0 71 1025 200 68
0 71 974 268 27
0 71 873 109 33
0 71 657 168 68
0 71 607 713 27
0 71 330 175 68
0 72 934 413 27
0 72 279 727 27
0 73 545 92 26
0 73 218 107 33
0 274 30 186 80
0 484 30 215 80
0 664 1025 198 68
0 664 974 317 27
0 664 934 433 27
0 664 873 104 26
0 723 30 196 80
0 1257 1025 203 68
0 1257 974 254 27
0 1258 934 430 27
0 1259 873 69 33
0 1264 330 220 68
0 1264 218 71 33
0 1266 279 723 27
0 1849 1025 189 68
0 1850 974 350 27
0 1851 934 405 27
0 1852 873 86 33
