0 61 30 213 80
0 71 1025 171 68
0 71 913 112 26
0 71 697 175 68
0 71 647 281 27
0 71 607 460 27
0 71 330 174 68
0 72 974 770 27
0 72 279 769 27
0 73 545 92 33
0 73 218 96 33
0 298 30 209 80
0 531 30 188 80
0 663 545 101 26
0 664 697 175 68
0 664 647 391 27
0 664 607 363 27
0 743 30 226 80
0 993 30 214 80
0 1256 607 447 27
0 1256 545 107 33
0 1257 697 197 68
0 1258 647 247 27
0 1264 330 182 68
0 1265 279 755 27
0 1266 217 107 34
0 1849 697 200 68
0 1850 647 319 27
0 1850 607 424 27
0 1852 545 111 26
