0 61 30 209 80
0 71 1065 220 68
0 71 1014 733 27
0 71 697 191 68
0 71 647 357 27
0 71 330 185 68
0 71 279 786 27
0 72 952 95 29
0 73 607 384 27
0 73 545 89 33
0 73 218 96 33
0 294 30 207 80
0 525 30 203 80
0 664 697 198 68
0 664 647 246 27
0 665 607 473 27
0 666 545 103 33
0 1257 697 210 68
0 1257 607 302 27
0 1258 647 414 27
0 1258 544 98 34
0 1264 1065 202 68
0 1264 1014 702 27
0 1267 953 95 33
0 1849 737 200 68
0 1849 607 54 21
0 1851 693 114 21
0 1851 647 549 27
0 1852 545 117 33
