0 61 30 222 80
0 71 1025 203 68
0 71 913 101 33
0 71 697 188 68
0 71 607 249 27
0 71 545 92 26
0 71 330 191 68
0 71 279 775 27
0 72 974 749 27
0 72 647 441 27
0 73 218 86 27
0 307 30 222 80
0 553 30 193 80
0 664 697 184 68
0 664 647 323 27
0 664 607 422 27
0 666 545 87 33
0 770 30 214 80
0 1257 697 202 68
0 1257 647 338 27
0 1257 607 451 27
0 1259 545 103 27
0 1264 330 196 68
0 1264 218 98 26
0 1265 279 709 27
0 1849 697 194 68
0 1851 647 322 27
0 1851 607 428 27
0 1851 545 95 27
