0 61 30 197 80
0 71 1025 201 68
0 71 913 102 33
0 71 697 194 68
0 71 647 752 27
0 71 370 180 68
0 71 319 276 27
0 72 974 745 27
0 72 584 114 29
0 72 279 427 27
0 73 218 104 33
0 282 30 212 80
0 518 30 190 80
0 664 370 177 68
0 664 319 446 27
0 665 279 289 27
0 666 218 92 33
0 732 30 208 80
0 1256 279 405 27
0 1257 370 224 68
0 1258 319 341 27
0 1258 217 107 34
0 1264 1025 198 68
0 1264 974 706 27
0 1265 913 106 33
0 1849 370 168 68
0 1850 319 304 27
0 1851 279 387 27
0 1852 218 97 33
