0 61 30 181 80
0 71 1025 187 68
0 71 974 786 27
0 71 697 194 68
0 71 330 186 68
0 71 279 757 27
0 72 647 280 27
0 72 607 479 27
0 72 545 96 33
0 73 913 94 33
0 73 218 111 27
0 266 30 197 80
0 487 30 193 80
0 664 697 182 68
0 665 647 291 27
0 665 607 472 27
0 665 544 95 28
0 704 30 192 80
0 920 30 189 80
0 1256 545 102 33
0 1257 697 183 68
0 1257 647 449 27
0 1258 613 316 21
0 1264 330 217 68
0 1264 218 105 26
0 1265 279 767 27
0 1849 697 189 68
0 1849 545 84 26
0 1850 647 550 27
0 1850 607 200 27
