0 61 30 203 80
0 71 1025 176 68
0 71 974 286 27
0 71 657 184 68
0 71 330 181 68
0 71 218 101 26
0 72 934 464 27
0 72 279 778 27
0 73 873 92 26
0 73 607 721 27
0 73 545 105 33
0 288 30 205 80
0 517 30 179 80
0 664 1025 190 68
0 664 974 357 27
0 664 934 387 27
0 666 873 82 33
0 1256 974 449 27
0 1257 1025 186 68
0 1257 934 301 27
0 1258 872 89 28
0 1264 330 197 68
0 1265 279 725 27
0 1267 218 96 26
0 1849 1025 167 68
0 1850 974 466 27
0 1851 934 296 27
0 1852 873 93 33
