0 61 30 201 80
0 71 1025 209 68
0 71 697 204 68
0 71 647 311 27
0 71 545 101 27
0 71 330 188 68
0 71 218 95 33
0 72 913 88 26
0 72 607 450 27
0 72 279 732 27
0 73 974 765 27
0 286 30 198 80
0 508 30 213 80
0 663 545 106 26
0 664 697 197 68
0 664 647 327 27
0 664 607 416 27
0 745 30 220 80
0 989 30 222 80
0 1256 545 107 33
0 1257 697 170 68
0 1257 607 430 27
0 1258 647 230 27
0 1264 330 220 68
0 1264 279 754 27
0 1266 217 87 34
0 1849 697 200 68
0 1849 607 275 27
0 1849 545 96 33
0 1850 647 494 27
