0 61 30 177 80
0 71 1065 174 68
0 71 737 195 68
0 71 410 210 68
0 72 1014 743 27
0 72 687 717 27
0 72 279 230 27
0 73 953 96 33
0 73 625 110 33
0 73 359 138 27
0 73 319 350 27
0 73 218 104 33
0 262 30 196 80
0 482 30 174 80
0 664 410 197 68
0 664 319 396 27
0 665 359 185 21
0 665 279 188 27
0 666 218 90 33
0 680 30 214 80
0 1256 218 92 26
0 1257 370 194 68
0 1257 279 339 27
0 1258 319 424 27
0 1264 1065 211 68
0 1265 1014 728 27
0 1267 953 115 26
0 1849 370 186 68
0 1849 218 91 33
0 1851 319 408 27
0 1851 279 294 27
