0 61 30 184 80
0 71 1025 178 68
0 71 873 89 33
0 71 657 192 68
0 71 607 714 27
0 71 545 91 26
0 71 330 195 68
0 72 974 321 27
0 72 934 436 27
0 73 279 715 27
0 73 218 103 26
0 269 30 220 80
0 513 30 210 80
0 664 1065 194 68
0 664 1014 250 27
0 664 934 52 21
0 665 974 425 27
0 666 873 119 27
0 1256 873 106 26
0 1257 1065 210 68
0 1257 1014 149 27
0 1257 974 388 27
0 1257 934 226 27
0 1264 657 192 68
0 1265 607 730 27
0 1266 544 119 34
0 1849 1025 160 68
0 1850 974 150 27
0 1850 934 550 27
0 1852 873 108 33
