0 61 30 182 80
0 71 1025 198 68
0 71 873 94 27
0 71 657 221 68
0 71 330 164 68
0 71 218 109 33
0 72 974 380 27
0 72 934 339 27
0 72 607 733 27
0 72 279 735 27
0 73 545 111 33
0 267 30 198 80
0 664 1025 192 68
0 664 974 243 27
0 664 934 480 27
0 664 873 108 27
0 1257 1025 181 68
0 1257 974 389 27
0 1257 934 373 27
0 1257 873 107 33
0 1264 330 195 68
0 1265 279 778 27
0 1267 218 90 27
0 1849 1065 196 68
0 1850 1014 256 27
0 1850 974 407 27
0 1851 934 104 27
0 1852 873 111 33
