0 61 30 195 80
0 71 777 194 68
0 71 727 269 27
0 71 370 199 68
0 71 218 94 33
0 72 687 463 27
0 72 319 552 27
0 72 279 177 27
0 73 625 101 26
0 280 30 202 80
0 506 30 200 80
0 663 625 93 26
0 664 777 189 68
0 664 727 476 27
0 664 370 179 68
0 664 279 432 27
0 664 218 104 33
0 665 687 281 27
0 665 319 366 27
0 730 30 215 80
0 1256 625 96 33
0 1256 361 54 25
0 1257 777 219 68
0 1257 410 188 68
0 1257 319 433 27
0 1258 727 242 27
0 1258 687 480 27
0 1258 279 226 27
0 1258 217 82 34
0 1262 225 23 10
0 1849 777 228 68
0 1849 370 193 68
0 1849 218 110 33
0 1850 687 441 27
0 1851 727 302 27
0 1851 319 320 27
0 1851 279 419 27
0 1852 625 77 26
