0 61 30 221 80
0 71 1065 188 68
0 71 737 199 68
0 71 370 190 68
0 71 319 278 27
0 71 279 434 27
0 72 687 248 27
0 72 584 104 34
0 73 1014 762 27
0 73 953 87 33
0 73 647 464 27
0 73 218 104 27
0 306 30 203 80
0 533 30 209 80
0 664 737 197 68
0 664 687 373 27
0 664 585 93 27
0 664 370 197 68
0 664 319 236 27
0 665 647 369 27
0 665 279 447 27
0 666 218 77 33
0 1256 218 88 26
0 1257 737 188 68
0 1257 687 414 27
0 1257 647 327 27
0 1257 370 190 68
0 1257 319 338 27
0 1258 279 420 27
0 1259 585 76 26
0 1264 1065 181 68
0 1266 1014 786 27
0 1267 953 96 26
0 1849 737 201 68
0 1849 370 214 68
0 1850 279 477 27
0 1851 687 265 27
0 1851 647 473 27
0 1851 319 283 27
0 1851 217 106 34
0 1852 585 101 33
