0 61 30 201 80
0 71 1065 195 68
0 71 974 442 27
0 71 657 165 68
0 71 607 711 27
0 71 330 188 68
0 71 218 97 26
0 72 1020 60 21
0 72 279 742 27
0 73 934 267 21
0 73 873 84 33
0 73 545 96 33
0 286 30 205 80
0 515 30 205 80
0 664 1025 193 68
0 664 974 269 27
0 664 934 413 27
0 664 873 124 33
0 744 30 218 80
0 1257 1025 205 68
0 1257 934 464 27
0 1258 974 271 27
0 1258 872 96 34
0 1264 330 207 68
0 1264 218 77 26
0 1266 279 720 27
0 1849 1025 206 68
0 1849 934 524 27
0 1851 974 199 27
0 1852 873 104 26
