0 61 30 209 80
0 71 1025 197 68
0 71 697 186 68
0 71 545 90 33
0 71 330 189 68
0 72 912 111 34
0 72 647 472 27
0 73 974 801 27
0 73 607 261 27
0 73 279 747 27
0 73 218 93 33
0 294 30 192 80
0 510 30 193 80
0 663 545 91 33
0 664 697 202 68
0 665 647 214 27
0 665 607 462 27
0 727 30 214 80
0 965 30 195 80
0 1257 697 196 68
0 1257 647 372 27
0 1257 607 393 27
0 1259 545 82 33
0 1264 330 179 68
0 1265 279 715 27
0 1265 217 101 28
0 1849 697 217 68
0 1849 545 103 33
0 1851 647 415 27
0 1851 607 280 27
