0 61 30 197 80
0 71 1065 188 68
0 71 1014 730 27
0 71 953 85 33
0 71 737 192 68
0 71 625 96 33
0 71 370 174 68
0 71 319 553 27
0 71 279 154 27
0 71 218 92 27
0 72 687 752 27
0 93 953 22 7
0 282 30 202 80
0 508 30 186 80
0 664 370 203 68
0 665 319 413 27
0 665 279 334 27
0 665 217 81 34
0 718 30 219 80
0 961 30 202 80
0 1257 370 200 68
0 1257 279 432 27
0 1258 319 323 27
0 1258 217 114 28
0 1264 737 195 68
0 1265 687 739 27
0 1266 624 106 34
0 1849 410 200 68
0 1849 279 255 27
0 1850 319 463 27
0 1850 218 104 26
0 1851 359 80 27
