0 61 30 219 80
0 70 934 438 27
0 71 1025 175 68
0 71 657 192 68
0 71 545 110 27
0 71 330 188 68
0 71 218 91 33
0 72 974 257 27
0 72 607 764 27
0 73 873 114 33
0 73 279 726 27
0 304 30 185 80
0 513 30 186 80
0 664 1025 191 68
0 665 974 392 27
0 665 934 331 27
0 666 873 112 33
0 723 30 224 80
0 971 30 211 80
0 1257 1025 169 68
0 1257 934 473 27
0 1258 974 255 27
0 1259 873 112 33
0 1264 657 203 68
0 1265 607 748 27
0 1265 544 102 28
0 1849 1065 207 68
0 1849 873 105 33
0 1850 974 409 27
0 1851 1014 91 27
0 1851 934 260 27
