0 61 30 216 80
0 71 1025 186 68
0 71 873 97 33
0 71 657 187 68
0 71 607 723 27
0 71 330 193 68
0 71 279 747 27
0 72 974 309 27
0 72 934 413 27
0 72 217 111 34
0 73 545 84 27
0 301 30 199 80
0 524 30 204 80
0 664 1025 191 68
0 664 934 425 27
0 664 873 109 33
0 665 974 267 27
0 752 30 215 80
0 991 30 212 80
0 1257 1025 175 68
0 1257 974 298 27
0 1257 934 474 27
0 1258 872 98 34
0 1262 880 28 10
0 1264 330 212 68
0 1264 218 109 33
0 1265 279 790 27
0 1849 1025 194 68
0 1850 873 105 33
0 1851 974 326 27
0 1851 934 406 27
