0 61 30 193 80
0 71 1025 187 68
0 71 657 206 68
0 71 330 181 68
0 71 279 711 27
0 72 974 308 27
0 72 934 421 27
0 72 218 111 26
0 73 873 107 26
0 73 607 734 27
0 73 545 104 33
0 278 30 164 80
0 466 30 204 80
0 664 1025 192 68
0 664 974 304 27
0 664 873 96 26
0 665 934 391 27
0 694 30 214 80
0 1256 974 419 27
0 1257 1065 206 68
0 1257 1014 70 27
0 1257 934 240 27
0 1257 872 88 34
0 1264 330 189 68
0 1264 279 749 27
0 1267 218 113 33
0 1849 1025 167 68
0 1849 873 99 33
0 1851 974 323 27
0 1851 934 406 27
