0 61 30 202 80
0 71 1025 210 68
0 71 697 182 68
0 71 330 194 68
0 71 279 766 27
0 72 974 742 27
0 72 647 293 27
0 73 913 90 33
0 73 607 455 27
0 73 545 92 33
0 73 218 90 33
0 287 30 211 80
0 522 30 189 80
0 664 697 164 68
0 664 647 291 27
0 665 607 472 27
0 665 544 105 28
0 669 553 25 9
0 735 30 193 80
0 952 30 172 80
0 1257 697 207 68
0 1257 607 479 27
0 1258 647 267 27
0 1259 545 100 33
0 1264 330 165 68
0 1264 218 100 26
0 1265 279 749 27
0 1849 697 178 68
0 1851 647 347 27
0 1851 607 364 27
0 1852 545 89 26
