0 61 30 195 80
0 71 1105 196 68
0 71 1014 455 27
0 71 737 188 68
0 71 687 696 27
0 71 370 195 68
0 71 319 269 27
0 71 218 104 26
0 72 279 478 27
0 73 1054 271 27
0 73 953 83 26
0 73 625 83 33
0 280 30 203 80
0 507 30 182 80
0 664 1105 199 68
0 664 1014 442 27
0 664 953 103 33
0 664 410 188 68
0 664 365 61 15
0 664 319 454 27
0 664 279 230 21
0 664 218 90 33
0 665 1054 254 27
0 713 30 191 80
0 928 30 214 80
0 1256 1014 245 27
0 1256 218 122 26
0 1257 1105 186 68
0 1257 1054 505 27
0 1257 370 150 68
0 1257 319 264 27
0 1257 279 465 27
0 1258 952 115 34
0 1264 737 199 68
0 1265 687 816 27
0 1267 625 95 33
0 1849 1105 200 68
0 1849 370 177 68
0 1849 218 100 33
0 1850 1014 394 27
0 1851 1054 317 27
0 1851 319 459 27
0 1851 279 229 27
0 1852 953 127 33
