0 61 30 213 80
0 71 1025 209 68
0 71 974 762 27
0 71 697 200 68
0 71 330 190 68
0 72 912 91 34
0 72 647 264 27
0 72 607 433 27
0 72 279 733 27
0 73 545 95 26
0 73 218 78 33
0 298 30 215 80
0 537 30 215 80
0 663 647 243 27
0 663 607 456 27
0 664 697 201 68
0 666 545 100 27
0 776 30 205 80
0 1005 30 204 80
0 1257 697 196 68
0 1257 647 302 27
0 1257 607 421 27
0 1259 545 92 27
0 1264 1025 210 68
0 1264 913 99 33
0 1266 974 754 27
0 1849 697 197 68
0 1850 647 550 27
0 1850 607 192 27
0 1850 544 86 28
