0 61 30 187 80
0 71 1025 195 68
0 71 697 207 68
0 71 607 392 27
0 71 330 194 68
0 71 279 747 27
0 71 218 94 27
0 72 974 754 27
0 72 544 104 34
0 73 913 115 33
0 73 647 356 27
0 272 30 201 80
0 497 30 201 80
0 664 697 205 68
0 664 647 265 27
0 664 607 454 27
0 666 545 130 26
0 722 30 208 80
0 1256 545 102 33
0 1257 697 191 68
0 1257 647 276 27
0 1257 607 405 27
0 1264 330 192 68
0 1264 218 116 33
0 1266 279 771 27
0 1849 697 208 68
0 1849 647 328 27
0 1851 607 348 27
0 1851 544 101 34
