0 61 30 214 80
0 71 1025 214 68
0 71 934 452 27
0 71 657 211 68
0 71 607 750 27
0 71 545 85 33
0 71 330 206 68
0 71 218 83 33
0 72 279 742 27
0 73 974 240 27
0 73 873 116 33
0 299 30 192 80
0 664 1025 170 68
0 664 934 368 27
0 664 873 99 26
0 665 974 370 27
0 1257 1025 163 68
0 1257 974 255 27
0 1258 934 475 27
0 1259 873 121 33
0 1264 330 195 68
0 1264 218 79 26
0 1266 279 689 27
0 1849 1065 192 68
0 1849 974 398 27
0 1850 1014 79 21
0 1850 934 255 27
0 1850 873 82 33
