0 61 30 190 80
0 71 1025 208 68
0 71 657 200 68
0 71 330 181 68
0 71 279 718 27
0 72 974 283 27
0 72 934 450 27
0 72 544 104 34
0 73 873 109 33
0 73 607 753 27
0 73 218 116 33
0 275 30 216 80
0 515 30 189 80
0 664 1025 208 68
0 664 974 419 27
0 665 934 372 27
0 666 873 107 33
0 728 30 222 80
0 1257 1025 197 68
0 1257 974 350 27
0 1258 934 364 27
0 1258 872 102 34
0 1262 880 23 10
0 1264 330 211 68
0 1266 279 758 27
0 1267 218 116 26
0 1849 1025 197 68
0 1850 974 309 27
0 1850 934 423 27
0 1850 873 91 26
