0 61 30 208 80
0 71 1025 203 68
0 71 934 293 27
0 71 657 206 68
0 71 607 738 27
0 71 330 195 68
0 72 974 394 27
0 72 544 89 34
0 72 279 684 27
0 72 217 93 34
0 73 873 86 33
0 293 30 196 80
0 513 30 182 80
0 663 873 105 33
0 664 1025 189 68
0 664 974 240 27
0 665 934 439 27
0 719 30 196 80
0 939 30 194 80
0 1257 1025 199 68
0 1257 934 433 27
0 1258 974 334 27
0 1259 873 108 33
0 1264 330 187 68
0 1264 218 73 26
0 1265 279 745 27
0 1849 1025 184 68
0 1849 934 378 27
0 1851 974 371 27
0 1852 873 79 26
