0 61 30 226 80
0 71 1065 227 68
0 71 737 181 68
0 71 625 114 27
0 71 370 211 68
0 71 218 105 27
0 72 1014 666 27
0 72 687 741 27
0 72 279 552 27
0 73 953 87 33
0 73 319 189 27
0 311 30 217 80
0 552 30 171 80
0 664 370 171 68
0 664 279 448 27
0 665 319 256 27
0 666 218 109 26
0 1256 279 437 27
0 1257 370 166 68
0 1257 319 279 27
0 1259 218 91 33
0 1264 1065 196 68
0 1264 1014 706 27
0 1264 953 79 26
0 1849 410 190 68
0 1849 279 39 21
0 1850 319 550 27
0 1850 217 94 34
0 1851 359 84 27
