0 61 30 207 80
0 71 1025 193 68
0 71 873 113 33
0 71 657 200 68
0 71 607 735 27
0 71 330 177 68
0 71 279 713 27
0 71 218 106 33
0 72 974 398 27
0 72 934 334 27
0 73 545 93 33
0 292 30 207 80
0 523 30 213 80
0 663 934 235 27
0 663 873 95 33
0 664 1065 168 68
0 664 1014 181 27
0 664 974 336 27
0 1257 1025 197 68
0 1258 974 252 27
0 1258 934 458 27
0 1258 872 102 34
0 1264 657 201 68
0 1264 607 742 27
0 1267 545 97 33
0 1849 1025 197 68
0 1850 934 389 27
0 1851 974 326 27
0 1852 873 93 33
