0 61 30 231 80
0 71 1065 202 68
0 71 1014 794 27
0 71 953 81 26
0 71 697 220 68
0 71 647 427 27
0 71 330 215 68
0 71 218 102 33
0 72 607 314 27
0 72 279 734 27
0 73 545 98 33
0 316 30 216 80
0 556 30 213 80
0 664 697 182 68
0 664 647 336 27
0 664 607 391 27
0 666 545 80 33
0 793 30 193 80
0 1257 737 189 68
0 1257 687 196 27
0 1257 607 71 27
0 1258 647 501 27
0 1259 545 86 33
0 1264 1065 195 68
0 1264 1014 717 27
0 1267 953 101 26
0 1849 697 213 68
0 1850 647 290 27
0 1850 607 376 27
0 1852 545 88 33
