0 0 1366 1017 14
0 61 30 199 80
0 71 1025 198 68
0 71 974 750 27
0 71 697 196 68
0 71 330 179 68
0 72 912 119 34
0 72 607 447 27
0 72 544 95 34
0 72 279 744 27
0 73 647 227 27
0 73 218 75 26
0 284 30 196 80
0 504 30 204 80
0 664 697 177 68
0 664 647 238 27
0 665 607 476 27
0 666 545 105 26
0 1053 1224 296 27
0 1257 697 187 68
0 1257 647 360 27
0 1257 607 412 27
0 1259 545 92 33
0 1264 1025 206 68
0 1264 974 707 27
0 1267 913 88 33
0 1849 697 199 68
0 1850 607 409 27
0 1851 647 266 27
0 1852 545 99 26
