0 61 30 205 80
0 71 1025 167 68
0 71 974 731 27
0 71 697 192 68
0 71 330 193 68
0 72 912 108 34
0 72 607 356 27
0 72 279 799 27
0 73 647 383 27
0 73 545 103 26
0 73 218 113 26
0 290 30 205 80
0 519 30 198 80
0 664 697 170 68
0 664 647 278 27
0 664 607 480 27
0 666 545 89 33
0 741 30 199 80
0 1256 545 80 33
0 1257 697 178 68
0 1258 647 385 27
0 1258 607 333 27
0 1264 330 229 68
0 1264 218 104 33
0 1266 279 719 27
0 1849 697 203 68
0 1849 545 95 33
0 1851 647 209 27
0 1851 607 467 27
