0 61 30 201 80
0 71 1025 167 68
0 71 974 681 27
0 71 697 190 68
0 71 330 207 68
0 72 912 104 28
0 72 647 446 27
0 72 607 320 27
0 72 279 729 27
0 72 218 85 26
0 73 545 94 33
0 286 30 212 80
0 522 30 214 80
0 664 697 204 68
0 664 647 278 27
0 664 607 466 27
0 666 545 87 27
0 1257 697 209 68
0 1257 607 444 27
0 1258 647 315 27
0 1259 545 95 33
0 1263 560 22 7
0 1264 330 197 68
0 1265 279 729 27
0 1267 218 95 33
0 1849 697 197 68
0 1850 607 385 27
0 1851 647 340 27
0 1852 545 93 33
