0 61 30 206 80
0 71 1025 194 68
0 71 657 171 68
0 71 607 757 27
0 71 545 100 26
0 71 330 187 68
0 72 974 377 27
0 72 934 350 27
0 72 217 107 28
0 73 873 88 26
0 73 279 715 27
0 291 30 217 80
0 532 30 214 80
0 664 1025 209 68
0 664 934 476 27
0 665 974 287 27
0 666 873 86 26
0 1257 1025 194 68
0 1257 974 286 27
0 1257 934 454 27
0 1259 873 105 33
0 1264 657 187 68
0 1265 607 718 27
0 1267 545 87 33
0 1849 1025 201 68
0 1849 873 98 26
0 1850 974 462 27
0 1851 934 239 21
