0 61 30 210 80
0 70 279 731 27
0 71 1065 208 68
0 71 1014 735 27
0 71 953 115 26
0 71 737 183 68
0 71 607 172 27
0 71 330 201 68
0 72 687 76 27
0 72 647 455 27
0 73 545 104 33
0 73 218 101 26
0 295 30 197 80
0 516 30 206 80
0 663 545 87 26
0 664 697 200 68
0 664 607 470 27
0 665 647 276 27
0 746 30 201 80
0 971 30 203 80
0 1257 697 188 68
0 1258 647 289 27
0 1258 607 402 27
0 1258 544 93 34
0 1264 1065 188 68
0 1265 1014 672 27
0 1267 953 97 33
0 1849 737 191 68
0 1850 687 43 21
0 1850 607 247 27
0 1851 647 474 27
0 1852 545 89 33
