0 61 30 173 80
0 71 1025 176 68
0 71 934 469 27
0 71 657 191 68
0 71 545 102 33
0 71 330 177 68
0 71 218 81 33
0 72 974 246 27
0 72 872 99 28
0 72 607 789 27
0 72 279 730 27
0 258 30 191 80
0 473 30 216 80
0 664 1025 190 68
0 664 934 384 27
0 665 974 321 21
0 666 873 105 33
0 713 30 191 80
0 928 30 199 80
0 1257 1025 207 68
0 1257 934 475 27
0 1258 974 301 27
0 1258 872 86 34
0 1262 881 25 9
0 1264 330 222 68
0 1265 279 782 27
0 1267 218 91 33
0 1849 1025 189 68
0 1850 872 96 28
0 1851 974 305 27
0 1851 934 404 27
