0 61 30 218 80
0 70 279 449 27
0 71 1025 185 68
0 71 697 192 68
0 71 585 80 27
0 71 370 184 68
0 71 319 270 21
0 72 974 738 27
0 72 647 732 27
0 72 218 97 33
0 73 913 88 33
0 303 30 213 80
0 540 30 225 80
0 664 370 224 68
0 664 279 458 27
0 664 218 103 33
0 665 319 262 27
0 789 30 209 80
0 1256 218 94 33
0 1257 370 192 68
0 1257 279 430 27
0 1258 319 379 27
0 1264 1025 194 68
0 1264 913 78 33
0 1266 974 699 27
0 1849 370 176 68
0 1849 279 341 27
0 1850 319 388 27
0 1851 217 86 28
