0 61 30 205 80
0 71 1025 193 68
0 71 657 192 68
0 71 545 85 33
0 71 330 197 68
0 71 279 778 27
0 72 974 269 27
0 72 872 108 34
0 72 607 691 27
0 72 218 83 26
0 73 934 527 27
0 290 30 184 80
0 664 1025 180 68
0 664 974 372 27
0 665 934 390 27
0 666 873 106 26
0 1257 1025 203 68
0 1257 934 381 27
0 1257 872 95 34
0 1258 974 360 27
0 1264 657 207 68
0 1264 545 103 33
0 1264 330 203 68
0 1265 607 723 27
0 1265 279 757 27
0 1267 218 78 33
0 1849 1065 199 68
0 1849 974 363 27
0 1849 934 233 27
0 1849 873 80 27
0 1851 1014 121 27
