0 61 30 175 80
0 71 1065 203 68
0 71 737 204 68
0 71 687 733 27
0 71 625 104 33
0 71 370 181 68
0 72 1014 690 27
0 72 319 303 27
0 72 279 461 27
0 73 953 96 33
0 73 218 91 33
0 260 30 214 80
0 498 30 200 80
0 664 410 210 68
0 665 359 99 21
0 665 319 390 27
0 665 279 255 27
0 666 218 100 33
0 1256 218 86 33
0 1257 370 199 68
0 1257 319 310 27
0 1258 279 456 27
0 1264 1065 163 68
0 1265 1014 726 27
0 1267 953 95 26
0 1849 370 191 68
0 1849 279 294 27
0 1850 217 105 28
0 1851 319 438 27
0 1855 225 23 10
