0 61 30 218 80
0 71 1025 178 68
0 71 974 730 27
0 71 697 179 68
0 71 370 193 68
0 72 319 281 27
0 72 279 477 27
0 73 913 106 33
0 73 647 731 27
0 73 585 104 33
0 73 218 106 33
0 303 30 188 80
0 515 30 192 80
0 664 370 193 68
0 664 319 451 27
0 665 279 292 27
0 666 218 104 33
0 1257 370 187 68
0 1257 279 413 27
0 1257 217 104 34
0 1258 319 376 27
0 1264 1025 204 68
0 1264 913 105 33
0 1265 974 764 27
0 1849 370 202 68
0 1851 319 326 27
0 1851 279 379 27
0 1852 218 86 33
