0 61 30 198 80
0 71 1065 214 68
0 71 737 176 68
0 71 370 199 68
0 72 952 112 28
0 72 319 246 27
0 72 279 452 27
0 72 217 111 34
0 73 1014 761 27
0 73 687 719 27
0 73 625 95 33
0 76 960 25 10
0 283 30 197 80
0 663 279 466 27
0 664 370 198 68
0 664 218 93 33
0 665 319 211 27
0 1256 218 104 26
0 1257 410 198 68
0 1257 359 115 27
0 1257 279 204 27
0 1258 319 381 27
0 1264 1065 209 68
0 1265 1014 741 27
0 1267 953 98 26
0 1849 370 206 68
0 1849 218 106 26
0 1850 319 461 27
0 1851 279 299 27
