0 61 30 215 80
0 71 1025 196 68
0 71 934 423 27
0 71 657 195 68
0 71 330 189 68
0 72 872 82 34
0 72 607 720 27
0 72 279 791 27
0 73 974 252 27
0 73 545 93 26
0 73 218 91 33
0 300 30 190 80
0 514 30 198 80
0 664 1065 197 68
0 664 1014 85 27
0 664 974 505 27
0 665 934 168 27
0 666 873 96 26
0 736 30 183 80
0 1257 1025 201 68
0 1257 974 447 27
0 1257 934 287 27
0 1258 872 96 28
0 1264 330 192 68
0 1264 279 751 27
0 1267 218 93 26
0 1849 1025 183 68
0 1850 872 104 34
0 1851 974 284 27
0 1851 934 425 27
