0 61 30 219 80
0 71 1145 206 68
0 71 1054 456 27
0 71 993 109 33
0 71 737 222 68
0 71 370 184 68
0 71 279 379 27
0 72 1094 283 27
0 72 687 283 27
0 72 647 462 27
0 73 585 96 26
0 73 319 304 27
0 73 218 84 33
0 304 30 214 80
0 663 218 106 26
0 664 1145 184 68
0 664 1094 297 27
0 664 1054 459 27
0 664 777 200 68
0 664 585 92 26
0 664 370 195 68
0 664 319 237 27
0 665 727 285 27
0 665 687 352 27
0 665 647 123 27
0 665 279 466 27
0 666 993 86 26
0 1256 585 99 33
0 1257 1145 201 68
0 1257 1094 286 27
0 1257 737 175 68
0 1257 687 285 27
0 1257 647 430 27
0 1257 370 184 68
0 1257 319 325 27
0 1257 279 402 27
0 1258 1054 411 27
0 1258 992 120 28
0 1258 217 96 34
0 1849 1145 179 68
0 1849 737 201 68
0 1849 370 206 68
0 1850 1094 246 27
0 1850 1054 433 27
0 1850 687 258 27
0 1850 647 458 27
0 1850 319 384 27
0 1851 279 366 27
0 1852 993 90 26
0 1852 585 87 33
0 1852 218 72 33
