0 61 30 205 80
0 71 1065 178 68
0 71 953 110 33
0 71 737 203 68
0 71 410 196 68
0 71 279 279 27
0 71 218 117 27
0 72 1014 732 27
0 72 687 757 27
0 72 359 101 21
0 72 319 381 27
0 73 625 99 33
0 290 30 192 80
0 506 30 189 80
0 664 370 200 68
0 664 218 117 26
0 665 319 287 27
0 665 279 444 27
0 1257 410 178 68
0 1257 359 280 27
0 1257 319 424 27
0 1257 279 98 27
0 1258 217 118 34
0 1262 225 23 10
0 1264 1065 200 68
0 1265 1014 737 27
0 1266 952 105 34
0 1849 370 205 68
0 1849 319 264 27
0 1851 279 429 27
0 1852 218 91 33
