0 61 30 201 80
0 71 1025 207 68
0 71 974 294 27
0 71 657 199 68
0 71 330 210 68
0 71 279 743 27
0 71 218 96 33
0 72 872 92 28
0 72 607 773 27
0 72 544 90 28
0 73 934 473 27
0 76 552 24 10
0 286 30 192 80
0 502 30 200 80
0 664 1025 212 68
0 664 974 275 27
0 665 934 434 27
0 665 872 99 34
0 1256 873 104 33
0 1257 1065 184 68
0 1257 1020 77 21
0 1257 934 270 27
0 1258 974 408 27
0 1264 330 196 68
0 1265 279 730 27
0 1267 218 105 33
0 1849 1025 185 68
0 1850 974 309 21
0 1851 934 434 27
0 1852 873 95 26
