0 61 30 215 80
0 71 1025 192 68
0 71 934 442 27
0 71 657 206 68
0 71 607 692 27
0 71 330 204 68
0 72 974 324 27
0 72 872 109 34
0 72 544 102 28
0 72 279 702 27
0 73 218 92 33
0 76 880 24 10
0 300 30 194 80
0 518 30 203 80
0 664 1025 194 68
0 664 934 295 27
0 664 873 122 26
0 665 974 401 27
0 745 30 205 80
0 1256 873 91 33
0 1257 1025 200 68
0 1258 974 372 27
0 1258 934 336 27
0 1264 330 194 68
0 1264 218 84 26
0 1265 279 756 27
0 1849 1065 220 68
0 1849 974 447 27
0 1850 934 265 27
0 1850 872 116 29
0 1851 1020 43 21
