0 61 30 200 80
0 71 1065 224 68
0 71 1014 718 27
0 71 697 196 68
0 71 330 187 68
0 72 647 275 27
0 72 607 479 27
0 72 544 98 29
0 72 279 730 27
0 73 953 90 33
0 73 218 97 33
0 285 30 208 80
0 517 30 207 80
0 663 545 102 26
0 664 697 198 68
0 664 607 466 27
0 665 647 275 27
0 748 30 210 80
0 1256 545 85 26
0 1257 737 191 68
0 1257 647 342 27
0 1258 687 136 27
0 1258 607 250 27
0 1264 330 193 68
0 1265 279 770 27
0 1267 218 103 26
0 1849 697 197 68
0 1850 647 215 27
0 1850 607 477 27
0 1852 545 102 27
