0 61 30 206 80
0 71 1025 188 68
0 71 873 93 27
0 71 657 197 68
0 71 330 209 68
0 72 974 279 27
0 72 607 764 27
0 72 544 114 28
0 72 279 728 27
0 73 934 446 27
0 73 218 81 33
0 76 552 23 10
0 291 30 204 80
0 664 1025 202 68
0 664 934 464 27
0 665 974 276 27
0 666 873 77 33
0 1257 1025 194 68
0 1257 974 375 27
0 1257 934 385 27
0 1258 872 114 29
0 1264 330 198 68
0 1264 218 88 33
0 1266 279 724 27
0 1849 1025 189 68
0 1849 974 270 27
0 1850 934 462 27
0 1852 873 100 33
