0 61 30 204 80
0 71 1025 194 68
0 71 697 187 68
0 71 607 410 27
0 71 330 186 68
0 71 279 807 27
0 72 974 778 27
0 72 912 97 34
0 72 647 292 27
0 73 545 102 33
0 73 218 78 33
0 76 920 24 10
0 289 30 203 80
0 516 30 235 80
0 664 697 188 68
0 665 647 203 27
0 665 607 437 27
0 666 545 92 33
0 775 30 229 80
0 1256 545 107 33
0 1257 697 197 68
0 1257 647 324 27
0 1258 607 412 27
0 1264 330 183 68
0 1266 279 733 27
0 1267 218 108 26
0 1849 697 197 68
0 1849 647 381 27
0 1850 607 343 27
0 1852 545 105 26
