0 61 30 193 80
0 71 1025 210 68
0 71 657 214 68
0 71 330 203 68
0 71 218 91 33
0 72 872 95 28
0 72 544 91 28
0 72 279 705 27
0 73 974 340 27
0 73 934 354 27
0 73 607 715 27
0 76 552 23 10
0 278 30 225 80
0 527 30 187 80
0 664 1025 185 68
0 664 974 413 27
0 664 934 299 27
0 666 873 120 33
0 738 30 207 80
0 1256 934 430 27
0 1257 1025 193 68
0 1258 974 294 27
0 1259 873 115 33
0 1264 657 212 68
0 1266 607 708 27
0 1267 545 95 33
0 1849 1065 183 68
0 1849 1014 182 27
0 1850 974 316 27
0 1850 934 275 27
0 1850 873 103 26
