0 61 30 203 80
0 71 1065 190 68
0 71 1014 738 27
0 71 737 191 68
0 71 607 264 27
0 71 330 209 68
0 72 687 143 27
0 72 279 697 27
0 73 953 128 33
0 73 647 342 27
0 73 545 101 26
0 73 218 104 33
0 288 30 202 80
0 514 30 202 80
0 664 697 182 68
0 664 647 331 27
0 665 607 380 27
0 666 545 100 33
0 740 30 214 80
0 978 30 199 80
0 1257 697 178 68
0 1257 647 276 27
0 1257 607 403 27
0 1257 545 99 33
0 1264 1065 197 68
0 1264 1014 703 27
0 1267 953 99 33
0 1849 697 181 68
0 1850 607 396 27
0 1851 647 304 27
0 1852 545 79 26
