0 61 30 202 80
0 71 1065 183 68
0 71 697 190 68
0 71 330 201 68
0 71 279 720 27
0 72 1014 745 27
0 72 647 276 27
0 72 217 84 34
0 73 953 94 33
0 73 607 427 27
0 73 545 75 26
0 76 225 23 10
0 287 30 190 80
0 501 30 185 80
0 664 697 206 68
0 664 647 219 27
0 664 607 454 27
0 666 545 100 33
0 710 30 211 80
0 945 30 217 80
0 1256 545 104 33
0 1257 737 208 68
0 1257 687 172 27
0 1257 647 431 27
0 1257 607 98 27
0 1264 1065 199 68
0 1264 953 109 26
0 1266 1014 804 27
0 1849 697 202 68
0 1849 545 104 33
0 1850 607 406 27
0 1851 647 343 27
