0 61 30 206 80
0 71 1025 176 68
0 71 974 725 27
0 71 913 87 27
0 71 697 211 68
0 71 330 206 68
0 71 218 102 33
0 72 647 403 27
0 72 279 707 27
0 73 607 326 27
0 73 545 88 33
0 291 30 209 80
0 524 30 213 80
0 664 697 172 68
0 664 647 301 27
0 665 607 381 27
0 666 545 91 27
0 761 30 204 80
0 1257 697 209 68
0 1257 607 357 27
0 1257 545 69 33
0 1258 647 380 27
0 1264 1025 203 68
0 1265 974 721 27
0 1266 912 103 34
0 1270 920 23 10
0 1849 697 183 68
0 1850 607 273 27
0 1851 647 435 27
0 1852 545 104 27
