0 61 30 185 80
0 71 1065 206 68
0 71 697 196 68
0 71 330 180 68
0 72 1014 753 27
0 72 279 752 27
0 73 953 95 33
0 73 647 309 27
0 73 607 416 27
0 73 545 94 33
0 73 218 95 33
0 270 30 175 80
0 469 30 199 80
0 664 697 192 68
0 664 607 459 27
0 665 647 283 27
0 666 545 112 33
0 1257 697 170 68
0 1257 647 385 27
0 1257 607 367 27
0 1259 545 103 26
0 1264 330 202 68
0 1265 279 725 27
0 1267 218 101 26
0 1849 737 221 68
0 1849 647 465 27
0 1849 607 171 27
0 1850 693 92 21
0 1852 545 94 33
