0 61 30 209 80
0 71 1025 200 68
0 71 974 339 27
0 71 657 188 68
0 71 330 173 68
0 72 872 117 28
0 73 934 424 27
0 73 607 735 27
0 73 545 125 27
0 73 279 735 27
0 73 218 107 33
0 294 30 182 80
0 500 30 205 80
0 664 1065 199 68
0 664 1014 144 27
0 664 974 433 27
0 665 934 100 27
0 666 873 93 33
0 729 30 225 80
0 978 30 181 80
0 1257 1025 197 68
0 1258 974 438 27
0 1258 934 207 27
0 1258 872 105 28
0 1264 330 196 68
0 1266 279 780 27
0 1267 218 95 33
0 1849 1025 208 68
0 1849 873 92 33
0 1850 974 310 27
0 1851 934 421 27
