0 61 30 186 80
0 71 1025 204 68
0 71 873 105 26
0 71 657 208 68
0 71 330 189 68
0 72 974 457 27
0 72 607 729 27
0 72 279 745 27
0 73 934 303 27
0 73 545 99 33
0 73 218 106 33
0 271 30 197 80
0 492 30 210 80
0 664 1025 213 68
0 664 974 261 27
0 664 934 464 27
0 666 873 79 33
0 1257 1025 215 68
0 1257 974 269 27
0 1257 934 427 27
0 1259 873 68 33
0 1264 330 189 68
0 1265 279 761 27
0 1266 217 73 34
0 1270 227 24 8
0 1849 1025 189 68
0 1850 974 277 27
0 1850 934 455 27
0 1852 873 95 33
