0 61 30 178 80
0 71 1025 189 68
0 71 697 207 68
0 71 647 296 27
0 71 330 181 68
0 71 279 735 27
0 72 607 356 27
0 72 217 84 34
0 73 974 692 27
0 73 913 92 33
0 73 545 93 33
0 76 225 24 10
0 263 30 191 80
0 478 30 203 80
0 664 697 192 68
0 664 647 423 27
0 664 607 345 27
0 666 545 99 33
0 705 30 201 80
0 1256 607 274 27
0 1257 697 190 68
0 1257 647 439 27
0 1257 545 98 27
0 1264 330 209 68
0 1266 279 705 27
0 1267 218 87 26
0 1849 697 204 68
0 1849 607 323 27
0 1849 545 101 33
0 1850 647 417 27
