0 61 30 206 80
0 71 1025 199 68
0 71 873 102 27
0 71 657 191 68
0 71 330 171 68
0 72 974 303 27
0 72 217 82 34
0 73 934 450 27
0 73 607 769 27
0 73 545 97 26
0 73 279 737 27
0 291 30 195 80
0 510 30 196 80
0 663 974 219 27
0 664 1025 180 68
0 664 934 478 27
0 666 873 103 33
0 730 30 211 80
0 965 30 198 80
0 1257 1065 184 68
0 1257 1014 127 27
0 1257 974 466 27
0 1257 940 159 21
0 1259 873 109 33
0 1264 657 198 68
0 1265 607 743 27
0 1267 545 69 33
0 1849 1025 207 68
0 1849 934 447 27
0 1850 872 89 34
0 1851 974 236 27
