0 61 30 190 80
0 70 279 749 27
0 71 1065 207 68
0 71 1014 111 27
0 71 657 198 68
0 71 330 202 68
0 72 974 471 27
0 72 217 105 28
0 73 934 146 27
0 73 873 108 33
0 73 607 755 27
0 73 545 96 33
0 275 30 190 80
0 489 30 200 80
0 664 1025 210 68
0 665 974 349 27
0 665 934 417 27
0 665 872 85 29
0 1257 1025 207 68
0 1258 974 322 27
0 1258 934 452 27
0 1259 873 86 26
0 1264 330 204 68
0 1264 218 93 33
0 1266 279 619 27
0 1849 1025 191 68
0 1849 974 303 27
0 1851 934 466 27
0 1852 873 107 26
