0 61 30 186 80
0 71 1025 187 68
0 71 934 384 27
0 71 657 197 68
0 71 607 751 27
0 71 545 102 27
0 71 330 196 68
0 72 279 746 27
0 72 218 103 27
0 73 974 332 27
0 73 873 105 33
0 271 30 202 80
0 497 30 207 80
0 664 1025 193 68
0 664 974 326 27
0 665 934 448 27
0 666 873 109 33
0 728 30 193 80
0 945 30 221 80
0 1256 934 376 27
0 1256 873 112 27
0 1257 1025 210 68
0 1258 974 399 27
0 1264 657 188 68
0 1266 607 758 27
0 1267 545 89 27
0 1849 1025 191 68
0 1851 974 307 27
0 1851 934 445 27
0 1852 873 99 27
