0 61 30 210 80
0 70 974 737 27
0 71 1025 210 68
0 71 697 174 68
0 71 370 207 68
0 71 218 97 33
0 72 912 103 34
0 72 647 722 27
0 72 584 94 34
0 73 319 264 27
0 73 279 476 27
0 295 30 221 80
0 540 30 179 80
0 664 370 195 68
0 664 319 267 27
0 664 279 472 27
0 664 218 91 33
0 743 30 188 80
0 955 30 210 80
0 1257 370 203 68
0 1257 319 354 27
0 1257 279 391 27
0 1259 218 97 26
0 1264 1025 185 68
0 1264 913 104 33
0 1265 974 726 27
0 1849 370 180 68
0 1850 279 462 27
0 1851 319 296 27
0 1852 218 93 26
