0 61 30 195 80
0 71 1025 174 68
0 71 934 438 27
0 71 657 190 68
0 71 607 804 27
0 71 330 199 68
0 72 974 272 27
0 72 872 84 34
0 73 545 83 26
0 73 279 762 27
0 73 218 99 26
0 280 30 212 80
0 516 30 213 80
0 663 934 433 27
0 664 1025 179 68
0 664 873 106 26
0 665 974 312 27
0 1257 1025 173 68
0 1257 974 469 27
0 1258 934 253 27
0 1258 872 99 28
0 1264 330 189 68
0 1265 279 724 27
0 1267 218 89 33
0 1849 1025 192 68
0 1849 873 100 27
0 1850 974 246 27
0 1850 934 472 27
