0 61 30 220 80
0 71 1065 200 68
0 71 1014 767 27
0 71 737 179 68
0 71 370 208 68
0 71 218 86 27
0 72 687 773 27
0 72 625 90 33
0 72 319 394 27
0 72 279 370 27
0 73 953 77 26
0 305 30 201 80
0 530 30 199 80
0 663 218 78 33
0 664 370 204 68
0 665 319 249 27
0 665 279 444 27
0 1257 410 188 68
0 1257 359 259 27
0 1257 319 246 27
0 1258 279 328 27
0 1259 218 101 33
0 1264 1065 180 68
0 1265 1014 762 27
0 1266 952 71 34
0 1849 410 227 68
0 1849 279 187 27
0 1850 359 100 27
0 1850 319 431 27
0 1852 218 103 33
