0 61 30 213 80
0 70 319 454 27
0 71 1065 202 68
0 71 737 183 68
0 71 370 182 68
0 71 279 310 27
0 72 1014 719 27
0 72 953 77 33
0 72 687 691 27
0 72 217 92 34
0 73 625 99 27
0 298 30 211 80
0 533 30 207 80
0 664 410 191 68
0 664 359 179 27
0 664 319 438 27
0 664 279 122 21
0 665 217 105 34
0 764 30 204 80
0 992 30 229 80
0 1257 370 208 68
0 1257 319 316 27
0 1257 279 430 27
0 1259 218 112 27
0 1264 737 208 68
0 1264 687 724 27
0 1267 625 106 33
0 1849 410 178 68
0 1849 359 168 27
0 1850 217 102 28
0 1851 319 395 27
0 1851 279 178 27
