0 61 30 198 80
0 71 1065 192 68
0 71 737 204 68
0 71 370 199 68
0 72 1014 753 27
0 72 319 285 27
0 72 279 425 27
0 72 217 116 28
0 73 953 104 33
0 73 687 771 27
0 73 625 111 33
0 76 225 24 10
0 283 30 199 80
0 664 370 183 68
0 664 279 455 27
0 665 319 272 27
0 665 217 105 34
0 1257 410 183 68
0 1258 359 103 27
0 1258 319 472 27
0 1258 279 123 27
0 1259 218 103 26
0 1264 1065 193 68
0 1265 952 101 28
0 1266 1014 744 27
0 1849 370 179 68
0 1849 218 95 26
0 1850 319 324 27
0 1850 279 427 27
