0 61 30 197 80
0 71 1025 206 68
0 71 913 106 27
0 71 697 187 68
0 71 585 102 33
0 71 370 206 68
0 72 974 757 27
0 72 647 726 27
0 72 279 452 27
0 73 319 291 27
0 73 218 89 26
0 282 30 217 80
0 523 30 213 80
0 663 218 94 33
0 664 370 210 68
0 664 319 367 27
0 664 279 391 27
0 760 30 192 80
0 976 30 192 80
0 1256 218 104 33
0 1257 370 197 68
0 1258 319 280 27
0 1258 279 438 27
0 1264 697 201 68
0 1266 647 700 27
0 1266 584 103 34
0 1849 370 194 68
0 1849 279 438 21
0 1851 319 286 27
0 1851 218 115 27
