0 61 30 186 80
0 71 1065 200 68
0 71 737 204 68
0 71 370 168 68
0 71 279 449 27
0 72 1014 714 27
0 72 319 328 27
0 73 953 92 33
0 73 687 733 27
0 73 625 85 26
0 73 218 105 33
0 271 30 227 80
0 522 30 225 80
0 663 218 102 33
0 664 410 167 68
0 664 365 47 21
0 664 319 442 27
0 664 279 246 27
0 1257 370 207 68
0 1257 279 252 27
0 1258 319 440 27
0 1259 218 89 33
0 1264 737 201 68
0 1265 625 90 27
0 1266 687 733 27
0 1849 370 212 68
0 1850 217 108 34
0 1851 319 549 27
0 1851 279 82 27
