0 61 30 208 80
0 71 1065 193 68
0 71 1014 754 27
0 71 737 164 68
0 71 687 681 27
0 71 625 94 33
0 71 410 214 68
0 72 361 109 25
0 72 279 275 27
0 73 953 96 27
0 73 319 397 27
0 73 218 102 33
0 293 30 180 80
0 497 30 218 80
0 663 218 84 33
0 664 370 215 68
0 664 279 445 27
0 665 319 280 27
0 1256 319 382 27
0 1257 370 212 68
0 1257 279 352 27
0 1259 218 83 33
0 1264 737 181 68
0 1264 625 98 27
0 1265 687 756 27
0 1849 370 190 68
0 1849 319 349 27
0 1851 279 417 27
0 1851 218 103 27
