0 61 30 181 80
0 71 1025 179 68
0 71 697 169 68
0 71 330 184 68
0 72 974 726 27
0 72 279 685 27
0 72 217 94 28
0 73 913 105 33
0 73 647 393 27
0 73 607 347 27
0 73 545 122 26
0 266 30 218 80
0 508 30 221 80
0 664 697 202 68
0 664 607 467 27
0 665 647 213 27
0 666 545 88 33
0 753 30 187 80
0 1256 545 102 33
0 1257 697 194 68
0 1257 607 448 27
0 1258 647 276 27
0 1264 1025 198 68
0 1264 974 767 27
0 1267 913 93 33
0 1849 697 203 68
0 1850 647 382 27
0 1851 607 372 27
0 1852 545 99 33
