0 61 30 187 80
0 71 1065 150 68
0 71 1014 751 27
0 71 697 183 68
0 71 647 355 27
0 71 330 178 68
0 71 279 719 27
0 72 607 441 27
0 72 544 107 34
0 73 953 100 33
0 73 218 97 26
0 272 30 190 80
0 486 30 209 80
0 664 697 188 68
0 665 647 301 27
0 665 607 467 27
0 666 545 94 33
0 1257 697 182 68
0 1257 647 237 27
0 1257 607 466 27
0 1258 544 119 34
0 1264 1065 200 68
0 1264 953 111 33
0 1265 1014 727 27
0 1849 737 213 68
0 1850 687 117 27
0 1850 647 441 27
0 1850 607 180 27
0 1852 545 95 33
