0 61 30 198 80
0 71 1025 189 68
0 71 657 191 68
0 71 607 774 27
0 71 330 188 68
0 71 279 799 27
0 72 974 432 27
0 72 934 266 27
0 72 545 76 33
0 73 873 94 33
0 73 218 94 26
0 283 30 210 80
0 664 1025 165 68
0 664 934 382 27
0 665 974 347 27
0 666 873 100 33
0 1257 1025 212 68
0 1257 974 252 27
0 1257 934 449 27
0 1259 873 103 26
0 1264 657 192 68
0 1266 607 721 27
0 1266 544 111 34
0 1270 552 23 10
0 1849 1025 180 68
0 1851 974 329 27
0 1851 934 451 27
0 1852 873 91 33
