0 61 30 227 80
0 70 647 389 27
0 70 607 331 27
0 71 1065 217 68
0 71 697 157 68
0 71 330 181 68
0 72 1014 724 27
0 72 279 789 27
0 72 217 107 29
0 73 953 103 33
0 73 545 102 33
0 312 30 228 80
0 664 737 184 68
0 665 687 31 21
0 665 647 456 27
0 665 607 281 27
0 666 545 88 26
0 1257 697 169 68
0 1257 647 397 27
0 1257 607 348 27
0 1259 545 79 33
0 1264 1065 184 68
0 1265 1014 712 27
0 1265 953 75 27
0 1849 697 213 68
0 1849 647 430 27
0 1850 607 296 27
0 1851 544 90 34
