0 61 30 224 80
0 71 1025 192 68
0 71 697 197 68
0 71 647 719 27
0 71 370 203 68
0 72 912 102 29
0 72 319 296 27
0 72 279 425 27
0 73 974 777 27
0 73 585 90 33
0 73 218 94 33
0 309 30 201 80
0 534 30 219 80
0 664 370 173 68
0 664 319 437 27
0 664 279 288 27
0 666 218 89 33
0 777 30 207 80
0 1256 218 80 33
0 1257 370 190 68
0 1258 319 337 27
0 1258 279 412 27
0 1264 1025 209 68
0 1264 913 88 26
0 1265 974 747 27
0 1849 370 189 68
0 1849 218 91 33
0 1850 319 270 27
0 1851 279 446 27
