0 61 30 222 80
0 71 1025 196 68
0 71 697 202 68
0 71 607 380 27
0 71 545 121 26
0 71 330 189 68
0 71 218 102 33
0 72 647 358 27
0 72 279 752 27
0 73 974 726 27
0 73 913 89 26
0 307 30 205 80
0 536 30 190 80
0 664 697 201 68
0 664 647 309 27
0 664 607 442 27
0 666 545 93 27
0 750 30 206 80
0 980 30 197 80
0 1257 697 197 68
0 1258 647 303 27
0 1258 607 473 27
0 1259 545 80 33
0 1264 330 185 68
0 1264 279 721 27
0 1267 218 109 33
0 1849 697 179 68
0 1849 545 104 33
0 1851 647 313 27
0 1851 607 479 27
