0 61 30 209 80
0 71 1065 176 68
0 71 974 354 27
0 71 657 185 68
0 71 607 755 27
0 71 330 174 68
0 72 872 94 28
0 72 279 778 27
0 73 1014 152 27
0 73 934 280 27
0 73 545 105 27
0 73 218 76 33
0 76 880 24 10
0 294 30 211 80
0 529 30 220 80
0 664 1025 186 68
0 664 934 386 27
0 665 974 363 27
0 666 873 85 33
0 773 30 206 80
0 1003 30 187 80
0 1257 1025 183 68
0 1257 934 427 27
0 1258 974 325 27
0 1259 873 105 26
0 1264 657 185 68
0 1265 544 85 34
0 1266 607 736 27
0 1849 1025 210 68
0 1850 974 287 27
0 1851 934 469 27
0 1852 873 88 33
