0 61 30 211 80
0 70 279 461 27
0 71 1025 189 68
0 71 913 109 26
0 71 697 183 68
0 71 370 169 68
0 72 647 758 27
0 72 319 260 27
0 73 974 746 27
0 73 585 109 26
0 73 218 88 33
0 296 30 210 80
0 530 30 199 80
0 664 370 184 68
0 664 279 527 27
0 665 319 236 27
0 666 218 93 26
0 753 30 197 80
0 974 30 223 80
0 1257 370 179 68
0 1257 319 329 27
0 1258 279 386 27
0 1259 218 106 26
0 1264 697 189 68
0 1266 647 759 27
0 1267 585 101 26
0 1849 370 194 68
0 1850 319 305 27
0 1851 279 462 27
0 1852 218 92 26
