0 61 30 207 80
0 71 1025 193 68
0 71 913 113 27
0 71 697 160 68
0 71 330 214 68
0 72 974 792 27
0 72 279 799 27
0 73 647 321 27
0 73 607 422 27
0 73 545 110 26
0 73 218 103 33
0 292 30 205 80
0 521 30 215 80
0 664 697 202 68
0 664 647 314 27
0 665 607 387 27
0 666 545 90 33
0 760 30 202 80
0 986 30 178 80
0 1257 697 184 68
0 1257 607 387 27
0 1258 647 287 27
0 1258 544 102 34
0 1264 1025 203 68
0 1265 974 793 27
0 1267 913 94 33
0 1849 697 193 68
0 1851 647 272 27
0 1851 607 436 27
0 1852 545 79 26
