0 61 30 212 80
0 70 607 202 27
0 71 1065 199 68
0 71 737 198 68
0 71 647 410 27
0 71 330 194 68
0 72 1014 767 27
0 72 952 104 34
0 72 544 112 34
0 72 217 99 28
0 73 687 134 27
0 73 279 712 27
0 76 960 28 10
0 297 30 200 80
0 521 30 208 80
0 664 697 162 68
0 664 607 437 27
0 665 647 274 27
0 666 545 106 26
0 753 30 188 80
0 965 30 213 80
0 1257 697 199 68
0 1258 647 401 27
0 1258 607 316 27
0 1259 545 72 26
0 1264 1065 187 68
0 1264 1014 735 27
0 1265 952 106 28
0 1849 697 199 68
0 1850 647 451 27
0 1850 607 227 27
0 1850 545 105 33
