0 61 30 201 80
0 71 1025 183 68
0 71 697 175 68
0 71 647 386 27
0 71 607 366 27
0 71 545 100 26
0 71 330 184 68
0 71 218 89 33
0 72 974 803 27
0 72 912 88 29
0 72 279 770 27
0 286 30 188 80
0 498 30 201 80
0 664 697 190 68
0 665 647 413 27
0 665 607 320 27
0 665 544 81 28
0 669 552 24 10
0 723 30 211 80
0 1257 697 193 68
0 1257 607 427 27
0 1258 647 325 27
0 1259 545 105 33
0 1264 1025 179 68
0 1264 913 94 27
0 1266 974 714 27
0 1849 697 194 68
0 1849 545 92 27
0 1850 647 374 27
0 1850 607 357 27
