0 61 30 209 80
0 71 1065 204 68
0 71 953 92 33
0 71 737 183 68
0 71 330 194 68
0 72 687 207 27
0 72 607 228 27
0 72 279 692 27
0 73 1014 823 27
0 73 647 320 27
0 73 545 98 33
0 73 218 86 33
0 294 30 217 80
0 535 30 209 80
0 664 697 205 68
0 664 607 421 27
0 665 647 322 27
0 666 545 75 26
0 768 30 203 80
0 1257 697 209 68
0 1257 607 386 27
0 1257 545 108 33
0 1258 647 318 27
0 1264 330 208 68
0 1265 218 107 27
0 1266 279 795 27
0 1849 697 199 68
0 1850 647 374 27
0 1851 607 360 27
0 1851 544 104 34
