0 61 30 201 80
0 71 1025 201 68
0 71 913 102 33
0 71 697 186 68
0 71 330 198 68
0 72 647 378 27
0 72 607 362 27
0 72 279 734 27
0 73 974 707 27
0 73 545 100 33
0 73 218 70 26
0 286 30 192 80
0 502 30 196 80
0 664 697 195 68
0 664 647 277 27
0 664 607 455 27
0 665 544 118 34
0 669 552 23 10
0 722 30 223 80
0 969 30 169 80
0 1257 697 195 68
0 1257 647 269 27
0 1257 607 462 27
0 1257 545 99 27
0 1264 1025 167 68
0 1265 974 773 27
0 1265 913 68 27
0 1849 697 196 68
0 1849 647 332 27
0 1850 607 368 27
0 1851 544 89 34
