0 61 30 184 80
0 71 1025 195 68
0 71 657 178 68
0 71 330 196 68
0 72 934 440 27
0 72 607 783 27
0 72 544 97 34
0 73 974 280 27
0 73 873 101 26
0 73 279 773 27
0 73 218 85 33
0 76 554 25 8
0 269 30 199 80
0 492 30 194 80
0 664 1025 186 68
0 665 974 368 27
0 665 934 346 27
0 666 873 90 33
0 710 30 196 80
0 930 30 203 80
0 1256 974 324 27
0 1257 1025 195 68
0 1257 934 346 27
0 1259 873 107 26
0 1264 330 204 68
0 1266 279 719 27
0 1267 218 92 33
0 1849 1025 166 68
0 1849 934 465 27
0 1850 974 298 27
0 1851 873 95 27
