0 61 30 204 80
0 71 1025 177 68
0 71 873 61 27
0 71 657 168 68
0 71 607 720 27
0 71 545 122 33
0 71 330 163 68
0 71 218 95 26
0 72 974 302 27
0 72 279 732 27
0 73 934 449 27
0 289 30 190 80
0 503 30 212 80
0 664 1025 181 68
0 664 974 414 27
0 665 934 297 27
0 665 872 119 34
0 1257 1025 186 68
0 1257 934 363 27
0 1258 974 352 27
0 1259 873 106 26
0 1264 657 185 68
0 1264 545 106 33
0 1266 607 700 27
0 1849 1025 186 68
0 1849 873 95 26
0 1850 974 313 27
0 1850 934 421 27
