0 61 30 206 80
0 71 1025 208 68
0 71 697 198 68
0 71 370 200 68
0 71 319 471 27
0 71 279 258 27
0 73 974 786 27
0 73 913 112 33
0 73 647 739 27
0 73 585 99 26
0 73 218 90 26
0 291 30 207 80
0 522 30 220 80
0 664 370 202 68
0 664 218 96 26
0 665 319 310 27
0 665 279 433 27
0 1257 370 205 68
0 1258 319 277 27
0 1258 279 476 27
0 1259 218 89 33
0 1264 1025 203 68
0 1265 974 727 27
0 1266 912 98 28
0 1270 920 23 10
0 1849 370 191 68
0 1849 218 106 27
0 1850 279 432 27
0 1851 319 310 27
