0 61 30 196 80
0 70 279 721 27
0 71 1025 161 68
0 71 657 186 68
0 71 330 205 68
0 72 934 407 27
0 72 607 737 27
0 72 544 82 34
0 73 974 302 27
0 73 873 82 33
0 73 218 99 26
0 281 30 200 80
0 505 30 213 80
0 664 1025 169 68
0 664 934 335 27
0 664 873 104 33
0 665 974 382 27
0 1257 1025 206 68
0 1257 934 396 27
0 1257 873 94 26
0 1258 974 330 27
0 1264 657 205 68
0 1266 607 732 27
0 1267 545 102 33
0 1849 1025 209 68
0 1850 974 430 27
0 1850 934 350 27
0 1852 873 86 33
