0 61 30 225 80
0 71 1025 188 68
0 71 657 188 68
0 71 607 689 27
0 71 330 180 68
0 72 974 284 27
0 72 934 411 21
0 72 544 87 28
0 72 279 707 27
0 73 873 92 26
0 73 218 105 33
0 310 30 201 80
0 535 30 207 80
0 663 873 106 26
0 664 1025 196 68
0 664 974 445 27
0 665 934 327 27
0 766 30 186 80
0 976 30 201 80
0 1257 1025 190 68
0 1257 974 336 27
0 1257 934 431 27
0 1258 872 99 29
0 1264 330 213 68
0 1265 279 800 27
0 1265 218 82 33
0 1849 1025 201 68
0 1851 974 448 27
0 1851 934 249 27
0 1851 873 88 27
