0 61 30 197 80
0 71 1065 200 68
0 71 697 190 68
0 71 607 374 27
0 71 330 181 68
0 72 1014 729 27
0 72 952 98 29
0 72 647 364 27
0 73 545 87 26
0 73 279 663 27
0 73 218 73 26
0 282 30 220 80
0 526 30 197 80
0 663 545 91 33
0 664 697 199 68
0 664 647 339 27
0 665 607 387 27
0 1257 697 192 68
0 1257 607 266 27
0 1258 647 477 27
0 1258 544 105 28
0 1264 1065 200 68
0 1265 1014 735 27
0 1267 953 112 33
0 1849 737 218 68
0 1849 647 495 27
0 1849 545 78 26
0 1850 687 131 27
0 1850 607 157 27
