0 61 30 195 80
0 71 1025 180 68
0 71 697 204 68
0 71 330 183 68
0 71 279 785 27
0 71 218 105 33
0 72 974 721 27
0 72 647 284 27
0 72 607 468 27
0 73 913 109 33
0 73 545 105 26
0 280 30 241 80
0 545 30 201 80
0 664 697 211 68
0 665 647 427 27
0 665 607 341 27
0 666 545 102 33
0 770 30 191 80
0 1257 697 208 68
0 1258 647 357 27
0 1258 607 311 27
0 1258 544 86 34
0 1264 1025 199 68
0 1265 912 106 34
0 1266 974 762 27
0 1849 697 205 68
0 1850 647 340 27
0 1850 607 354 27
0 1851 545 114 27
