0 61 30 209 80
0 71 1065 199 68
0 71 737 191 68
0 71 687 676 27
0 71 370 214 68
0 71 279 372 27
0 72 1014 758 27
0 72 624 93 34
0 73 953 99 33
0 73 319 365 27
0 73 218 75 33
0 76 632 24 10
0 294 30 217 80
0 664 410 187 68
0 664 319 375 27
0 664 279 189 27
0 665 359 125 27
0 666 218 84 26
0 1256 281 41 25
0 1257 410 193 68
0 1257 359 226 27
0 1257 319 475 27
0 1257 218 89 33
0 1264 1065 190 68
0 1265 1014 767 27
0 1267 953 102 33
0 1849 370 208 68
0 1850 319 300 27
0 1850 217 85 34
0 1851 279 475 27
