0 61 30 199 80
0 70 974 390 27
0 71 1025 193 68
0 71 873 102 33
0 71 657 206 68
0 71 330 190 68
0 72 934 344 27
0 72 607 754 27
0 72 544 120 34
0 72 279 743 27
0 73 218 81 33
0 284 30 222 80
0 530 30 207 80
0 663 873 81 33
0 664 1025 204 68
0 664 974 330 27
0 664 934 388 27
0 761 30 192 80
0 977 30 213 80
0 1257 1025 196 68
0 1257 974 414 27
0 1258 934 394 27
0 1259 873 78 26
0 1264 657 186 68
0 1265 607 704 27
0 1266 544 107 34
0 1270 553 23 9
0 1849 1025 201 68
0 1849 974 290 27
0 1850 872 71 28
0 1851 934 448 27
