0 61 30 195 80
0 71 1065 185 68
0 71 697 195 68
0 71 330 212 68
0 72 952 103 28
0 72 647 317 27
0 72 544 85 34
0 72 279 783 27
0 73 1014 781 27
0 73 607 403 27
0 73 218 104 33
0 280 30 205 80
0 509 30 220 80
0 664 697 212 68
0 664 607 476 27
0 664 545 88 33
0 665 647 246 27
0 1257 737 222 68
0 1257 687 206 27
0 1257 607 138 27
0 1258 647 375 27
0 1258 544 99 34
0 1264 330 204 68
0 1266 279 736 27
0 1266 217 87 28
0 1849 697 218 68
0 1849 545 82 26
0 1850 647 317 27
0 1850 607 450 27
