0 61 30 199 80
0 71 1065 194 68
0 71 1014 763 27
0 71 737 187 68
0 71 410 193 68
0 71 279 99 27
0 72 952 89 28
0 72 319 396 21
0 73 687 780 27
0 73 625 92 33
0 73 359 223 27
0 73 218 103 33
0 76 960 24 10
0 284 30 183 80
0 491 30 204 80
0 664 370 188 68
0 664 319 249 27
0 664 279 470 27
0 666 218 99 33
0 719 30 210 80
0 1257 370 182 68
0 1258 319 278 27
0 1258 279 443 27
0 1258 217 100 34
0 1264 1065 172 68
0 1265 1014 754 27
0 1266 952 102 34
0 1849 370 200 68
0 1849 279 385 27
0 1850 319 342 27
0 1852 218 98 33
