0 61 30 191 80
0 71 1025 199 68
0 71 697 198 68
0 71 330 207 68
0 71 279 794 27
0 72 974 758 27
0 72 607 439 27
0 73 913 95 33
0 73 647 301 27
0 73 545 79 27
0 73 218 91 27
0 276 30 197 80
0 497 30 193 80
0 664 697 186 68
0 664 647 343 27
0 665 607 435 27
0 666 545 104 27
0 714 30 211 80
0 949 30 205 80
0 1257 697 176 68
0 1257 647 240 27
0 1257 607 442 27
0 1258 544 89 28
0 1262 552 23 10
0 1264 330 208 68
0 1265 218 97 33
0 1266 279 815 27
0 1849 697 212 68
0 1850 544 90 34
0 1851 647 461 27
0 1851 607 234 27
0 1855 552 28 10
