0 61 30 200 80
0 71 1025 202 68
0 71 697 193 68
0 71 647 343 27
0 71 330 203 68
0 72 974 756 27
0 72 912 108 34
0 72 544 89 28
0 73 607 428 27
0 73 279 709 27
0 73 218 99 33
0 76 552 23 10
0 285 30 211 80
0 520 30 208 80
0 664 697 206 68
0 664 647 319 27
0 664 607 453 27
0 664 545 93 27
0 752 30 202 80
0 978 30 219 80
0 1256 545 105 33
0 1257 697 190 68
0 1257 607 452 27
0 1258 647 233 27
0 1264 330 191 68
0 1265 279 725 27
0 1266 217 91 28
0 1849 697 200 68
0 1849 647 346 27
0 1851 607 427 27
0 1852 545 105 26
