0 61 30 211 80
0 71 1025 201 68
0 71 657 221 68
0 71 545 90 33
0 71 330 187 68
0 72 607 762 27
0 72 279 764 27
0 72 218 103 33
0 73 974 260 27
0 73 934 431 27
0 73 873 121 26
0 296 30 198 80
0 518 30 197 80
0 664 1025 182 68
0 664 974 439 27
0 664 934 329 27
0 664 873 101 33
0 739 30 213 80
0 1256 974 294 27
0 1257 1025 190 68
0 1258 934 413 27
0 1259 873 81 33
0 1264 657 190 68
0 1264 545 97 27
0 1266 607 671 27
0 1849 1025 205 68
0 1850 934 430 27
0 1850 872 101 28
0 1851 974 289 27
