0 61 30 205 80
0 71 1025 194 68
0 71 974 330 27
0 71 873 115 33
0 71 657 187 68
0 71 545 101 33
0 71 330 202 68
0 72 934 439 27
0 72 279 790 27
0 73 607 732 27
0 73 218 93 26
0 290 30 204 80
0 664 1025 185 68
0 664 934 380 27
0 665 974 323 27
0 665 872 102 34
0 669 880 23 10
0 1257 1065 185 68
0 1257 1014 138 27
0 1257 940 108 21
0 1258 974 483 27
0 1258 872 116 28
0 1264 330 193 68
0 1265 279 759 27
0 1266 217 106 28
0 1849 1025 197 68
0 1850 974 390 27
0 1850 873 93 27
0 1851 934 370 27
