0 61 30 205 80
0 71 1025 202 68
0 71 657 197 68
0 71 607 789 27
0 71 545 101 27
0 71 330 180 68
0 72 872 98 34
0 72 279 757 27
0 72 217 95 34
0 73 974 358 27
0 73 934 390 27
0 76 880 23 10
0 290 30 200 80
0 664 1025 178 68
0 664 974 322 27
0 664 934 425 27
0 665 872 109 34
0 1257 1025 198 68
0 1257 974 340 27
0 1257 934 382 27
0 1259 873 104 26
0 1264 657 186 68
0 1266 607 766 27
0 1267 545 86 26
0 1849 1025 215 68
0 1849 974 398 27
0 1850 934 371 27
0 1852 873 85 33
