0 61 30 178 80
0 71 1065 185 68
0 71 737 203 68
0 71 687 723 27
0 71 370 205 68
0 71 279 438 27
0 72 1014 702 27
0 72 319 256 27
0 72 217 105 28
0 73 953 82 33
0 73 625 87 26
0 76 225 24 10
0 263 30 214 80
0 501 30 219 80
0 663 218 81 33
0 664 410 190 68
0 664 279 247 27
0 665 359 85 27
0 665 319 393 27
0 744 30 217 80
0 1257 370 201 68
0 1257 319 348 27
0 1257 279 383 27
0 1259 218 102 33
0 1264 1065 208 68
0 1266 1014 753 27
0 1267 953 105 26
0 1849 370 198 68
0 1849 319 304 27
0 1850 279 458 27
0 1852 218 92 27
