0 61 30 190 80
0 71 1025 183 68
0 71 657 214 68
0 71 545 88 33
0 71 330 184 68
0 72 974 368 27
0 72 934 349 27
0 72 872 93 34
0 72 607 740 27
0 73 279 774 27
0 73 218 93 26
0 275 30 209 80
0 508 30 193 80
0 664 1025 183 68
0 665 974 331 27
0 665 934 369 27
0 666 873 92 33
0 725 30 196 80
0 1256 974 337 27
0 1256 873 107 26
0 1257 1025 210 68
0 1258 934 368 27
0 1264 657 193 68
0 1266 607 718 27
0 1267 545 104 33
0 1849 1025 219 68
0 1849 873 73 26
0 1850 974 427 27
0 1850 934 376 27
