0 61 30 209 80
0 71 1065 203 68
0 71 737 188 68
0 71 687 685 27
0 71 370 193 68
0 71 319 269 27
0 72 1014 782 27
0 72 952 84 28
0 72 279 477 27
0 73 625 101 33
0 73 218 94 33
0 294 30 212 80
0 664 410 191 68
0 664 319 501 27
0 665 359 75 21
0 665 279 226 27
0 666 218 88 27
0 1256 218 81 33
0 1257 370 189 68
0 1257 319 302 27
0 1257 279 448 27
0 1264 1065 194 68
0 1264 953 102 26
0 1265 1014 692 27
0 1849 410 192 68
0 1849 319 448 27
0 1849 279 93 27
0 1849 218 115 33
0 1850 359 221 27
