0 61 30 190 80
0 71 1025 191 68
0 71 873 119 27
0 71 657 182 68
0 71 330 198 68
0 72 974 248 27
0 72 934 456 27
0 72 607 763 27
0 73 545 114 33
0 73 279 693 27
0 73 218 75 33
0 275 30 197 80
0 496 30 207 80
0 664 1025 183 68
0 664 934 309 27
0 665 974 423 27
0 666 873 103 26
0 727 30 218 80
0 969 30 162 80
0 1257 1025 203 68
0 1257 934 337 27
0 1258 974 371 27
0 1259 873 105 26
0 1264 330 207 68
0 1265 279 754 27
0 1266 217 84 29
0 1849 1025 173 68
0 1850 974 334 27
0 1851 934 409 27
0 1852 873 83 33
