0 61 30 195 80
0 71 1025 200 68
0 71 913 104 33
0 71 697 192 68
0 71 647 749 27
0 71 585 93 33
0 71 370 175 68
0 71 319 406 27
0 72 974 782 27
0 72 279 335 27
0 72 217 106 34
0 280 30 183 80
0 487 30 211 80
0 664 370 199 68
0 664 319 309 27
0 664 279 451 27
0 665 217 94 34
0 722 30 181 80
0 927 30 206 80
0 1257 370 180 68
0 1257 319 441 27
0 1258 279 277 27
0 1259 218 92 26
0 1264 697 167 68
0 1264 585 100 26
0 1265 647 746 27
0 1849 370 199 68
0 1850 319 423 27
0 1851 279 343 27
0 1852 218 99 26
