0 61 30 199 80
0 71 1065 207 68
0 71 737 190 68
0 71 370 211 68
0 71 279 418 27
0 71 218 104 33
0 72 319 339 27
0 73 1014 685 27
0 73 953 98 26
0 73 687 742 27
0 73 625 78 33
0 284 30 228 80
0 536 30 206 80
0 664 370 189 68
0 664 319 346 27
0 665 279 383 27
0 666 218 97 27
0 766 30 237 80
0 1027 30 216 80
0 1257 370 198 68
0 1257 279 311 27
0 1258 319 400 27
0 1259 218 118 26
0 1264 1065 191 68
0 1264 953 88 26
0 1265 1014 721 27
0 1849 410 198 68
0 1850 319 472 27
0 1851 359 47 21
0 1851 279 215 27
0 1852 218 92 26
