0 61 30 219 80
0 71 1065 198 68
0 71 737 192 68
0 71 370 199 68
0 71 319 341 27
0 71 218 105 26
0 72 1014 758 27
0 72 279 375 27
0 73 953 121 26
0 73 687 773 27
0 73 625 89 33
0 304 30 189 80
0 517 30 223 80
0 664 370 187 68
0 664 319 276 27
0 664 279 476 27
0 666 218 92 26
0 764 30 216 80
0 1257 370 202 68
0 1257 319 318 27
0 1257 279 399 27
0 1259 218 87 26
0 1264 737 184 68
0 1265 687 770 27
0 1267 625 98 33
0 1849 410 205 68
0 1849 279 150 27
0 1849 218 114 33
0 1850 319 360 27
0 1851 359 218 27
