0 61 30 209 80
0 71 1025 212 68
0 71 697 195 68
0 71 647 753 27
0 71 370 189 68
0 72 974 788 27
0 72 584 86 34
0 72 319 233 27
0 72 279 477 27
0 73 913 97 33
0 73 218 98 27
0 294 30 208 80
0 526 30 203 80
0 664 370 205 68
0 664 279 459 27
0 664 218 88 33
0 665 319 274 27
0 753 30 187 80
0 964 30 210 80
0 1257 370 184 68
0 1257 319 242 27
0 1257 279 468 27
0 1257 217 87 28
0 1264 697 180 68
0 1264 585 79 33
0 1266 647 788 27
0 1849 370 189 68
0 1850 319 252 27
0 1850 218 100 33
0 1851 279 450 27
