0 61 30 197 80
0 71 1025 188 68
0 71 697 185 68
0 71 330 197 68
0 71 279 762 27
0 72 974 737 27
0 72 647 268 27
0 72 607 452 27
0 73 913 84 26
0 73 545 104 33
0 73 218 93 33
0 282 30 192 80
0 498 30 178 80
0 663 607 323 27
0 663 545 104 26
0 664 697 186 68
0 664 647 346 27
0 700 30 226 80
0 950 30 183 80
0 1257 697 217 68
0 1257 647 337 27
0 1258 607 418 27
0 1258 544 92 29
0 1264 1025 193 68
0 1266 974 704 27
0 1267 913 99 33
0 1849 697 191 68
0 1849 647 291 27
0 1850 607 445 27
0 1850 544 91 34
0 1855 552 23 10
