0 61 30 211 80
0 70 279 723 27
0 71 1025 182 68
0 71 974 260 27
0 71 657 210 68
0 71 607 680 27
0 71 330 196 68
0 71 218 93 26
0 73 934 444 27
0 73 873 102 26
0 73 545 83 26
0 296 30 199 80
0 519 30 154 80
0 664 1065 201 68
0 664 1014 58 21
0 664 974 435 27
0 664 934 276 27
0 666 873 98 33
0 697 30 186 80
0 1256 873 101 26
0 1257 1025 185 68
0 1257 934 99 27
0 1258 974 551 27
0 1264 330 203 68
0 1265 279 789 27
0 1266 217 105 34
0 1849 1025 196 68
0 1851 974 464 27
0 1851 934 248 27
0 1852 873 102 33
