0 61 30 203 80
0 71 1025 191 68
0 71 974 381 27
0 71 657 203 68
0 71 607 729 27
0 71 545 105 33
0 71 330 178 68
0 72 934 337 27
0 72 872 99 28
0 72 279 710 27
0 73 218 99 26
0 288 30 187 80
0 499 30 213 80
0 664 1025 206 68
0 664 934 425 27
0 665 974 319 27
0 665 872 112 28
0 669 880 24 10
0 736 30 177 80
0 937 30 201 80
0 1256 873 95 33
0 1257 1025 188 68
0 1257 974 220 27
0 1257 934 469 27
0 1264 330 199 68
0 1266 279 701 27
0 1267 218 110 33
0 1849 1025 210 68
0 1849 974 376 27
0 1849 934 326 27
0 1849 873 82 33
