0 61 30 197 80
0 71 1025 170 68
0 71 974 698 27
0 71 913 83 33
0 71 697 202 68
0 71 370 214 68
0 71 319 394 27
0 71 279 317 27
0 72 584 100 28
0 73 647 719 27
0 73 218 99 26
0 282 30 214 80
0 520 30 201 80
0 663 218 112 26
0 664 370 188 68
0 664 279 447 27
0 665 319 316 27
0 745 30 202 80
0 971 30 192 80
0 1257 370 205 68
0 1257 279 229 27
0 1258 319 455 27
0 1259 218 106 26
0 1264 697 161 68
0 1266 647 751 27
0 1266 584 113 29
0 1849 370 186 68
0 1850 279 433 27
0 1851 319 296 27
0 1851 218 84 27
