0 61 30 205 80
0 71 1025 187 68
0 71 934 469 27
0 71 657 194 68
0 71 607 774 27
0 71 330 222 68
0 72 974 246 27
0 72 873 100 26
0 72 544 100 34
0 72 279 777 27
0 72 217 85 34
0 290 30 207 80
0 664 1025 188 68
0 664 974 313 27
0 665 934 461 27
0 665 872 111 28
0 1256 873 95 26
0 1257 1025 187 68
0 1258 974 287 27
0 1258 934 413 27
0 1264 657 202 68
0 1264 545 92 26
0 1265 607 725 27
0 1849 1025 207 68
0 1850 974 290 27
0 1850 872 81 34
0 1851 934 457 27
0 1855 880 23 10
