0 61 30 211 80
0 70 1014 703 27
0 71 1065 186 68
0 71 953 103 26
0 71 697 205 68
0 71 545 90 27
0 71 330 223 68
0 72 647 267 27
0 72 279 775 27
0 73 607 451 27
0 73 218 99 26
0 296 30 185 80
0 505 30 214 80
0 664 697 194 68
0 664 545 83 33
0 665 647 278 27
0 665 607 473 27
0 1257 697 182 68
0 1257 544 121 28
0 1258 647 246 27
0 1258 607 467 27
0 1264 1065 211 68
0 1265 953 113 33
0 1266 1014 739 27
0 1849 737 215 68
0 1850 647 448 27
0 1850 607 145 27
0 1851 687 139 21
0 1852 545 94 26
