0 61 30 200 80
0 71 1025 213 68
0 71 697 207 68
0 71 647 282 27
0 71 330 213 68
0 72 974 720 27
0 72 607 453 27
0 72 217 110 28
0 73 913 101 33
0 73 545 86 26
0 73 279 660 27
0 285 30 189 80
0 498 30 225 80
0 664 697 191 68
0 664 647 277 27
0 664 545 95 26
0 665 607 447 27
0 747 30 219 80
0 1257 697 190 68
0 1257 647 334 27
0 1257 607 401 27
0 1258 544 108 34
0 1264 330 199 68
0 1266 279 718 27
0 1266 217 111 28
0 1270 226 23 9
0 1849 697 203 68
0 1850 647 459 27
0 1851 607 277 27
0 1852 545 87 33
