0 61 30 198 80
0 71 1065 193 68
0 71 974 326 27
0 71 934 246 27
0 71 657 208 68
0 71 330 216 68
0 72 1014 164 27
0 72 607 738 27
0 72 544 124 29
0 73 873 105 33
0 73 279 769 27
0 73 218 94 26
0 283 30 219 80
0 526 30 206 80
0 664 1025 218 68
0 664 974 283 27
0 664 934 481 27
0 666 873 96 26
0 756 30 215 80
0 995 30 197 80
0 1257 1025 201 68
0 1257 974 249 27
0 1257 934 451 27
0 1258 872 105 28
0 1264 330 191 68
0 1264 218 94 33
0 1266 279 749 27
0 1849 1025 179 68
0 1849 873 102 33
0 1851 974 394 27
0 1851 934 420 27
