0 61 30 217 80
0 71 1025 197 68
0 71 697 209 68
0 71 647 244 27
0 71 607 473 27
0 71 545 105 33
0 71 330 203 68
0 73 974 728 27
0 73 913 103 33
0 73 279 752 27
0 73 218 91 33
0 302 30 211 80
0 537 30 223 80
0 664 697 214 68
0 664 607 470 27
0 665 647 268 27
0 666 545 98 27
0 784 30 209 80
0 1017 30 209 80
0 1256 545 82 26
0 1257 697 195 68
0 1257 647 383 27
0 1258 607 357 27
0 1264 330 201 68
0 1264 279 702 27
0 1267 218 77 33
0 1849 697 211 68
0 1849 545 113 26
0 1850 647 402 27
0 1851 607 393 27
