0 61 30 191 80
0 71 1025 193 68
0 71 934 419 27
0 71 657 204 68
0 71 330 188 68
0 72 974 265 27
0 72 279 816 27
0 73 873 76 33
0 73 607 773 27
0 73 545 106 33
0 73 218 93 26
0 276 30 202 80
0 502 30 207 80
0 664 1025 142 68
0 664 974 319 27
0 664 934 415 27
0 664 873 78 33
0 733 30 194 80
0 1257 1025 186 68
0 1257 974 408 27
0 1257 934 387 27
0 1257 873 96 33
0 1264 657 217 68
0 1266 607 707 27
0 1267 545 108 33
0 1849 1025 180 68
0 1851 974 244 27
0 1851 934 467 27
0 1852 873 113 33
