0 61 30 212 80
0 71 1025 186 68
0 71 697 187 68
0 71 370 190 68
0 71 319 308 27
0 72 647 772 27
0 72 584 104 34
0 72 279 420 27
0 72 218 92 33
0 73 974 754 27
0 73 913 114 26
0 297 30 200 80
0 521 30 194 80
0 663 218 102 27
0 664 370 174 68
0 665 319 237 27
0 665 279 469 27
0 1256 319 335 27
0 1257 370 190 68
0 1258 279 380 27
0 1259 218 112 33
0 1264 697 213 68
0 1266 647 738 27
0 1267 585 101 26
0 1849 370 193 68
0 1850 279 368 27
0 1850 217 119 34
0 1851 319 386 27
