0 61 30 218 80
0 71 1025 192 68
0 71 974 301 27
0 71 657 219 68
0 71 330 226 68
0 71 279 708 27
0 72 607 724 27
0 73 934 411 27
0 73 873 100 33
0 73 545 95 33
0 73 218 114 33
0 303 30 189 80
0 516 30 196 80
0 663 873 111 26
0 664 1025 189 68
0 664 974 270 27
0 664 934 466 27
0 736 30 219 80
0 1256 873 104 33
0 1257 1025 198 68
0 1257 974 304 27
0 1258 934 458 27
0 1264 657 193 68
0 1264 545 114 33
0 1266 607 755 27
0 1849 1065 195 68
0 1850 1014 220 27
0 1850 974 382 27
0 1850 872 122 28
0 1851 934 121 27
