0 61 30 203 80
0 71 1025 210 68
0 71 657 200 68
0 71 545 93 26
0 71 330 210 68
0 71 218 106 33
0 72 974 334 27
0 72 872 105 34
0 72 607 764 27
0 73 934 384 27
0 73 279 751 27
0 288 30 199 80
0 511 30 197 80
0 664 1025 197 68
0 664 974 366 27
0 664 934 289 27
0 664 873 91 33
0 1257 1025 199 68
0 1257 974 270 27
0 1257 934 478 27
0 1258 872 95 34
0 1264 330 223 68
0 1264 218 88 33
0 1266 279 745 27
0 1849 1025 184 68
0 1850 872 120 28
0 1851 974 431 27
0 1851 934 372 27
