0 61 30 207 80
0 71 1025 183 68
0 71 974 740 27
0 71 913 102 33
0 71 697 199 68
0 71 370 183 68
0 72 584 102 28
0 72 279 363 27
0 73 647 769 27
0 73 319 375 27
0 73 218 80 27
0 292 30 215 80
0 531 30 200 80
0 664 370 198 68
0 664 319 397 27
0 664 218 89 33
0 665 279 364 27
0 1256 279 334 27
0 1257 370 204 68
0 1258 319 421 27
0 1259 218 82 26
0 1264 1025 191 68
0 1264 697 209 68
0 1265 647 702 27
0 1266 974 749 27
0 1266 584 84 28
0 1267 913 103 33
0 1849 370 197 68
0 1850 319 302 27
0 1850 279 343 27
0 1852 218 111 26
