0 61 30 169 80
0 70 974 758 27
0 70 607 292 27
0 71 1025 204 68
0 71 913 91 27
0 71 697 187 68
0 71 330 202 68
0 72 647 444 27
0 72 545 107 26
0 72 217 92 34
0 73 279 750 27
0 254 30 179 80
0 457 30 202 80
0 664 697 195 68
0 664 607 447 27
0 664 545 112 26
0 665 647 258 27
0 683 30 196 80
0 1257 697 199 68
0 1257 607 469 27
0 1258 647 273 27
0 1259 545 99 33
0 1264 1025 211 68
0 1265 974 733 27
0 1267 913 98 33
0 1849 697 177 68
0 1850 607 471 27
0 1851 647 227 27
0 1852 545 104 33
