0 61 30 200 80
0 71 1025 208 68
0 71 873 92 27
0 71 657 200 68
0 71 607 755 27
0 71 330 194 68
0 72 279 712 27
0 72 218 111 33
0 73 974 239 27
0 73 934 454 27
0 73 545 77 26
0 285 30 184 80
0 493 30 194 80
0 664 1025 192 68
0 664 934 470 27
0 665 974 192 27
0 666 873 91 33
0 711 30 196 80
0 1256 873 97 33
0 1257 1025 204 68
0 1257 934 325 27
0 1258 974 424 27
0 1264 657 165 68
0 1264 330 164 68
0 1265 607 744 27
0 1266 544 107 28
0 1266 279 807 27
0 1267 218 96 26
0 1849 1065 181 68
0 1850 1014 30 21
0 1850 974 478 27
0 1851 934 225 27
0 1852 873 107 26
