0 61 30 195 80
0 71 777 225 68
0 71 727 381 27
0 71 370 191 68
0 71 319 284 27
0 73 687 375 27
0 73 625 95 26
0 73 279 445 27
0 73 218 103 26
0 280 30 196 80
0 500 30 188 80
0 664 777 187 68
0 664 727 362 27
0 664 410 228 68
0 664 359 60 21
0 664 218 102 33
0 665 687 386 27
0 665 319 486 27
0 665 279 164 27
0 666 625 72 26
0 1257 777 232 68
0 1257 727 226 27
0 1257 370 216 68
0 1257 279 291 27
0 1258 687 475 27
0 1258 319 395 27
0 1259 625 96 27
0 1259 218 96 26
0 1849 777 183 68
0 1849 625 106 33
0 1849 370 208 68
0 1850 727 380 27
0 1850 279 419 27
0 1850 217 99 34
0 1851 687 351 27
0 1851 319 258 27
