0 61 30 185 80
0 71 1025 200 68
0 71 974 397 27
0 71 934 336 27
0 71 657 206 68
0 71 330 190 68
0 71 218 90 26
0 73 873 105 33
0 73 607 752 27
0 73 545 91 33
0 73 279 719 27
0 270 30 194 80
0 488 30 195 80
0 664 1025 189 68
0 664 974 358 27
0 664 934 396 27
0 666 873 91 33
0 707 30 195 80
0 926 30 187 80
0 1256 873 73 33
0 1257 1025 203 68
0 1257 980 111 15
0 1257 934 552 27
0 1264 330 174 68
0 1264 218 89 33
0 1266 279 731 27
0 1849 1025 192 68
0 1849 974 414 27
0 1851 934 337 27
0 1852 873 74 33
