0 61 30 207 80
0 71 1025 202 68
0 71 934 473 27
0 71 657 205 68
0 71 545 106 33
0 71 330 191 68
0 72 279 756 27
0 73 974 250 27
0 73 873 93 33
0 73 607 749 27
0 73 218 102 33
0 292 30 216 80
0 532 30 217 80
0 664 1025 191 68
0 665 974 375 27
0 665 934 372 27
0 666 873 101 33
0 773 30 211 80
0 1008 30 203 80
0 1257 1025 171 68
0 1257 974 301 27
0 1258 934 418 27
0 1259 873 77 33
0 1264 330 192 68
0 1266 279 701 27
0 1267 218 90 26
0 1849 1025 196 68
0 1850 974 294 27
0 1851 934 394 27
0 1852 873 83 33
