0 61 30 211 80
0 71 1065 188 68
0 71 737 193 68
0 71 687 697 27
0 71 370 184 68
0 72 1014 736 27
0 72 319 434 27
0 72 279 302 27
0 73 953 106 33
0 73 625 108 33
0 73 218 100 33
0 296 30 231 80
0 664 370 186 68
0 664 319 270 27
0 664 279 446 27
0 666 218 103 33
0 1257 410 191 68
0 1257 359 133 27
0 1257 319 384 27
0 1258 279 198 27
0 1259 218 101 26
0 1264 1065 200 68
0 1265 1014 749 27
0 1267 953 81 33
0 1849 370 202 68
0 1850 319 468 27
0 1850 279 292 27
0 1851 217 94 34
