0 61 30 220 80
0 71 1025 195 68
0 71 974 715 27
0 71 697 211 68
0 71 647 695 27
0 71 370 190 68
0 72 912 106 28
0 72 319 316 27
0 72 279 469 27
0 73 585 111 26
0 73 218 90 33
0 305 30 192 80
0 521 30 205 80
0 663 218 103 26
0 664 370 179 68
0 665 319 273 27
0 665 279 414 27
0 750 30 206 80
0 980 30 199 80
0 1257 370 202 68
0 1258 319 273 21
0 1258 279 427 27
0 1259 218 115 33
0 1264 697 194 68
0 1264 585 88 33
0 1265 647 763 27
0 1849 370 224 68
0 1849 218 89 33
0 1850 279 203 27
0 1851 319 491 27
0 1870 218 22 7
