0 61 30 200 80
0 71 1025 175 68
0 71 934 417 27
0 71 657 193 68
0 71 330 206 68
0 71 279 743 27
0 71 218 103 33
0 72 607 744 27
0 72 544 91 29
0 73 974 265 27
0 73 873 102 33
0 285 30 207 80
0 516 30 201 80
0 664 1025 181 68
0 664 974 323 27
0 664 934 402 27
0 666 873 96 26
0 1257 1025 187 68
0 1257 934 440 27
0 1258 974 257 27
0 1259 873 96 27
0 1264 330 189 68
0 1266 279 677 27
0 1267 218 82 33
0 1849 1025 192 68
0 1851 974 359 27
0 1851 934 402 27
0 1852 873 80 33
