0 61 30 201 80
0 71 1025 186 68
0 71 697 175 68
0 71 370 215 68
0 71 319 325 27
0 71 218 94 33
0 72 974 693 27
0 72 912 96 34
0 72 647 696 27
0 72 279 422 27
0 73 585 101 33
0 286 30 208 80
0 518 30 207 80
0 664 370 165 68
0 664 319 289 27
0 664 218 88 33
0 665 279 387 27
0 749 30 180 80
0 953 30 182 80
0 1257 370 184 68
0 1257 319 354 27
0 1257 279 427 27
0 1259 218 91 33
0 1264 1025 219 68
0 1266 974 685 27
0 1267 913 98 33
0 1849 370 201 68
0 1850 319 374 27
0 1850 279 388 27
0 1850 217 85 34
