0 61 30 217 80
0 71 1025 206 68
0 71 974 553 27
0 71 934 221 21
0 71 873 98 26
0 71 657 215 68
0 71 330 181 68
0 71 218 102 33
0 73 607 716 27
0 73 545 115 26
0 73 279 753 27
0 302 30 223 80
0 549 30 200 80
0 664 1025 202 68
0 664 934 445 27
0 665 974 311 27
0 666 873 97 33
0 773 30 215 80
0 1256 873 105 26
0 1257 1025 189 68
0 1257 934 275 27
0 1258 974 476 27
0 1264 330 195 68
0 1264 218 107 33
0 1266 279 706 27
0 1849 1025 190 68
0 1850 934 449 27
0 1850 873 97 33
0 1851 974 311 27
