0 61 30 223 80
0 71 1025 184 68
0 71 657 199 68
0 71 607 758 27
0 71 545 105 26
0 71 330 188 68
0 71 279 720 27
0 71 218 120 26
0 73 974 273 27
0 73 934 476 27
0 73 873 108 33
0 308 30 225 80
0 557 30 187 80
0 663 934 416 27
0 664 1025 181 68
0 665 974 336 27
0 666 873 91 27
0 1256 873 94 26
0 1257 1025 176 68
0 1257 974 372 27
0 1258 934 340 27
0 1264 657 194 68
0 1265 607 760 27
0 1266 544 94 34
0 1849 1025 201 68
0 1849 974 284 27
0 1851 934 444 27
0 1851 872 106 28
