0 61 30 208 80
0 71 1065 209 68
0 71 1014 748 27
0 71 737 177 68
0 71 370 214 68
0 71 279 437 27
0 72 952 92 34
0 72 687 749 27
0 72 319 331 27
0 73 625 110 33
0 73 218 104 33
0 76 960 24 10
0 293 30 191 80
0 508 30 211 80
0 664 370 202 68
0 664 279 321 27
0 664 218 100 27
0 665 319 406 27
0 743 30 204 80
0 971 30 189 80
0 1257 410 178 68
0 1257 365 30 21
0 1258 319 467 27
0 1258 279 222 27
0 1259 218 106 33
0 1264 1065 200 68
0 1265 1014 723 27
0 1267 953 105 27
0 1849 370 194 68
0 1849 319 226 27
0 1849 279 465 27
0 1851 218 100 27
