0 61 30 211 80
0 71 1065 204 68
0 71 1014 722 27
0 71 737 200 68
0 71 687 726 27
0 71 410 169 68
0 71 359 114 27
0 71 319 366 27
0 71 279 258 27
0 72 952 111 34
0 73 625 70 33
0 73 218 102 33
0 296 30 213 80
0 664 370 194 68
0 664 319 371 27
0 664 279 371 27
0 664 218 102 33
0 1257 410 177 68
0 1257 319 373 27
0 1258 359 104 27
0 1258 279 263 27
0 1258 217 87 34
0 1262 225 23 10
0 1264 1065 203 68
0 1264 953 120 26
0 1266 1014 703 27
0 1849 370 197 68
0 1849 218 103 26
0 1851 319 400 27
0 1851 279 314 27
