0 61 30 198 80
0 70 319 274 27
0 71 1065 225 68
0 71 737 201 68
0 71 625 100 33
0 71 370 207 68
0 71 279 465 27
0 72 1014 704 27
0 72 953 90 33
0 72 687 729 27
0 73 218 89 26
0 283 30 199 80
0 506 30 188 80
0 664 370 207 68
0 665 319 470 27
0 665 279 287 27
0 666 218 88 26
0 718 30 202 80
0 1257 370 208 68
0 1257 319 275 21
0 1258 279 460 27
0 1259 218 105 33
0 1264 737 194 68
0 1264 687 730 27
0 1267 625 89 33
0 1849 410 191 68
0 1850 359 80 27
0 1850 279 238 27
0 1851 319 401 27
0 1852 218 104 33
