0 61 30 211 80
0 71 1065 172 68
0 71 1014 755 27
0 71 737 184 68
0 71 370 193 68
0 71 319 454 27
0 72 687 757 27
0 73 953 98 27
0 73 625 102 33
0 73 279 283 27
0 73 218 93 26
0 296 30 191 80
0 511 30 208 80
0 664 370 194 68
0 664 319 362 27
0 664 279 435 27
0 666 218 112 26
0 743 30 220 80
0 987 30 214 80
0 1257 370 184 68
0 1257 319 358 27
0 1257 279 405 27
0 1258 217 76 28
0 1262 225 23 10
0 1264 1065 171 68
0 1265 1014 744 27
0 1267 953 106 26
0 1849 410 219 68
0 1850 359 104 27
0 1850 319 442 27
0 1850 285 155 21
0 1851 217 97 28
