0 61 30 196 80
0 70 934 407 27
0 71 1025 206 68
0 71 657 198 68
0 71 607 730 27
0 71 545 91 27
0 71 330 194 68
0 71 279 767 27
0 72 974 319 27
0 72 218 93 26
0 73 873 90 27
0 281 30 237 80
0 542 30 203 80
0 664 1025 189 68
0 664 934 389 27
0 665 974 360 27
0 665 872 99 34
0 1257 1025 228 68
0 1257 934 421 27
0 1258 974 363 27
0 1259 873 103 33
0 1264 330 196 68
0 1265 279 744 27
0 1267 218 100 33
0 1849 1025 199 68
0 1851 974 291 27
0 1851 934 433 27
0 1852 873 101 33
