0 61 30 203 80
0 71 1065 162 68
0 71 737 178 68
0 71 625 103 26
0 71 370 189 68
0 71 319 358 27
0 71 279 371 27
0 72 687 740 27
0 73 1014 737 27
0 73 953 100 33
0 73 218 79 26
0 288 30 215 80
0 527 30 196 80
0 664 370 176 68
0 665 319 404 27
0 665 279 390 27
0 665 217 85 29
0 747 30 200 80
0 1257 370 193 68
0 1257 319 375 27
0 1257 279 371 27
0 1259 218 92 26
0 1264 737 206 68
0 1265 687 773 27
0 1267 625 99 26
0 1849 410 195 68
0 1849 359 144 27
0 1849 218 100 26
0 1850 319 475 27
0 1850 279 170 27
0 1870 218 22 7
