0 61 30 191 80
0 71 1065 201 68
0 71 1014 698 27
0 71 697 203 68
0 71 330 187 68
0 71 279 809 27
0 72 647 256 27
0 72 607 446 27
0 73 953 94 26
0 73 545 93 26
0 73 218 109 27
0 276 30 220 80
0 520 30 209 80
0 664 737 200 68
0 664 693 42 21
0 664 647 442 27
0 664 607 320 27
0 666 545 94 27
0 753 30 221 80
0 998 30 215 80
0 1257 697 177 68
0 1257 607 475 21
0 1257 545 75 33
0 1258 647 232 27
0 1264 1065 201 68
0 1265 1014 743 27
0 1265 953 105 33
0 1849 697 208 68
0 1849 545 74 26
0 1850 607 457 27
0 1851 647 184 27
