0 61 30 193 80
0 70 279 724 27
0 71 1065 196 68
0 71 697 198 68
0 71 607 403 27
0 71 330 198 68
0 71 218 99 27
0 72 1014 731 27
0 72 953 114 33
0 72 647 338 27
0 72 544 113 29
0 278 30 214 80
0 516 30 203 80
0 664 697 187 68
0 664 647 250 27
0 665 607 451 27
0 666 545 114 33
0 1257 737 205 68
0 1257 647 423 27
0 1257 607 211 27
0 1257 545 92 33
0 1258 687 84 27
0 1264 1065 191 68
0 1264 1014 729 27
0 1264 953 93 33
0 1849 697 195 68
0 1850 544 111 28
0 1851 647 529 27
0 1851 607 283 27
