0 61 30 189 80
0 71 1025 202 68
0 71 934 433 27
0 71 657 200 68
0 71 607 774 27
0 71 545 104 33
0 71 330 198 68
0 71 218 106 33
0 72 974 287 27
0 72 873 95 26
0 73 279 776 27
0 274 30 207 80
0 505 30 201 80
0 663 1014 37 27
0 664 1065 209 68
0 664 873 95 27
0 665 974 445 27
0 665 934 234 27
0 730 30 211 80
0 1257 1025 203 68
0 1258 974 438 27
0 1258 934 335 27
0 1259 873 101 33
0 1264 330 190 68
0 1264 218 70 33
0 1266 279 747 27
0 1849 1025 187 68
0 1849 974 279 27
0 1849 873 82 33
0 1850 934 448 27
