0 61 30 192 80
0 71 1025 202 68
0 71 697 199 68
0 71 647 328 27
0 71 330 178 68
0 71 279 759 27
0 71 218 111 27
0 72 607 459 27
0 73 974 720 27
0 73 913 109 33
0 73 545 98 33
0 277 30 194 80
0 495 30 195 80
0 664 697 189 68
0 665 647 273 27
0 665 607 453 27
0 665 544 98 28
0 714 30 218 80
0 1256 545 103 33
0 1257 697 184 68
0 1257 607 398 27
0 1258 647 394 27
0 1264 330 182 68
0 1265 279 772 27
0 1267 218 87 33
0 1849 697 182 68
0 1850 647 294 27
0 1851 607 444 27
0 1851 544 104 34
