0 61 30 215 80
0 71 1025 208 68
0 71 697 204 68
0 71 370 201 68
0 71 319 378 27
0 72 974 761 27
0 72 912 92 34
0 72 647 735 27
0 72 279 346 27
0 73 585 100 26
0 73 218 86 26
0 300 30 195 80
0 519 30 197 80
0 664 370 187 68
0 664 218 100 33
0 665 319 346 27
0 665 279 382 27
0 1257 370 204 68
0 1257 319 419 27
0 1257 279 361 27
0 1258 217 96 28
0 1262 227 25 8
0 1264 1025 191 68
0 1266 974 762 27
0 1266 912 98 29
0 1849 370 225 68
0 1850 279 334 27
0 1851 319 397 27
0 1852 218 123 33
