0 61 30 210 80
0 71 1025 187 68
0 71 873 113 33
0 71 657 198 68
0 71 545 92 26
0 71 330 212 68
0 71 279 721 27
0 72 974 365 27
0 72 934 336 27
0 72 607 706 27
0 73 218 75 33
0 295 30 211 80
0 530 30 225 80
0 664 1025 166 68
0 664 974 406 27
0 664 934 336 27
0 666 873 99 33
0 779 30 214 80
0 1017 30 203 80
0 1257 1025 187 68
0 1257 974 394 27
0 1257 934 393 27
0 1259 873 77 26
0 1264 657 188 68
0 1265 607 719 27
0 1265 545 113 33
0 1849 1025 189 68
0 1850 872 118 29
0 1851 974 351 27
0 1851 934 403 27
