0 61 30 201 80
0 71 1065 209 68
0 71 1014 669 27
0 71 953 102 33
0 71 737 213 68
0 71 687 74 21
0 71 330 189 68
0 72 647 473 27
0 72 279 736 27
0 73 607 194 27
0 73 545 114 26
0 73 218 105 33
0 286 30 202 80
0 512 30 205 80
0 664 697 183 68
0 664 607 463 27
0 665 647 327 27
0 666 545 102 26
0 1053 1264 296 27
0 1257 697 215 68
0 1257 607 471 27
0 1258 647 277 27
0 1259 545 94 33
0 1264 1065 186 68
0 1266 1014 769 27
0 1267 953 96 33
0 1849 737 193 68
0 1849 647 315 27
0 1850 687 179 27
0 1850 607 267 27
0 1852 545 93 33
