0 61 30 223 80
0 70 647 421 27
0 71 1065 198 68
0 71 697 186 68
0 71 607 334 27
0 71 330 201 68
0 71 218 90 27
0 72 1014 735 27
0 72 952 94 34
0 72 279 759 27
0 73 545 63 26
0 308 30 188 80
0 520 30 188 80
0 664 697 185 68
0 664 607 462 27
0 665 647 313 27
0 665 544 91 34
0 669 552 23 10
0 732 30 205 80
0 1257 737 192 68
0 1257 545 105 33
0 1258 687 106 27
0 1258 647 462 27
0 1258 607 145 27
0 1264 330 182 68
0 1266 279 744 27
0 1267 218 120 26
0 1849 697 202 68
0 1849 607 314 27
0 1850 647 367 27
0 1852 545 80 26
