0 61 30 203 80
0 71 1065 177 68
0 71 697 195 68
0 71 647 343 27
0 71 545 92 26
0 71 330 184 68
0 72 1014 695 27
0 72 607 407 27
0 72 279 781 27
0 73 953 91 33
0 73 218 87 33
0 288 30 215 80
0 527 30 205 80
0 664 737 190 68
0 664 647 403 27
0 664 607 193 27
0 665 687 148 27
0 666 545 101 26
0 1256 545 93 33
0 1257 697 203 68
0 1257 647 339 27
0 1258 607 351 27
0 1264 1065 182 68
0 1266 1014 815 27
0 1267 953 110 33
0 1849 697 178 68
0 1850 647 270 27
0 1850 544 94 34
0 1851 607 471 27
