0 61 30 213 80
0 71 1065 195 68
0 71 1014 770 27
0 71 737 220 68
0 71 625 81 26
0 71 370 193 68
0 72 952 95 29
0 72 279 392 27
0 73 687 762 27
0 73 319 306 27
0 73 218 109 27
0 298 30 203 80
0 525 30 212 80
0 664 410 206 68
0 664 359 185 27
0 664 218 89 27
0 665 319 434 27
0 665 279 126 27
0 761 30 209 80
0 1257 370 190 68
0 1257 319 380 27
0 1258 279 349 27
0 1259 218 101 33
0 1264 737 176 68
0 1264 687 718 27
0 1267 625 100 27
0 1849 370 212 68
0 1851 319 287 27
0 1851 279 477 27
0 1852 218 115 33
