0 61 30 200 80
0 71 1025 188 68
0 71 873 77 26
0 71 657 200 68
0 71 607 696 27
0 71 330 185 68
0 71 279 733 27
0 72 974 466 27
0 72 934 280 27
0 73 545 93 33
0 73 218 93 33
0 285 30 211 80
0 664 1025 179 68
0 664 974 384 27
0 664 934 297 27
0 666 873 68 33
0 1257 1065 184 68
0 1257 974 361 27
0 1257 872 118 28
0 1258 1014 197 27
0 1258 934 209 27
0 1264 657 191 68
0 1265 607 744 27
0 1265 545 112 26
0 1849 1025 188 68
0 1851 974 261 27
0 1851 934 439 27
0 1851 872 96 28
