0 61 30 226 80
0 71 1065 200 68
0 71 1014 711 27
0 71 953 80 27
0 71 697 224 68
0 71 647 285 27
0 71 545 108 33
0 71 330 197 68
0 72 279 787 27
0 73 607 446 27
0 73 218 92 26
0 311 30 216 80
0 551 30 223 80
0 663 647 306 27
0 663 607 397 27
0 664 697 218 68
0 666 545 88 26
0 798 30 182 80
0 1257 737 181 68
0 1257 693 45 21
0 1257 647 441 27
0 1257 607 230 27
0 1259 545 103 26
0 1264 330 177 68
0 1264 279 700 27
0 1267 218 99 33
0 1849 697 216 68
0 1849 545 96 26
0 1850 647 230 27
0 1851 607 470 27
