0 61 30 205 80
0 71 1025 177 68
0 71 934 413 27
0 71 657 197 68
0 71 545 126 26
0 71 330 178 68
0 71 218 82 26
0 72 974 336 27
0 72 607 733 27
0 72 279 739 27
0 73 873 106 26
0 290 30 205 80
0 519 30 199 80
0 664 1025 194 68
0 664 934 458 27
0 664 873 101 33
0 665 974 274 27
0 1257 1025 197 68
0 1257 974 347 27
0 1258 934 416 27
0 1259 873 113 33
0 1264 330 216 68
0 1264 218 85 26
0 1265 279 750 27
0 1849 1025 216 68
0 1850 974 272 27
0 1851 934 440 27
0 1852 873 96 33
