0 61 30 202 80
0 71 1025 168 68
0 71 657 205 68
0 71 545 88 33
0 71 330 193 68
0 71 279 682 27
0 71 218 99 33
0 72 974 296 27
0 72 607 768 27
0 73 934 427 27
0 73 873 102 33
0 287 30 210 80
0 521 30 203 80
0 664 1025 194 68
0 664 974 427 27
0 664 934 299 27
0 665 872 102 34
0 1257 1025 216 68
0 1257 974 271 27
0 1258 934 434 27
0 1259 873 111 26
0 1264 657 227 68
0 1264 545 103 26
0 1266 607 719 27
0 1849 1025 189 68
0 1850 974 330 27
0 1850 934 431 27
0 1851 873 81 27
