0 61 30 198 80
0 70 974 772 27
0 71 1025 213 68
0 71 697 184 68
0 71 647 280 27
0 71 545 108 26
0 71 330 212 68
0 72 607 474 27
0 72 217 99 34
0 73 913 106 26
0 73 279 822 27
0 283 30 180 80
0 487 30 198 80
0 664 697 177 68
0 664 607 435 27
0 664 545 122 27
0 665 647 294 27
0 709 30 181 80
0 914 30 213 80
0 1257 697 206 68
0 1257 647 276 27
0 1257 607 424 27
0 1258 544 95 28
0 1264 330 181 68
0 1264 218 96 26
0 1265 279 759 27
0 1849 697 186 68
0 1849 647 282 27
0 1850 607 478 27
0 1852 545 104 33
