0 61 30 216 80
0 71 1025 172 68
0 71 873 98 33
0 71 657 204 68
0 71 545 80 33
0 71 330 210 68
0 72 974 467 27
0 72 607 711 27
0 72 279 785 27
0 73 934 317 27
0 73 218 98 26
0 301 30 211 80
0 536 30 233 80
0 663 873 92 26
0 664 1025 185 68
0 664 974 438 27
0 665 934 327 27
0 793 30 192 80
0 1256 974 331 27
0 1256 873 92 33
0 1257 1025 149 68
0 1258 934 410 27
0 1264 657 195 68
0 1265 607 660 27
0 1267 545 96 27
0 1849 1025 195 68
0 1850 974 334 27
0 1850 872 127 28
0 1851 934 426 27
