0 61 30 205 80
0 71 1025 200 68
0 71 657 190 68
0 71 545 106 33
0 71 330 178 68
0 72 974 379 27
0 72 607 741 27
0 72 279 754 27
0 73 934 402 27
0 73 873 82 27
0 73 218 97 33
0 290 30 194 80
0 508 30 214 80
0 664 1025 192 68
0 664 934 301 27
0 665 974 403 27
0 665 872 87 34
0 1257 1025 169 68
0 1257 974 350 27
0 1257 934 450 27
0 1259 873 86 33
0 1264 330 198 68
0 1265 279 736 27
0 1267 218 93 33
0 1849 1025 198 68
0 1849 934 328 27
0 1849 873 114 26
0 1850 974 348 27
