0 61 30 214 80
0 71 1065 186 68
0 71 737 195 68
0 71 370 214 68
0 71 218 105 33
0 72 1014 702 27
0 72 953 93 33
0 72 687 792 27
0 72 319 410 27
0 72 279 321 27
0 73 625 98 26
0 299 30 182 80
0 505 30 208 80
0 663 319 213 27
0 664 370 203 68
0 665 279 455 27
0 666 218 96 33
0 737 30 223 80
0 984 30 186 80
0 1256 218 106 33
0 1257 370 198 68
0 1257 319 266 27
0 1258 279 468 27
0 1264 1065 194 68
0 1265 1014 697 27
0 1267 953 77 26
0 1849 410 182 68
0 1849 319 464 27
0 1850 359 170 27
0 1851 279 112 27
0 1852 218 93 26
