0 61 30 202 80
0 70 687 742 27
0 71 1065 228 68
0 71 737 196 68
0 71 370 218 68
0 72 1014 706 27
0 72 319 402 27
0 72 279 355 27
0 73 953 86 33
0 73 625 112 33
0 73 218 95 33
0 287 30 201 80
0 512 30 209 80
0 663 218 86 33
0 664 370 208 68
0 665 319 206 27
0 665 279 439 27
0 745 30 201 80
0 970 30 191 80
0 1256 279 308 27
0 1257 370 208 68
0 1257 319 403 27
0 1259 218 78 33
0 1264 737 199 68
0 1265 687 742 27
0 1267 625 92 33
0 1849 410 218 68
0 1849 279 173 21
0 1850 359 63 27
0 1850 319 430 27
0 1850 218 89 33
