0 61 30 181 80
0 71 1025 206 68
0 71 657 193 68
0 71 330 198 68
0 72 974 257 27
0 72 934 469 27
0 72 607 752 27
0 72 545 85 26
0 72 217 101 28
0 73 873 101 33
0 73 279 732 27
0 266 30 239 80
0 529 30 201 80
0 664 1025 198 68
0 665 974 336 27
0 665 934 364 27
0 666 873 98 26
0 1257 1025 192 68
0 1257 934 333 27
0 1258 974 428 27
0 1259 873 92 33
0 1264 330 194 68
0 1265 279 741 27
0 1266 217 105 34
0 1849 1025 184 68
0 1849 873 77 33
0 1850 974 288 27
0 1851 934 461 27
