0 61 30 209 80
0 71 1025 172 68
0 71 657 210 68
0 71 607 722 27
0 71 330 208 68
0 72 974 276 27
0 72 934 423 27
0 72 544 92 34
0 72 279 755 27
0 72 217 104 29
0 73 873 107 26
0 76 552 24 10
0 294 30 221 80
0 539 30 197 80
0 663 873 90 33
0 664 1025 202 68
0 664 974 283 27
0 664 934 477 27
0 760 30 209 80
0 1256 974 316 27
0 1256 873 92 33
0 1257 1025 184 68
0 1258 934 440 27
0 1264 657 203 68
0 1265 607 726 27
0 1266 544 96 34
0 1849 1025 179 68
0 1850 974 317 27
0 1851 934 382 27
0 1852 873 96 33
