0 61 30 204 80
0 71 1025 210 68
0 71 657 206 68
0 71 330 177 68
0 71 218 77 33
0 72 974 381 27
0 72 934 320 27
0 72 607 749 27
0 72 279 761 27
0 73 873 103 26
0 73 545 100 26
0 289 30 209 80
0 522 30 210 80
0 664 1025 209 68
0 664 974 289 27
0 664 934 475 27
0 666 873 99 33
0 756 30 190 80
0 970 30 222 80
0 1257 1025 181 68
0 1257 974 327 27
0 1257 934 460 27
0 1259 873 96 26
0 1264 330 187 68
0 1265 218 85 33
0 1266 279 789 27
0 1849 1025 191 68
0 1849 873 98 26
0 1850 934 332 27
0 1851 974 391 27
