0 61 30 199 80
0 71 1025 216 68
0 71 974 747 27
0 71 697 212 68
0 71 330 197 68
0 72 647 299 27
0 72 607 418 27
0 72 544 86 34
0 72 279 744 27
0 73 913 80 33
0 73 218 112 33
0 76 554 25 8
0 284 30 204 80
0 512 30 198 80
0 664 697 189 68
0 664 607 430 27
0 665 647 287 27
0 666 545 110 26
0 734 30 199 80
0 957 30 220 80
0 1257 697 184 68
0 1257 647 402 27
0 1257 607 379 27
0 1259 545 78 33
0 1264 1025 178 68
0 1266 974 772 27
0 1267 913 91 33
0 1849 697 194 68
0 1849 545 96 26
0 1850 607 308 27
0 1851 647 407 27
