0 61 30 214 80
0 70 647 476 27
0 71 1065 204 68
0 71 1014 680 27
0 71 953 102 26
0 71 697 173 68
0 71 330 194 68
0 72 607 253 27
0 73 545 67 33
0 73 279 717 27
0 73 218 80 26
0 299 30 198 80
0 521 30 195 80
0 664 737 174 68
0 664 687 93 27
0 664 607 165 27
0 665 647 491 27
0 666 545 108 33
0 670 559 22 7
0 740 30 181 80
0 1257 697 178 68
0 1257 607 293 27
0 1258 647 469 27
0 1259 545 94 26
0 1264 330 193 68
0 1265 279 760 27
0 1267 218 94 33
0 1849 697 193 68
0 1849 647 260 27
0 1850 607 457 27
0 1852 545 95 26
