0 61 30 219 80
0 71 1025 200 68
0 71 657 199 68
0 71 330 207 68
0 72 934 486 27
0 72 607 700 27
0 72 217 104 34
0 73 974 237 27
0 73 873 102 33
0 73 545 89 33
0 73 279 751 27
0 76 225 24 10
0 304 30 213 80
0 541 30 227 80
0 664 1025 211 68
0 664 974 334 27
0 664 934 379 27
0 666 873 115 26
0 792 30 201 80
0 1256 873 100 33
0 1257 1025 169 68
0 1258 974 424 27
0 1258 934 345 27
0 1264 657 189 68
0 1265 607 733 27
0 1267 545 92 33
0 1849 1025 212 68
0 1850 974 416 27
0 1850 934 305 27
0 1852 873 100 26
