0 61 30 212 80
0 70 647 462 27
0 71 1025 182 68
0 71 697 202 68
0 71 330 218 68
0 71 218 86 33
0 72 974 744 27
0 72 607 271 27
0 73 913 115 26
0 73 545 113 26
0 73 279 754 27
0 297 30 217 80
0 538 30 203 80
0 664 697 191 68
0 664 647 244 27
0 664 607 460 27
0 664 545 114 33
0 765 30 225 80
0 1014 30 218 80
0 1257 697 192 68
0 1257 647 237 27
0 1258 607 465 27
0 1259 545 115 33
0 1264 330 204 68
0 1264 218 118 26
0 1265 279 750 27
0 1849 697 206 68
0 1850 647 550 27
0 1850 607 179 27
0 1851 545 118 33
