0 61 30 214 80
0 71 1065 211 68
0 71 1014 709 27
0 71 697 215 68
0 71 647 427 27
0 71 330 195 68
0 72 952 92 28
0 72 607 321 27
0 72 279 728 27
0 72 217 90 34
0 73 545 82 26
0 299 30 192 80
0 515 30 212 80
0 664 697 191 68
0 664 607 391 27
0 665 647 335 27
0 665 544 98 28
0 1257 697 194 68
0 1257 647 360 27
0 1257 607 372 27
0 1259 545 91 33
0 1264 330 208 68
0 1265 279 727 27
0 1267 218 87 33
0 1849 737 183 68
0 1849 647 459 27
0 1850 687 131 27
0 1851 607 171 27
0 1852 545 104 33
