0 61 30 211 80
0 70 647 729 27
0 71 1025 189 68
0 71 697 209 68
0 71 370 203 68
0 72 974 747 27
0 72 585 102 33
0 72 279 332 27
0 73 913 89 26
0 73 319 424 27
0 73 218 123 26
0 296 30 210 80
0 530 30 189 80
0 664 370 182 68
0 664 319 463 27
0 665 279 317 27
0 666 218 88 33
0 743 30 205 80
0 972 30 208 80
0 1256 279 453 27
0 1257 370 204 68
0 1258 319 261 27
0 1259 218 104 33
0 1264 697 193 68
0 1265 647 709 27
0 1266 584 105 28
0 1849 370 204 68
0 1850 319 251 27
0 1850 279 415 27
0 1852 218 103 33
