0 61 30 206 80
0 70 607 713 27
0 71 1025 183 68
0 71 934 445 27
0 71 657 191 68
0 71 330 195 68
0 71 279 722 27
0 72 974 295 27
0 73 873 101 26
0 73 545 69 26
0 73 218 88 33
0 291 30 212 80
0 527 30 192 80
0 664 1025 213 68
0 665 974 345 27
0 665 934 386 27
0 665 872 95 34
0 743 30 197 80
0 1256 873 92 33
0 1257 1065 201 68
0 1257 1014 149 27
0 1258 974 458 27
0 1258 934 133 21
0 1264 657 178 68
0 1266 607 805 27
0 1267 545 88 33
0 1849 1025 220 68
0 1849 934 452 27
0 1850 974 290 27
0 1851 872 120 34
