0 61 30 208 80
0 71 1025 206 68
0 71 697 185 68
0 71 647 777 27
0 71 370 185 68
0 71 218 98 26
0 72 584 77 28
0 72 319 282 27
0 72 279 449 27
0 73 974 752 27
0 73 913 96 27
0 76 592 24 10
0 293 30 199 80
0 516 30 215 80
0 664 370 220 68
0 664 319 213 27
0 664 279 472 27
0 666 218 83 33
0 755 30 201 80
0 980 30 218 80
0 1257 370 187 68
0 1257 319 269 27
0 1258 279 402 27
0 1259 218 108 26
0 1264 697 194 68
0 1266 647 754 27
0 1267 585 105 33
0 1849 370 217 68
0 1850 319 349 27
0 1850 279 369 27
0 1851 218 109 27
