0 61 30 213 80
0 70 974 774 27
0 71 1025 191 68
0 71 697 188 68
0 71 330 182 68
0 72 913 82 33
0 72 607 464 27
0 73 647 314 27
0 73 545 101 33
0 73 279 749 27
0 73 218 76 33
0 298 30 212 80
0 534 30 209 80
0 664 697 194 68
0 664 647 254 27
0 664 607 467 27
0 666 545 91 26
0 767 30 208 80
0 999 30 212 80
0 1256 545 106 33
0 1257 697 186 68
0 1257 607 393 27
0 1258 647 306 27
0 1264 330 167 68
0 1264 218 111 33
0 1265 279 744 27
0 1849 697 204 68
0 1849 647 363 27
0 1851 607 342 27
0 1852 545 101 26
