0 61 30 199 80
0 71 1065 206 68
0 71 1014 775 27
0 71 737 200 68
0 71 370 185 68
0 72 952 89 34
0 72 624 77 28
0 72 319 319 27
0 72 279 457 27
0 72 218 98 33
0 73 687 746 27
0 76 632 24 10
0 284 30 211 80
0 664 370 197 68
0 664 319 302 27
0 664 279 438 27
0 664 218 91 33
0 1257 410 204 68
0 1257 319 513 27
0 1257 217 91 28
0 1258 359 51 21
0 1258 279 207 27
0 1264 737 201 68
0 1264 625 104 33
0 1266 687 721 27
0 1849 370 181 68
0 1849 218 99 33
0 1850 319 272 27
0 1850 279 433 27
