0 61 30 193 80
0 71 1065 200 68
0 71 697 186 68
0 71 330 179 68
0 72 1014 712 27
0 72 544 117 28
0 72 279 716 27
0 72 217 104 34
0 73 953 101 33
0 73 647 313 27
0 73 607 472 27
0 278 30 177 80
0 479 30 192 80
0 663 607 208 27
0 664 737 212 68
0 664 687 251 27
0 665 647 294 27
0 665 544 108 34
0 695 30 200 80
0 919 30 206 80
0 1257 697 209 68
0 1258 647 279 27
0 1258 607 462 27
0 1259 545 106 33
0 1264 330 191 68
0 1265 279 734 27
0 1267 218 92 27
0 1849 697 193 68
0 1849 607 345 27
0 1851 647 347 27
0 1852 545 87 33
