0 61 30 202 80
0 71 1025 210 68
0 71 974 268 27
0 71 934 410 27
0 71 657 193 68
0 71 607 748 27
0 71 545 101 33
0 71 330 198 68
0 71 279 707 27
0 71 218 93 33
0 73 873 110 33
0 287 30 202 80
0 513 30 191 80
0 663 873 89 33
0 664 1065 181 68
0 664 1014 283 27
0 664 934 254 27
0 665 974 235 27
0 728 30 179 80
0 1257 1025 189 68
0 1257 974 329 27
0 1258 934 425 27
0 1259 873 92 26
0 1264 657 201 68
0 1266 607 777 27
0 1267 545 91 27
0 1849 1025 207 68
0 1850 934 391 27
0 1851 974 293 27
0 1852 873 94 33
