0 61 30 199 80
0 71 1065 196 68
0 71 737 179 68
0 71 370 208 68
0 71 319 309 27
0 72 1014 748 27
0 72 687 755 27
0 72 624 105 29
0 72 279 388 27
0 72 217 93 34
0 73 953 98 33
0 284 30 218 80
0 526 30 186 80
0 663 218 100 33
0 664 410 183 68
0 664 359 228 27
0 664 319 370 27
0 664 279 125 27
0 736 30 204 80
0 964 30 225 80
0 1257 370 206 68
0 1257 279 417 27
0 1258 319 324 27
0 1258 217 110 34
0 1849 410 199 68
0 1850 319 363 27
0 1851 359 133 27
0 1851 279 180 27
0 1852 218 107 33
