0 61 30 215 80
0 71 1025 178 68
0 71 873 101 33
0 71 657 221 68
0 71 607 771 27
0 71 545 124 33
0 71 330 161 68
0 72 974 287 27
0 72 934 451 27
0 72 279 737 27
0 72 217 88 34
0 300 30 169 80
0 493 30 190 80
0 664 1025 192 68
0 664 934 409 27
0 665 974 281 27
0 666 873 121 26
0 707 30 209 80
0 940 30 220 80
0 1256 974 442 27
0 1257 1065 208 68
0 1258 1014 103 27
0 1258 934 218 27
0 1259 873 96 33
0 1264 657 178 68
0 1264 607 776 27
0 1267 545 75 26
0 1849 1025 192 68
0 1849 934 464 27
0 1850 974 220 27
0 1852 873 111 33
