0 61 30 224 80
0 71 1025 196 68
0 71 697 201 68
0 71 585 103 26
0 71 370 219 68
0 72 974 685 27
0 72 647 720 27
0 72 319 301 27
0 73 913 78 26
0 73 279 418 27
0 73 218 98 33
0 309 30 195 80
0 528 30 206 80
0 664 370 201 68
0 664 319 388 27
0 664 279 391 27
0 666 218 94 33
0 758 30 196 80
0 978 30 192 80
0 1257 370 176 68
0 1257 319 283 27
0 1258 279 395 27
0 1259 218 91 27
0 1264 1025 197 68
0 1264 913 99 33
0 1266 974 719 27
0 1849 370 189 68
0 1849 218 112 33
0 1850 279 368 27
0 1851 319 297 27
