0 61 30 192 80
0 70 1054 387 27
0 71 1105 196 68
0 71 737 180 68
0 71 585 82 26
0 71 370 205 68
0 71 279 293 27
0 71 218 103 33
0 72 1014 346 27
0 72 953 109 33
0 72 687 321 27
0 72 647 398 27
0 73 319 409 27
0 277 30 199 80
0 500 30 183 80
0 663 953 107 26
0 663 218 101 27
0 664 1105 188 68
0 664 1054 263 27
0 664 1014 457 27
0 664 737 209 68
0 664 687 400 27
0 664 370 195 68
0 664 319 398 27
0 664 279 307 27
0 665 647 385 27
0 665 584 95 34
0 1256 218 122 26
0 1257 1105 204 68
0 1257 1054 466 27
0 1257 1014 316 27
0 1257 737 198 68
0 1257 647 284 27
0 1257 370 188 68
0 1257 319 338 27
0 1257 279 420 27
0 1258 687 466 27
0 1259 953 77 33
0 1259 585 100 33
0 1849 1105 192 68
0 1849 737 170 68
0 1849 585 112 33
0 1849 370 203 68
0 1850 1054 218 27
0 1850 279 431 27
0 1851 1014 442 27
0 1851 687 372 27
0 1851 647 397 27
0 1851 319 293 27
0 1852 953 92 33
0 1852 218 89 33
