0 61 30 208 80
0 71 1025 204 68
0 71 697 212 68
0 71 647 760 27
0 71 370 211 68
0 72 974 766 27
0 72 319 360 27
0 72 279 359 27
0 72 217 105 28
0 73 913 79 33
0 73 585 118 33
0 76 225 23 10
0 293 30 199 80
0 516 30 193 80
0 663 218 106 33
0 664 370 194 68
0 664 279 423 21
0 665 319 303 27
0 733 30 216 80
0 973 30 194 80
0 1257 370 208 68
0 1257 279 448 27
0 1258 319 256 27
0 1259 218 74 33
0 1264 1025 198 68
0 1265 974 730 27
0 1267 913 83 26
0 1849 370 184 68
0 1849 218 102 33
0 1850 319 365 27
0 1851 279 339 27
