0 61 30 197 80
0 71 1025 198 68
0 71 697 211 68
0 71 585 102 26
0 71 370 195 68
0 71 279 388 27
0 72 974 764 27
0 72 647 722 27
0 72 319 371 27
0 72 218 105 33
0 73 913 115 33
0 282 30 216 80
0 522 30 213 80
0 664 370 203 68
0 665 319 360 27
0 665 279 389 27
0 666 218 105 33
0 1257 370 179 68
0 1257 319 304 27
0 1257 279 442 27
0 1258 217 102 34
0 1262 225 28 10
0 1264 697 211 68
0 1264 585 100 33
0 1265 647 802 27
0 1849 370 204 68
0 1849 218 106 26
0 1850 319 274 27
0 1850 279 453 27
