0 61 30 202 80
0 71 1065 193 68
0 71 1014 26 21
0 71 974 476 27
0 71 657 217 68
0 71 330 186 68
0 72 934 206 27
0 72 545 87 33
0 73 873 84 26
0 73 607 737 27
0 73 279 717 27
0 73 218 124 33
0 287 30 199 80
0 664 1025 218 68
0 664 934 366 27
0 664 873 67 33
0 665 974 317 27
0 1256 974 267 27
0 1256 873 97 26
0 1257 1025 192 68
0 1258 934 476 27
0 1264 330 167 68
0 1265 279 745 27
0 1266 217 104 34
0 1849 1025 197 68
0 1849 873 100 33
0 1850 974 466 27
0 1851 934 289 27
