0 61 30 206 80
0 71 1025 210 68
0 71 657 188 68
0 71 545 98 26
0 71 330 181 68
0 72 974 273 27
0 72 607 760 27
0 73 934 427 27
0 73 873 93 27
0 73 279 797 27
0 73 218 93 26
0 291 30 195 80
0 510 30 207 80
0 664 1025 204 68
0 664 974 326 27
0 665 934 378 27
0 666 873 111 26
0 741 30 183 80
0 948 30 200 80
0 1256 934 413 27
0 1257 1025 201 68
0 1257 974 291 27
0 1259 873 100 26
0 1264 657 199 68
0 1265 607 736 27
0 1267 545 88 33
0 1849 1025 197 68
0 1850 974 381 27
0 1850 934 339 27
0 1852 873 89 26
