0 61 30 218 80
0 71 1025 229 68
0 71 974 416 27
0 71 873 87 27
0 71 657 213 68
0 71 607 706 27
0 71 330 191 68
0 72 934 300 27
0 72 217 95 28
0 73 545 89 33
0 73 279 765 27
0 303 30 191 80
0 518 30 193 80
0 664 1025 233 68
0 664 974 401 27
0 664 934 322 27
0 665 872 96 34
0 735 30 205 80
0 1256 974 333 27
0 1257 1025 211 68
0 1258 934 378 27
0 1259 873 74 33
0 1264 330 226 68
0 1264 218 97 26
0 1266 279 752 27
0 1849 1025 202 68
0 1849 974 335 27
0 1849 934 426 27
0 1852 873 93 27
