0 61 30 212 80
0 70 974 381 27
0 71 1025 174 68
0 71 873 95 33
0 71 657 183 68
0 71 545 102 33
0 71 330 206 68
0 71 218 95 27
0 72 934 305 27
0 72 607 746 27
0 72 279 726 27
0 297 30 200 80
0 521 30 214 80
0 664 1025 214 68
0 664 934 300 27
0 665 974 434 27
0 666 873 89 33
0 759 30 199 80
0 982 30 211 80
0 1257 1025 197 68
0 1257 974 185 27
0 1257 934 463 27
0 1259 873 74 33
0 1264 330 212 68
0 1265 218 93 33
0 1266 279 743 27
0 1849 1025 212 68
0 1850 974 262 27
0 1850 934 442 27
0 1852 873 92 33
