0 61 30 173 80
0 71 1025 177 68
0 71 697 205 68
0 71 607 440 27
0 71 330 184 68
0 71 218 102 26
0 72 974 763 27
0 72 647 249 27
0 72 544 102 28
0 73 913 105 26
0 73 279 723 27
0 258 30 195 80
0 477 30 218 80
0 664 697 192 68
0 664 647 320 27
0 665 607 448 27
0 666 545 110 33
0 719 30 209 80
0 1256 545 98 26
0 1257 697 177 68
0 1257 647 286 27
0 1257 607 489 27
0 1264 330 198 68
0 1265 279 733 27
0 1266 217 104 28
0 1849 697 197 68
0 1849 545 112 33
0 1850 647 456 27
0 1851 607 256 27
