0 61 30 197 80
0 70 647 456 27
0 71 1105 199 68
0 71 1054 709 27
0 71 737 206 68
0 71 370 196 68
0 72 687 265 27
0 72 319 428 27
0 72 279 327 27
0 72 217 95 34
0 73 993 102 33
0 73 585 79 26
0 76 225 24 10
0 282 30 207 80
0 513 30 201 80
0 663 585 70 33
0 664 737 190 68
0 664 687 237 27
0 664 370 179 68
0 664 218 76 33
0 665 647 456 27
0 665 319 434 27
0 665 279 293 27
0 738 30 199 80
0 961 30 197 80
0 1256 218 90 27
0 1257 737 208 68
0 1257 687 552 27
0 1257 653 44 21
0 1257 370 192 68
0 1257 279 335 27
0 1258 319 407 27
0 1259 585 99 33
0 1849 777 178 68
0 1849 585 88 33
0 1849 370 198 68
0 1849 279 414 27
0 1849 218 65 33
0 1850 687 449 27
0 1850 647 161 27
0 1851 727 141 27
0 1851 319 319 27
