0 61 30 196 80
0 71 1065 180 68
0 71 697 208 68
0 71 330 207 68
0 72 279 727 27
0 72 218 82 26
0 73 1014 726 27
0 73 953 87 33
0 73 647 402 27
0 73 607 304 27
0 73 545 85 33
0 281 30 199 80
0 663 545 106 27
0 664 737 205 68
0 664 687 140 21
0 665 647 434 27
0 665 607 143 27
0 1257 697 205 68
0 1257 647 377 27
0 1257 607 345 27
0 1259 545 100 33
0 1264 330 196 68
0 1266 279 679 27
0 1267 218 84 33
0 1849 737 208 68
0 1849 545 90 26
0 1850 687 87 27
0 1850 647 472 27
0 1850 607 192 27
