0 61 30 216 80
0 71 1065 209 68
0 71 737 196 68
0 71 687 750 27
0 71 410 211 68
0 71 359 94 27
0 71 279 187 27
0 72 1014 712 27
0 72 319 468 27
0 73 953 83 26
0 73 625 105 33
0 73 218 98 26
0 301 30 191 80
0 664 370 176 68
0 664 279 434 27
0 665 319 263 27
0 666 218 109 26
0 1257 410 205 68
0 1257 365 68 15
0 1257 279 284 27
0 1258 319 406 27
0 1259 218 90 26
0 1264 737 176 68
0 1266 687 742 27
0 1267 625 84 33
0 1849 370 182 68
0 1849 218 112 33
0 1850 319 376 27
0 1851 279 388 27
