0 61 30 195 80
0 70 974 295 27
0 71 1025 210 68
0 71 657 195 68
0 71 330 191 68
0 71 279 819 27
0 73 934 409 27
0 73 873 89 26
0 73 607 753 27
0 73 545 104 26
0 73 218 84 33
0 280 30 195 80
0 664 1025 209 68
0 664 934 472 27
0 665 974 221 27
0 666 873 98 26
0 1256 974 381 27
0 1256 873 103 26
0 1257 1065 212 68
0 1257 1014 120 27
0 1257 934 244 27
0 1264 330 193 68
0 1266 279 725 27
0 1266 217 109 34
0 1849 1025 196 68
0 1850 974 277 27
0 1851 934 426 27
0 1852 873 107 33
