0 0 1366 1011 14
0 61 30 206 80
0 71 1065 193 68
0 71 697 194 68
0 71 607 268 27
0 71 330 203 68
0 71 218 99 33
0 72 1014 757 27
0 72 647 449 27
0 72 544 96 34
0 72 279 716 27
0 73 953 61 26
0 291 30 208 80
0 523 30 208 80
0 663 647 264 27
0 663 545 95 33
0 664 697 197 68
0 664 607 443 27
0 1053 1264 296 27
0 1257 697 203 68
0 1258 647 293 27
0 1258 607 460 27
0 1259 545 106 26
0 1264 1065 209 68
0 1265 1014 722 27
0 1267 953 95 26
0 1849 737 193 68
0 1849 607 190 21
0 1850 544 87 34
0 1851 687 216 21
0 1851 647 331 27
