0 61 30 206 80
0 71 1065 203 68
0 71 737 197 68
0 71 370 196 68
0 71 319 247 27
0 72 687 313 27
0 72 647 400 27
0 72 279 470 27
0 73 1014 674 27
0 73 953 91 33
0 73 585 111 33
0 73 218 115 26
0 291 30 192 80
0 664 737 188 68
0 664 370 208 68
0 664 319 305 27
0 664 279 457 27
0 665 687 344 27
0 665 647 322 27
0 665 217 107 34
0 666 585 89 33
0 1256 319 281 27
0 1257 737 190 68
0 1257 687 246 27
0 1257 647 468 27
0 1257 370 194 68
0 1257 279 426 27
0 1258 217 101 28
0 1259 585 84 33
0 1262 225 28 10
0 1849 737 204 68
0 1849 687 278 27
0 1849 585 94 27
0 1849 370 194 68
0 1850 647 523 27
0 1850 319 297 27
0 1850 279 460 27
0 1852 218 98 33
