0 61 30 220 80
0 71 1065 188 68
0 71 697 199 68
0 71 330 197 68
0 72 1014 771 27
0 72 647 328 27
0 72 607 398 27
0 73 953 117 26
0 73 545 106 27
0 73 279 705 27
0 73 218 104 26
0 305 30 215 80
0 544 30 204 80
0 664 697 194 68
0 664 647 354 27
0 665 607 352 27
0 666 545 108 33
0 772 30 214 80
0 1256 647 431 27
0 1257 737 195 68
0 1258 687 196 27
0 1258 607 104 27
0 1259 545 104 26
0 1264 330 204 68
0 1265 279 762 27
0 1267 218 102 33
0 1849 737 211 68
0 1850 687 201 27
0 1850 544 98 28
0 1851 647 281 27
0 1851 607 250 27
