0 61 30 201 80
0 71 697 198 68
0 71 330 171 68
0 71 279 694 27
0 71 218 105 33
0 73 647 215 27
0 73 607 472 27
0 73 545 126 33
0 286 30 197 80
0 507 30 200 80
0 664 737 161 68
0 664 687 212 27
0 665 647 282 27
0 665 607 242 21
0 666 545 110 26
0 731 30 211 80
0 966 30 202 80
0 1257 697 187 68
0 1257 607 382 27
0 1258 647 396 27
0 1258 544 101 34
0 1264 330 181 68
0 1265 279 759 27
0 1267 218 107 33
0 1849 697 196 68
0 1850 647 301 27
0 1850 607 443 27
0 1852 545 106 33
