0 61 30 198 80
0 71 1065 189 68
0 71 1014 423 27
0 71 974 303 27
0 71 913 86 33
0 71 697 199 68
0 71 330 190 68
0 71 218 97 26
0 72 647 419 27
0 72 544 86 34
0 72 279 761 27
0 73 607 362 27
0 283 30 206 80
0 664 1065 208 68
0 664 697 180 68
0 665 1014 344 27
0 665 974 375 27
0 665 647 340 27
0 665 607 379 27
0 666 913 85 33
0 666 545 92 33
0 1256 974 407 27
0 1257 1065 194 68
0 1257 1014 266 27
0 1257 697 192 68
0 1257 647 266 27
0 1257 545 103 33
0 1258 607 455 27
0 1259 913 104 33
0 1849 1065 208 68
0 1849 913 96 33
0 1849 697 200 68
0 1849 607 382 27
0 1851 1014 223 27
0 1851 974 470 27
0 1851 647 340 27
0 1852 545 95 26
