0 61 30 198 80
0 71 1025 186 68
0 71 697 214 68
0 71 370 171 68
0 71 319 357 27
0 72 912 116 34
0 72 647 727 27
0 72 279 330 27
0 73 974 741 27
0 73 585 87 33
0 73 218 101 26
0 283 30 206 80
0 513 30 200 80
0 663 279 482 27
0 663 218 116 33
0 664 370 173 68
0 664 319 259 27
0 1257 370 211 68
0 1257 319 352 27
0 1257 279 393 27
0 1259 218 108 33
0 1264 697 198 68
0 1265 647 703 27
0 1267 585 113 27
0 1849 370 211 68
0 1850 279 320 27
0 1851 319 411 27
0 1851 218 87 33
