0 61 30 198 80
0 71 1025 191 68
0 71 913 95 26
0 71 697 199 68
0 71 647 320 27
0 71 330 206 68
0 71 279 726 27
0 72 607 374 27
0 72 218 103 33
0 73 974 777 27
0 73 545 95 26
0 283 30 175 80
0 482 30 195 80
0 664 697 215 68
0 664 647 238 27
0 665 607 479 27
0 666 545 96 27
0 701 30 208 80
0 1257 697 209 68
0 1257 647 259 27
0 1257 607 419 27
0 1259 545 91 26
0 1264 1025 195 68
0 1264 974 750 27
0 1267 913 90 26
0 1849 697 200 68
0 1849 647 332 27
0 1850 607 397 27
0 1852 545 108 33
