0 61 30 210 80
0 71 1065 202 68
0 71 737 191 68
0 71 625 83 33
0 71 370 186 68
0 71 279 371 27
0 72 1014 698 27
0 72 687 731 27
0 72 319 337 27
0 73 953 74 33
0 73 218 102 33
0 295 30 200 80
0 664 370 204 68
0 664 279 374 27
0 665 319 423 27
0 665 217 85 34
0 1257 410 181 68
0 1257 359 131 27
0 1257 319 348 27
0 1257 279 192 27
0 1258 217 92 28
0 1264 737 210 68
0 1264 625 114 33
0 1265 687 736 27
0 1849 370 214 68
0 1849 319 293 27
0 1850 279 415 27
0 1852 218 97 33
