0 61 30 200 80
0 71 1025 180 68
0 71 974 430 27
0 71 657 177 68
0 71 607 733 27
0 71 545 103 33
0 71 330 200 68
0 72 934 309 27
0 72 872 107 34
0 72 279 766 27
0 73 218 87 26
0 285 30 196 80
0 664 1025 210 68
0 664 934 447 27
0 664 873 91 27
0 665 974 304 27
0 1256 873 92 33
0 1257 1025 217 68
0 1257 974 317 27
0 1257 934 425 27
0 1264 330 206 68
0 1264 279 728 27
0 1264 218 94 26
0 1849 1065 196 68
0 1850 1014 112 21
0 1850 934 176 27
0 1851 974 432 27
0 1852 873 99 26
