0 61 30 210 80
0 70 934 439 27
0 71 1025 194 68
0 71 657 200 68
0 71 330 201 68
0 72 974 285 27
0 72 872 94 28
0 72 279 777 27
0 73 607 722 27
0 73 545 89 33
0 73 218 99 26
0 295 30 176 80
0 495 30 225 80
0 664 1025 196 68
0 664 974 373 27
0 665 934 354 27
0 665 872 83 28
0 1256 873 104 33
0 1257 1025 211 68
0 1257 974 373 27
0 1257 934 391 27
0 1264 330 228 68
0 1264 279 748 27
0 1265 218 103 33
0 1849 1025 204 68
0 1849 974 338 27
0 1850 934 359 27
0 1852 873 101 33
