0 61 30 214 80
0 71 1025 198 68
0 71 657 198 68
0 71 330 205 68
0 71 218 89 33
0 72 934 473 27
0 72 279 689 27
0 73 974 294 27
0 73 873 103 33
0 73 607 706 27
0 73 545 86 33
0 299 30 168 80
0 664 1025 182 68
0 664 974 227 27
0 664 873 111 26
0 665 934 415 27
0 1257 1025 172 68
0 1257 974 426 27
0 1257 934 320 27
0 1259 873 101 33
0 1263 888 22 7
0 1264 330 205 68
0 1264 218 91 26
0 1265 279 778 27
0 1849 1025 180 68
0 1849 974 290 27
0 1850 934 461 27
0 1852 873 104 33
