0 61 30 216 80
0 71 1025 197 68
0 71 934 354 27
0 71 657 188 68
0 71 330 210 68
0 71 218 108 33
0 73 974 385 27
0 73 873 85 26
0 73 607 799 27
0 73 545 95 26
0 73 279 696 27
0 301 30 212 80
0 663 1014 80 27
0 664 1065 209 68
0 665 974 432 27
0 665 934 240 27
0 666 873 105 26
0 1257 1025 191 68
0 1257 974 351 27
0 1258 934 394 27
0 1258 872 117 34
0 1264 657 222 68
0 1264 607 734 27
0 1264 545 105 26
0 1849 1025 194 68
0 1849 934 464 27
0 1850 974 302 27
0 1851 872 108 28
