0 61 30 203 80
0 71 1025 197 68
0 71 974 330 27
0 71 657 215 68
0 71 330 198 68
0 72 607 763 27
0 72 544 81 34
0 72 279 726 27
0 72 218 102 33
0 73 934 415 27
0 73 873 103 33
0 288 30 219 80
0 531 30 189 80
0 664 1025 205 68
0 664 934 469 27
0 664 873 91 26
0 665 974 283 27
0 744 30 201 80
0 969 30 199 80
0 1257 1025 195 68
0 1257 974 384 27
0 1257 934 366 27
0 1259 873 112 33
0 1264 657 166 68
0 1265 607 747 27
0 1267 545 105 33
0 1849 1065 223 68
0 1849 1014 50 27
0 1850 934 166 27
0 1851 974 478 27
0 1852 873 124 33
