0 61 30 213 80
0 71 1025 209 68
0 71 974 412 27
0 71 657 193 68
0 71 330 176 68
0 71 218 90 33
0 72 934 357 27
0 72 607 769 27
0 72 279 734 27
0 73 873 103 26
0 73 545 111 26
0 298 30 192 80
0 514 30 182 80
0 664 1025 179 68
0 664 974 342 27
0 664 934 409 27
0 664 873 89 33
0 1257 1025 192 68
0 1257 974 414 27
0 1258 934 301 27
0 1258 872 104 34
0 1264 330 179 68
0 1266 279 732 27
0 1266 217 108 34
0 1849 1025 196 68
0 1849 974 263 27
0 1849 873 95 33
0 1851 934 444 27
