0 61 30 203 80
0 71 777 193 68
0 71 727 259 27
0 71 370 169 68
0 71 319 259 27
0 71 218 124 26
0 72 687 422 27
0 72 279 443 27
0 73 625 84 26
0 288 30 210 80
0 522 30 209 80
0 664 817 184 68
0 664 687 202 27
0 664 410 185 68
0 664 218 105 33
0 665 767 81 27
0 665 727 446 27
0 665 624 89 34
0 665 359 31 27
0 665 319 446 27
0 665 279 198 27
0 669 632 23 10
0 1256 218 92 26
0 1257 777 179 68
0 1257 727 280 27
0 1257 625 103 26
0 1257 370 193 68
0 1258 687 455 27
0 1258 319 265 27
0 1258 279 428 27
0 1849 777 175 68
0 1849 687 446 27
0 1849 370 190 68
0 1849 279 346 27
0 1849 218 84 33
0 1851 727 319 27
0 1851 319 375 27
0 1852 625 86 33
