0 61 30 184 80
0 71 1025 193 68
0 71 974 767 27
0 71 697 184 68
0 71 647 808 27
0 71 585 93 33
0 71 370 207 68
0 72 319 448 27
0 72 279 313 27
0 73 913 95 33
0 73 218 97 33
0 269 30 206 80
0 499 30 203 80
0 663 319 253 27
0 664 370 191 68
0 664 218 105 33
0 665 279 414 27
0 726 30 191 80
0 941 30 201 80
0 1256 218 106 26
0 1257 370 190 68
0 1257 279 434 27
0 1258 319 303 27
0 1264 1025 154 68
0 1265 974 721 27
0 1267 913 100 26
0 1849 370 184 68
0 1849 319 410 27
0 1849 279 300 27
0 1852 218 104 26
