0 61 30 193 80
0 71 1025 212 68
0 71 697 185 68
0 71 607 230 27
0 71 330 186 68
0 71 218 82 26
0 72 974 737 27
0 73 913 107 26
0 73 647 537 27
0 73 545 103 27
0 73 279 783 27
0 278 30 213 80
0 515 30 215 80
0 664 697 179 68
0 664 647 447 27
0 665 607 347 27
0 665 544 114 28
0 669 552 24 10
0 754 30 202 80
0 980 30 197 80
0 1257 697 167 68
0 1257 647 213 27
0 1257 545 89 27
0 1258 607 476 27
0 1264 1025 193 68
0 1265 974 742 27
0 1267 913 113 27
0 1849 697 190 68
0 1849 545 112 26
0 1850 647 399 27
0 1851 607 341 27
