0 61 30 196 80
0 71 1025 209 68
0 71 697 205 68
0 71 647 713 27
0 71 370 198 68
0 72 912 89 34
0 72 319 291 27
0 72 218 100 33
0 73 974 692 27
0 73 585 87 26
0 73 279 432 27
0 281 30 233 80
0 538 30 203 80
0 664 370 218 68
0 664 279 553 27
0 665 319 173 27
0 665 217 84 28
0 1256 279 292 27
0 1256 218 102 26
0 1257 370 205 68
0 1258 319 405 27
0 1264 1025 201 68
0 1266 974 690 27
0 1267 913 103 27
0 1849 370 203 68
0 1849 279 444 27
0 1850 319 234 27
0 1852 218 112 26
