0 61 30 198 80
0 71 1065 195 68
0 71 1014 754 27
0 71 737 173 68
0 71 410 205 68
0 71 359 88 27
0 71 279 217 27
0 72 952 87 28
0 72 687 767 27
0 72 319 432 27
0 73 625 81 33
0 73 218 101 27
0 76 962 25 8
0 283 30 207 80
0 514 30 206 80
0 664 370 155 68
0 664 319 273 27
0 665 279 474 27
0 665 217 105 28
0 669 225 28 10
0 744 30 210 80
0 978 30 201 80
0 1256 218 101 26
0 1257 370 198 68
0 1257 319 301 27
0 1257 279 397 27
0 1264 737 171 68
0 1265 687 689 27
0 1267 625 96 33
0 1849 370 186 68
0 1849 319 331 27
0 1849 279 427 27
0 1851 217 96 34
