0 61 30 209 80
0 71 1025 202 68
0 71 657 202 68
0 71 545 86 33
0 71 330 201 68
0 72 934 411 27
0 72 607 789 27
0 72 279 807 27
0 72 218 88 33
0 73 974 322 27
0 73 873 94 27
0 294 30 211 80
0 529 30 212 80
0 663 873 112 33
0 664 1025 187 68
0 664 974 378 27
0 664 934 396 27
0 765 30 194 80
0 1257 1065 203 68
0 1257 1014 252 27
0 1257 974 271 27
0 1258 934 237 27
0 1259 873 105 26
0 1264 330 206 68
0 1265 279 733 27
0 1267 218 90 26
0 1849 1065 197 68
0 1849 934 171 27
0 1849 873 86 26
0 1850 974 446 27
0 1851 1014 124 27
