0 61 30 212 80
0 71 1025 194 68
0 71 697 199 68
0 71 545 72 26
0 71 330 220 68
0 72 974 775 27
0 72 647 337 27
0 72 607 404 27
0 73 913 84 33
0 73 279 758 27
0 73 218 105 26
0 297 30 198 80
0 519 30 172 80
0 663 607 280 27
0 664 697 186 68
0 664 647 452 27
0 666 545 102 33
0 715 30 214 80
0 953 30 204 80
0 1257 697 193 68
0 1257 647 302 27
0 1257 607 436 27
0 1257 545 91 33
0 1264 1025 210 68
0 1266 974 722 27
0 1267 913 99 33
0 1849 697 209 68
0 1850 647 305 27
0 1850 607 426 27
0 1851 544 97 28
