0 61 30 195 80
0 71 1025 174 68
0 71 974 781 27
0 71 913 102 33
0 71 697 194 68
0 71 647 753 27
0 71 370 219 68
0 72 319 295 27
0 72 279 424 27
0 73 585 101 33
0 73 218 98 33
0 280 30 199 80
0 503 30 199 80
0 664 370 189 68
0 664 319 449 27
0 664 279 288 27
0 666 218 113 26
0 726 30 199 80
0 1257 370 194 68
0 1257 319 323 27
0 1257 279 440 27
0 1259 218 93 26
0 1264 1025 214 68
0 1264 913 104 33
0 1266 974 695 27
0 1849 370 206 68
0 1851 319 259 27
0 1851 279 422 27
0 1852 218 104 33
