0 61 30 200 80
0 71 1065 187 68
0 71 697 205 68
0 71 647 325 27
0 71 330 195 68
0 71 279 705 27
0 72 1014 749 27
0 72 952 89 34
0 72 607 402 27
0 73 545 104 26
0 73 218 89 33
0 285 30 219 80
0 528 30 188 80
0 664 737 203 68
0 664 687 208 21
0 664 647 370 27
0 665 607 208 27
0 665 544 103 28
0 1257 697 178 68
0 1257 544 100 28
0 1258 647 312 27
0 1258 607 376 27
0 1264 330 171 68
0 1265 279 807 27
0 1267 218 85 26
0 1849 697 200 68
0 1849 607 370 27
0 1850 647 349 27
0 1852 545 107 33
