0 61 30 215 80
0 70 647 244 27
0 71 1025 194 68
0 71 974 779 27
0 71 913 91 33
0 71 697 197 68
0 71 545 104 27
0 71 330 198 68
0 72 607 514 27
0 72 279 704 27
0 72 217 96 34
0 300 30 191 80
0 515 30 192 80
0 664 697 205 68
0 665 647 334 27
0 665 607 398 27
0 666 545 88 33
0 731 30 186 80
0 1257 697 197 68
0 1257 647 315 27
0 1257 607 459 27
0 1259 545 92 33
0 1264 330 215 68
0 1265 279 773 27
0 1267 218 103 26
0 1849 697 188 68
0 1849 647 316 27
0 1849 545 95 27
0 1851 607 418 27
