0 61 30 213 80
0 71 1065 202 68
0 71 1014 802 27
0 71 737 233 68
0 71 370 222 68
0 71 279 279 27
0 72 687 778 27
0 73 953 70 33
0 73 625 97 33
0 73 319 409 27
0 73 218 93 26
0 298 30 223 80
0 545 30 230 80
0 664 410 200 68
0 664 279 98 27
0 664 218 86 26
0 665 359 258 27
0 665 319 392 27
0 799 30 229 80
0 1052 30 199 80
0 1257 410 206 68
0 1257 359 213 27
0 1257 279 140 21
0 1258 319 352 27
0 1258 217 105 28
0 1264 1065 195 68
0 1265 1014 733 27
0 1265 952 94 28
0 1849 370 195 68
0 1851 319 429 27
0 1851 279 327 27
0 1852 218 89 33
