0 61 30 209 80
0 71 1025 198 68
0 71 657 177 68
0 71 607 708 27
0 71 545 95 33
0 71 330 188 68
0 72 934 303 27
0 72 279 711 27
0 73 974 427 27
0 73 873 96 26
0 73 218 90 26
0 294 30 190 80
0 508 30 209 80
0 663 873 106 27
0 664 1025 217 68
0 664 974 266 27
0 665 934 469 27
0 1257 1025 166 68
0 1258 974 314 27
0 1258 934 392 27
0 1259 873 97 33
0 1264 330 188 68
0 1264 218 108 33
0 1265 279 751 27
0 1849 1025 183 68
0 1849 934 447 27
0 1850 872 95 34
0 1851 974 293 27
