0 61 30 212 80
0 71 1025 210 68
0 71 657 177 68
0 71 330 214 68
0 71 279 706 27
0 72 934 468 27
0 72 607 728 27
0 73 974 245 27
0 73 873 90 33
0 73 545 90 27
0 73 218 69 33
0 297 30 212 80
0 533 30 194 80
0 663 873 101 27
0 664 1025 196 68
0 664 934 413 27
0 665 974 340 27
0 751 30 206 80
0 981 30 202 80
0 1257 1025 181 68
0 1257 974 276 27
0 1258 934 460 27
0 1259 873 103 33
0 1264 657 206 68
0 1264 545 102 26
0 1265 607 789 27
0 1849 1025 212 68
0 1849 873 95 33
0 1850 934 471 27
0 1851 974 284 27
