0 61 30 214 80
0 71 1065 182 68
0 71 953 71 26
0 71 737 194 68
0 71 370 198 68
0 72 319 367 27
0 72 279 376 27
0 72 217 94 28
0 73 1014 750 27
0 73 687 720 27
0 73 625 91 33
0 299 30 189 80
0 512 30 206 80
0 664 370 208 68
0 664 279 423 27
0 665 319 304 27
0 666 218 94 27
0 1257 370 179 68
0 1257 319 311 27
0 1258 279 392 27
0 1259 218 102 33
0 1264 737 205 68
0 1265 687 733 27
0 1267 625 108 26
0 1849 410 196 68
0 1850 319 288 27
0 1850 279 267 27
0 1851 359 201 27
0 1852 218 93 26
