0 61 30 189 80
0 71 1065 184 68
0 71 1014 339 27
0 71 697 205 68
0 71 370 211 68
0 72 647 761 27
0 72 584 125 34
0 72 319 260 27
0 72 279 458 27
0 73 974 403 27
0 73 913 89 33
0 73 218 104 26
0 274 30 198 80
0 663 1014 385 27
0 664 1105 198 68
0 664 1054 122 27
0 664 974 250 27
0 664 370 193 68
0 664 218 93 33
0 665 912 89 28
0 665 319 374 27
0 665 279 424 27
0 669 921 23 9
0 1257 1065 194 68
0 1257 1014 387 27
0 1257 370 174 68
0 1257 319 407 27
0 1257 279 317 27
0 1258 974 336 27
0 1259 913 113 26
0 1259 218 114 26
0 1849 1065 182 68
0 1849 370 214 68
0 1849 279 415 27
0 1850 319 332 21
0 1851 1014 305 21
0 1851 974 408 27
0 1852 913 101 33
0 1852 218 85 33
