0 61 30 186 80
0 70 279 323 27
0 71 737 200 68
0 71 647 413 27
0 71 370 173 68
0 72 319 422 27
0 73 687 321 27
0 73 585 87 33
0 73 218 105 33
0 271 30 217 80
0 512 30 202 80
0 664 777 217 68
0 664 727 229 27
0 664 647 123 27
0 664 370 195 68
0 664 319 377 27
0 664 279 371 27
0 665 687 362 27
0 666 585 81 33
0 666 218 101 26
0 738 30 219 80
0 1257 737 198 68
0 1257 687 233 27
0 1257 370 178 68
0 1257 319 243 27
0 1257 218 106 33
0 1258 647 479 27
0 1258 279 477 27
0 1259 585 90 33
0 1849 737 193 68
0 1849 370 168 68
0 1849 319 285 27
0 1849 218 100 33
0 1850 687 439 27
0 1850 584 129 34
0 1850 279 450 27
0 1851 647 348 27
