0 61 30 209 80
0 71 1065 223 68
0 71 953 121 26
0 71 737 192 68
0 71 370 194 68
0 72 1014 730 27
0 72 687 717 27
0 72 624 105 34
0 72 319 276 27
0 72 279 504 27
0 73 218 78 26
0 294 30 204 80
0 522 30 161 80
0 664 410 204 68
0 664 359 191 27
0 664 319 435 27
0 664 281 95 19
0 665 217 115 29
0 707 30 174 80
0 905 30 202 80
0 1256 218 104 26
0 1257 370 189 68
0 1257 279 246 27
0 1258 319 449 27
0 1264 737 194 68
0 1264 625 109 33
0 1265 687 713 27
0 1849 370 180 68
0 1850 319 326 27
0 1851 279 363 27
0 1852 218 101 33
