0 61 30 206 80
0 71 1065 203 68
0 71 737 189 68
0 71 370 191 68
0 72 1014 768 27
0 72 687 792 27
0 72 319 280 27
0 72 279 453 27
0 72 217 88 34
0 73 953 88 33
0 73 625 108 33
0 291 30 215 80
0 530 30 206 80
0 664 410 173 68
0 664 279 215 27
0 665 359 98 21
0 665 319 462 27
0 665 217 101 34
0 760 30 203 80
0 987 30 203 80
0 1256 319 335 27
0 1257 370 166 68
0 1257 279 367 27
0 1259 218 96 26
0 1264 1065 193 68
0 1265 1014 742 27
0 1267 953 98 26
0 1849 410 194 68
0 1849 218 110 33
0 1850 359 120 21
0 1850 319 445 27
0 1851 279 203 27
