0 61 30 213 80
0 71 1065 195 68
0 71 737 190 68
0 71 410 181 68
0 71 319 409 27
0 72 953 88 33
0 72 687 771 27
0 72 624 91 34
0 72 279 246 27
0 73 1014 694 27
0 73 359 78 21
0 73 218 89 33
0 298 30 204 80
0 526 30 200 80
0 664 370 187 68
0 665 319 373 27
0 665 279 370 27
0 665 217 115 28
0 669 225 23 10
0 750 30 214 80
0 1256 218 88 33
0 1257 370 180 68
0 1257 319 447 27
0 1257 279 304 27
0 1264 737 201 68
0 1266 687 717 27
0 1267 625 80 33
0 1849 370 189 68
0 1850 279 450 27
0 1850 217 102 28
0 1851 319 360 27
0 1855 225 23 10
