0 61 30 214 80
0 70 1014 386 27
0 70 279 348 27
0 71 1105 207 68
0 71 1054 356 27
0 71 737 175 68
0 71 647 436 27
0 71 585 103 33
0 71 370 209 68
0 72 687 275 27
0 72 319 310 27
0 73 953 102 26
0 73 218 94 27
0 299 30 214 80
0 537 30 169 80
0 663 218 93 33
0 664 1105 176 68
0 664 737 173 68
0 664 687 315 27
0 664 370 207 68
0 664 319 281 27
0 665 1054 359 27
0 665 1014 373 27
0 665 647 481 27
0 665 584 93 28
0 665 279 468 27
0 666 953 92 33
0 730 30 188 80
0 1256 953 102 33
0 1257 1105 189 68
0 1257 1014 374 27
0 1257 737 194 68
0 1257 687 435 27
0 1257 370 188 68
0 1257 319 379 27
0 1258 1054 357 27
0 1258 647 333 27
0 1258 279 422 27
0 1259 585 85 26
0 1259 218 102 33
0 1849 1145 193 68
0 1849 737 164 68
0 1849 585 71 26
0 1849 370 191 68
0 1849 279 336 27
0 1849 218 81 33
0 1850 1054 450 27
0 1850 647 433 27
0 1850 319 375 27
0 1851 1100 43 21
0 1851 1014 295 27
0 1851 953 91 33
0 1851 687 260 27
