0 61 30 214 80
0 71 1025 191 68
0 71 657 199 68
0 71 545 98 33
0 71 330 208 68
0 71 279 713 27
0 72 974 236 27
0 72 934 472 27
0 72 873 116 33
0 72 607 767 27
0 72 217 104 29
0 299 30 221 80
0 544 30 195 80
0 664 1025 200 68
0 664 934 387 27
0 665 974 345 27
0 665 872 94 34
0 669 880 23 10
0 763 30 225 80
0 1012 30 220 80
0 1257 1025 195 68
0 1257 974 327 27
0 1257 934 381 27
0 1259 873 108 33
0 1264 330 200 68
0 1264 218 82 26
0 1265 279 778 27
0 1849 1025 199 68
0 1850 934 480 27
0 1850 873 89 33
0 1851 974 182 27
