0 61 30 195 80
0 71 1025 196 68
0 71 697 200 68
0 71 607 368 27
0 71 330 193 68
0 72 974 706 27
0 72 647 404 27
0 72 279 741 27
0 72 218 104 33
0 73 913 97 33
0 73 545 112 33
0 280 30 178 80
0 482 30 191 80
0 664 697 209 68
0 664 647 267 27
0 664 545 88 33
0 665 607 455 27
0 697 30 171 80
0 892 30 205 80
0 1257 697 199 68
0 1257 647 479 27
0 1258 607 232 27
0 1259 545 75 33
0 1264 1025 188 68
0 1264 913 94 26
0 1266 974 756 27
0 1849 697 212 68
0 1850 607 434 27
0 1850 544 94 28
0 1851 647 308 27
