0 61 30 227 80
0 71 1065 168 68
0 71 1014 297 27
0 71 697 202 68
0 71 647 742 27
0 71 585 96 33
0 71 370 202 68
0 71 319 327 27
0 71 218 79 33
0 72 974 395 27
0 72 279 450 27
0 73 913 79 26
0 312 30 205 80
0 541 30 229 80
0 663 913 111 33
0 664 1065 215 68
0 664 974 476 27
0 664 370 190 68
0 664 279 405 27
0 665 1014 257 27
0 665 319 310 27
0 666 218 97 27
0 794 30 225 80
0 1043 30 195 80
0 1257 1065 208 68
0 1257 1014 308 27
0 1257 974 476 27
0 1257 913 106 33
0 1257 370 217 68
0 1257 319 388 27
0 1257 279 339 27
0 1259 218 105 33
0 1264 697 213 68
0 1265 647 647 27
0 1267 585 83 33
0 1849 1065 193 68
0 1849 974 419 27
0 1849 370 194 68
0 1849 279 332 27
0 1850 1014 282 27
0 1851 319 382 27
0 1852 913 91 33
0 1852 218 85 33
