0 61 30 203 80
0 71 1025 199 68
0 71 974 342 27
0 71 873 109 33
0 71 657 192 68
0 71 330 214 68
0 71 218 101 33
0 72 934 418 27
0 72 607 759 27
0 72 279 760 27
0 73 545 80 33
0 288 30 206 80
0 664 1025 205 68
0 664 934 346 27
0 665 974 455 27
0 666 873 92 33
0 1257 1025 195 68
0 1257 934 442 27
0 1258 974 301 27
0 1258 872 116 34
0 1264 657 164 68
0 1264 545 115 33
0 1266 607 752 27
0 1849 1025 192 68
0 1850 934 286 27
0 1850 872 115 34
0 1851 974 532 27
0 1855 880 23 10
