0 61 30 206 80
0 71 1065 202 68
0 71 737 192 68
0 71 687 150 27
0 71 330 193 68
0 72 1014 686 27
0 72 647 424 27
0 72 609 177 25
0 72 217 108 29
0 73 953 93 26
0 73 545 105 26
0 73 279 746 27
0 291 30 215 80
0 530 30 197 80
0 664 697 183 68
0 664 607 421 27
0 665 647 271 27
0 666 545 81 33
0 1257 697 202 68
0 1257 647 408 27
0 1257 607 367 27
0 1259 545 109 26
0 1264 330 193 68
0 1265 279 709 27
0 1267 218 92 33
0 1849 697 206 68
0 1850 607 326 27
0 1851 647 326 21
0 1852 545 102 26
