0 61 30 194 80
0 71 1025 197 68
0 71 697 181 68
0 71 370 195 68
0 71 319 231 27
0 72 974 733 27
0 72 647 756 27
0 72 584 96 28
0 72 279 469 27
0 73 913 84 33
0 73 218 97 33
0 76 592 23 10
0 279 30 224 80
0 527 30 206 80
0 664 370 191 68
0 664 319 422 27
0 665 279 333 27
0 666 218 90 33
0 757 30 210 80
0 991 30 224 80
0 1257 370 177 68
0 1257 279 233 27
0 1258 319 471 27
0 1258 217 99 34
0 1264 1025 183 68
0 1266 974 784 27
0 1267 913 100 33
0 1849 370 204 68
0 1850 319 415 27
0 1850 279 285 27
0 1850 218 115 33
