0 61 30 199 80
0 71 1025 182 68
0 71 697 187 68
0 71 330 187 68
0 72 974 778 27
0 72 647 459 27
0 72 607 333 27
0 72 544 94 29
0 72 279 745 27
0 72 217 86 34
0 73 913 98 26
0 284 30 204 80
0 512 30 222 80
0 664 697 201 68
0 665 647 255 27
0 665 607 466 27
0 665 544 85 28
0 758 30 202 80
0 984 30 193 80
0 1257 697 207 68
0 1257 647 329 27
0 1258 607 409 27
0 1259 545 106 33
0 1264 330 171 68
0 1266 279 743 27
0 1267 218 104 33
0 1849 697 166 68
0 1850 607 401 27
0 1851 647 264 27
0 1852 545 106 33
