0 61 30 180 80
0 70 607 711 27
0 71 1025 188 68
0 71 657 202 68
0 71 545 87 33
0 71 330 200 68
0 72 974 345 27
0 72 934 387 27
0 72 279 798 27
0 72 217 110 34
0 73 873 115 33
0 265 30 202 80
0 491 30 190 80
0 664 1025 213 68
0 664 934 439 27
0 665 974 287 27
0 666 873 83 26
0 705 30 174 80
0 1257 1025 155 68
0 1257 974 328 27
0 1257 934 399 27
0 1257 873 86 33
0 1264 330 179 68
0 1265 218 86 26
0 1266 279 755 27
0 1849 1025 203 68
0 1850 974 419 27
0 1850 934 286 27
0 1850 872 121 34
