0 61 30 183 80
0 70 279 365 27
0 71 1025 204 68
0 71 697 221 68
0 71 370 200 68
0 72 974 769 27
0 72 647 724 27
0 73 913 97 26
0 73 585 102 26
0 73 319 306 27
0 73 218 82 26
0 268 30 201 80
0 493 30 216 80
0 664 370 197 68
0 664 319 255 27
0 664 279 475 27
0 666 218 104 33
0 733 30 200 80
0 1256 218 118 26
0 1257 370 164 68
0 1258 319 369 27
0 1258 279 395 27
0 1264 697 187 68
0 1264 647 773 27
0 1264 585 123 26
0 1849 370 211 68
0 1849 218 80 33
0 1850 319 371 27
0 1850 279 385 27
