0 61 30 186 80
0 70 974 357 27
0 71 1025 201 68
0 71 934 369 27
0 71 657 194 68
0 71 330 185 68
0 71 218 83 33
0 72 545 95 26
0 72 279 722 27
0 73 873 86 33
0 73 607 719 27
0 271 30 201 80
0 496 30 169 80
0 664 1025 189 68
0 664 974 305 27
0 664 934 452 27
0 666 873 92 27
0 689 30 202 80
0 915 30 208 80
0 1257 1065 195 68
0 1257 974 502 27
0 1257 934 232 27
0 1258 1014 21 21
0 1259 873 115 26
0 1264 330 213 68
0 1265 279 724 27
0 1266 217 95 28
0 1270 225 25 10
0 1849 1025 207 68
0 1849 934 367 27
0 1850 974 364 27
0 1852 873 73 26
