0 61 30 183 80
0 71 1065 189 68
0 71 737 210 68
0 71 687 732 27
0 71 625 85 33
0 71 370 199 68
0 72 319 297 27
0 72 279 397 27
0 73 1014 765 27
0 73 953 83 33
0 73 218 81 26
0 268 30 207 80
0 499 30 197 80
0 663 319 310 27
0 664 370 201 68
0 664 279 386 27
0 664 218 108 33
0 1256 319 553 27
0 1257 410 207 68
0 1257 359 83 27
0 1258 279 85 21
0 1259 218 92 33
0 1264 1065 216 68
0 1265 1014 751 27
0 1266 952 86 34
0 1270 960 23 10
0 1849 370 191 68
0 1850 319 312 27
0 1850 279 423 27
0 1851 217 100 34
