0 61 30 197 80
0 71 737 183 68
0 71 370 216 68
0 72 687 758 27
0 72 319 358 27
0 72 279 376 27
0 73 625 115 26
0 73 218 95 33
0 282 30 206 80
0 512 30 197 80
0 664 370 190 68
0 664 218 101 26
0 665 319 221 27
0 665 279 472 27
0 733 30 202 80
0 959 30 195 80
0 1256 218 86 26
0 1257 370 183 68
0 1258 319 319 27
0 1258 279 425 27
0 1264 737 185 68
0 1264 625 68 26
0 1265 687 768 27
0 1849 410 177 68
0 1850 359 110 21
0 1850 279 225 27
0 1851 319 369 27
0 1852 218 107 33
