0 61 30 188 80
0 71 1025 168 68
0 71 873 90 27
0 71 657 172 68
0 71 545 98 33
0 71 330 179 68
0 72 934 316 27
0 72 607 727 27
0 72 279 740 27
0 73 974 410 27
0 73 218 105 26
0 273 30 195 80
0 492 30 201 80
0 664 1025 202 68
0 664 974 323 27
0 664 934 405 27
0 666 873 87 33
0 1257 1025 199 68
0 1257 974 289 27
0 1257 934 470 27
0 1259 873 110 33
0 1264 657 198 68
0 1264 607 775 27
0 1267 545 101 33
0 1849 1025 192 68
0 1850 872 86 34
0 1851 974 299 27
0 1851 934 439 27
0 1855 880 23 10
