0 61 30 212 80
0 71 777 191 68
0 71 625 89 26
0 71 410 187 68
0 71 319 463 27
0 72 727 231 27
0 72 687 429 27
0 72 359 232 27
0 72 279 66 21
0 73 218 112 26
0 297 30 204 80
0 664 777 196 68
0 664 727 345 27
0 664 370 189 68
0 664 279 461 27
0 665 687 425 27
0 665 319 267 27
0 665 217 82 34
0 666 625 103 33
0 1256 279 409 27
0 1256 218 93 33
0 1257 777 190 68
0 1257 727 300 27
0 1257 370 195 68
0 1258 687 454 27
0 1258 319 329 27
0 1259 625 95 26
0 1849 777 181 68
0 1849 625 92 33
0 1849 370 190 68
0 1849 319 246 27
0 1850 218 74 26
0 1851 727 300 27
0 1851 687 446 27
0 1851 279 468 27
