0 61 30 202 80
0 71 1025 183 68
0 71 697 206 68
0 71 545 107 33
0 71 330 182 68
0 72 974 746 27
0 72 647 320 27
0 72 607 427 27
0 72 279 720 27
0 73 913 109 33
0 73 218 109 33
0 287 30 229 80
0 540 30 219 80
0 664 697 195 68
0 665 647 346 27
0 665 607 370 27
0 666 545 88 26
0 783 30 205 80
0 1012 30 217 80
0 1257 697 195 68
0 1258 647 351 27
0 1258 607 423 27
0 1259 545 97 26
0 1264 1025 211 68
0 1265 974 741 27
0 1267 913 99 33
0 1849 697 183 68
0 1849 607 327 27
0 1850 647 399 27
0 1852 545 79 33
