0 61 30 205 80
0 71 1025 197 68
0 71 934 451 27
0 71 873 113 33
0 71 657 186 68
0 71 330 183 68
0 71 218 95 33
0 72 974 305 27
0 72 607 746 27
0 72 279 772 27
0 73 545 88 26
0 290 30 179 80
0 493 30 206 80
0 664 1025 167 68
0 664 873 104 26
0 665 974 334 27
0 665 934 411 27
0 723 30 205 80
0 1256 873 101 33
0 1257 1065 195 68
0 1257 1014 196 27
0 1257 974 311 27
0 1257 934 248 27
0 1264 657 199 68
0 1265 607 731 27
0 1267 545 102 33
0 1849 1025 176 68
0 1849 974 221 27
0 1850 934 476 27
0 1852 873 107 33
