0 61 30 200 80
0 70 607 471 27
0 71 1025 198 68
0 71 974 732 27
0 71 913 92 33
0 71 697 188 68
0 71 330 170 68
0 71 279 745 27
0 72 647 278 27
0 73 545 93 33
0 73 218 105 33
0 285 30 217 80
0 526 30 200 80
0 664 697 177 68
0 664 647 286 27
0 665 607 440 27
0 666 545 82 33
0 750 30 191 80
0 965 30 202 80
0 1257 697 200 68
0 1257 647 455 27
0 1258 607 278 27
0 1259 545 78 26
0 1264 330 188 68
0 1265 218 92 27
0 1266 279 696 27
0 1849 697 182 68
0 1850 647 345 27
0 1850 607 388 27
0 1852 545 102 27
