0 61 30 212 80
0 70 647 273 27
0 70 607 475 27
0 71 1025 189 68
0 71 974 718 27
0 71 697 200 68
0 71 545 92 33
0 71 330 187 68
0 71 218 95 33
0 73 913 73 33
0 73 279 707 27
0 297 30 206 80
0 527 30 202 80
0 664 697 172 68
0 664 647 374 27
0 664 545 96 26
0 665 607 309 27
0 753 30 182 80
0 959 30 207 80
0 1256 647 313 27
0 1256 545 99 33
0 1257 697 214 68
0 1258 607 430 27
0 1264 330 189 68
0 1265 279 719 27
0 1266 217 92 28
0 1849 697 186 68
0 1849 607 396 27
0 1851 647 285 27
0 1852 545 81 26
