0 61 30 196 80
0 71 1025 183 68
0 71 697 163 68
0 71 545 91 33
0 71 330 189 68
0 72 974 783 27
0 72 647 427 27
0 72 607 341 27
0 72 279 706 27
0 73 913 90 33
0 73 218 103 26
0 281 30 202 80
0 507 30 211 80
0 664 697 177 68
0 664 607 447 27
0 665 647 256 27
0 665 544 97 28
0 742 30 229 80
0 995 30 195 80
0 1257 697 185 68
0 1257 607 463 27
0 1258 647 291 27
0 1259 545 96 33
0 1264 330 165 68
0 1266 279 766 27
0 1266 217 113 34
0 1849 697 207 68
0 1850 647 243 27
0 1850 607 456 27
0 1852 545 80 33
