0 61 30 190 80
0 71 1025 189 68
0 71 974 725 27
0 71 697 164 68
0 71 647 379 27
0 71 607 402 27
0 71 330 202 68
0 71 218 78 26
0 72 279 701 27
0 73 913 93 26
0 73 545 91 33
0 275 30 227 80
0 526 30 199 80
0 664 697 186 68
0 664 647 221 27
0 665 607 472 27
0 666 545 92 33
0 749 30 212 80
0 985 30 208 80
0 1257 697 197 68
0 1258 647 285 27
0 1258 607 470 27
0 1259 545 89 33
0 1264 330 178 68
0 1264 279 773 27
0 1267 218 89 26
0 1849 697 223 68
0 1851 647 241 27
0 1851 607 431 27
0 1852 545 104 26
