0 61 30 199 80
0 71 1025 215 68
0 71 913 101 33
0 71 697 200 68
0 71 647 286 27
0 71 330 202 68
0 72 974 769 27
0 72 544 98 29
0 72 279 730 27
0 73 607 435 27
0 73 218 95 33
0 284 30 191 80
0 499 30 207 80
0 664 697 181 68
0 664 647 441 27
0 665 607 343 27
0 666 545 85 26
0 1257 697 200 68
0 1257 607 343 27
0 1258 647 380 27
0 1258 544 117 28
0 1262 552 23 10
0 1264 1025 203 68
0 1265 974 764 27
0 1266 912 92 28
0 1849 697 207 68
0 1849 647 281 27
0 1850 544 105 29
0 1851 607 468 27
