0 61 30 205 80
0 71 1065 183 68
0 71 953 105 26
0 71 697 190 68
0 71 647 218 27
0 71 607 446 27
0 71 330 210 68
0 71 218 87 26
0 72 1014 700 27
0 72 545 90 33
0 72 279 710 27
0 290 30 188 80
0 502 30 191 80
0 664 697 165 68
0 665 647 229 27
0 665 607 465 27
0 665 544 83 34
0 717 30 207 80
0 948 30 209 80
0 1256 607 374 27
0 1257 697 195 68
0 1257 647 333 27
0 1257 544 93 34
0 1264 330 186 68
0 1266 279 744 27
0 1267 218 91 33
0 1849 737 183 68
0 1850 687 107 21
0 1850 647 368 27
0 1850 607 285 27
0 1852 545 93 33
