0 61 30 187 80
0 71 1025 175 68
0 71 657 187 68
0 71 330 195 68
0 71 279 731 27
0 71 218 105 26
0 72 974 337 27
0 72 934 343 27
0 72 607 700 27
0 72 544 79 34
0 73 873 109 26
0 272 30 180 80
0 664 1025 179 68
0 665 974 267 27
0 665 934 441 27
0 666 873 92 27
0 1257 1025 207 68
0 1257 974 238 27
0 1257 934 471 27
0 1257 873 87 27
0 1264 330 185 68
0 1265 279 774 27
0 1266 217 109 34
0 1849 1065 177 68
0 1850 1014 127 21
0 1851 974 461 27
0 1851 934 71 27
0 1852 873 110 26
