0 61 30 190 80
0 71 1025 194 68
0 71 873 104 33
0 71 657 201 68
0 71 330 200 68
0 72 974 310 27
0 72 934 429 27
0 72 607 653 27
0 72 279 734 27
0 73 545 98 26
0 73 218 91 26
0 275 30 194 80
0 493 30 196 80
0 664 1025 192 68
0 664 974 361 27
0 665 934 400 27
0 666 873 110 26
0 713 30 187 80
0 924 30 190 80
0 1256 974 314 27
0 1257 1025 203 68
0 1257 872 98 34
0 1258 934 419 27
0 1264 330 187 68
0 1266 279 681 27
0 1267 218 99 33
0 1849 1065 193 68
0 1850 1014 87 27
0 1851 974 417 27
0 1851 934 183 27
0 1852 873 129 26
