0 61 30 208 80
0 71 1065 200 68
0 71 1014 746 27
0 71 953 96 33
0 71 697 180 68
0 71 647 271 27
0 71 330 203 68
0 71 279 771 27
0 72 217 90 28
0 73 607 454 27
0 73 545 89 33
0 293 30 201 80
0 518 30 212 80
0 664 697 179 68
0 664 647 313 27
0 664 607 455 27
0 666 545 98 26
0 754 30 194 80
0 972 30 215 80
0 1256 545 71 33
0 1257 697 226 68
0 1257 647 330 27
0 1257 607 436 27
0 1264 330 210 68
0 1266 279 748 27
0 1267 218 93 33
0 1849 737 216 68
0 1849 687 120 27
0 1850 607 97 27
0 1850 545 112 33
0 1851 647 472 27
