0 61 30 221 80
0 71 1025 222 68
0 71 657 215 68
0 71 545 91 33
0 71 330 187 68
0 71 279 747 27
0 72 974 284 27
0 72 934 441 27
0 72 217 113 28
0 73 873 70 26
0 73 607 743 27
0 76 225 24 10
0 306 30 193 80
0 523 30 205 80
0 664 1025 199 68
0 664 974 372 27
0 665 934 344 27
0 666 873 99 26
0 752 30 229 80
0 1005 30 211 80
0 1256 974 258 27
0 1257 1025 191 68
0 1258 934 444 27
0 1259 873 100 26
0 1264 330 191 68
0 1266 279 696 27
0 1267 218 104 33
0 1849 1025 183 68
0 1849 873 92 33
0 1850 934 453 27
0 1851 974 284 27
