0 61 30 190 80
0 71 1025 203 68
0 71 697 209 68
0 71 647 743 27
0 71 585 92 33
0 71 370 185 68
0 71 218 108 26
0 72 974 726 27
0 72 912 110 28
0 72 319 348 27
0 72 279 401 27
0 275 30 195 80
0 494 30 210 80
0 664 370 202 68
0 665 319 324 27
0 665 279 408 27
0 666 218 91 33
0 728 30 215 80
0 967 30 195 80
0 1256 319 290 27
0 1257 370 194 68
0 1258 279 477 27
0 1258 217 100 34
0 1264 697 198 68
0 1264 585 110 26
0 1265 647 710 27
0 1849 370 192 68
0 1850 319 383 27
0 1851 279 389 27
0 1851 217 95 34
