0 61 30 223 80
0 71 1065 197 68
0 71 737 202 68
0 71 687 778 27
0 71 370 201 68
0 71 319 362 27
0 72 1014 723 27
0 72 279 373 27
0 73 953 108 26
0 73 625 88 26
0 73 218 88 26
0 308 30 233 80
0 565 30 184 80
0 664 410 207 68
0 664 365 75 21
0 664 279 236 27
0 665 319 403 27
0 665 217 102 28
0 669 226 23 9
0 773 30 227 80
0 1257 370 198 68
0 1257 319 552 27
0 1258 279 116 27
0 1259 218 93 33
0 1264 737 165 68
0 1265 687 754 27
0 1267 625 90 26
0 1849 370 175 68
0 1849 279 313 27
0 1851 319 343 27
0 1851 218 103 27
