0 61 30 212 80
0 71 1025 218 68
0 71 913 86 33
0 71 697 197 68
0 71 370 205 68
0 71 279 424 27
0 71 218 93 26
0 72 974 757 27
0 72 647 712 27
0 72 319 295 27
0 73 585 75 33
0 297 30 203 80
0 524 30 198 80
0 663 279 423 27
0 664 370 157 68
0 664 319 305 27
0 665 217 113 28
0 746 30 193 80
0 963 30 201 80
0 1257 370 218 68
0 1257 279 447 27
0 1258 319 249 27
0 1258 217 115 34
0 1262 226 23 9
0 1264 1025 197 68
0 1264 913 118 27
0 1266 974 718 27
0 1849 370 206 68
0 1849 218 100 33
0 1850 279 452 27
0 1851 319 293 27
