0 61 30 210 80
0 71 1025 180 68
0 71 697 214 68
0 71 647 756 27
0 71 370 191 68
0 71 319 398 27
0 72 585 100 26
0 72 279 381 27
0 73 974 789 27
0 73 913 104 33
0 73 218 102 33
0 295 30 205 80
0 524 30 231 80
0 664 370 202 68
0 664 319 294 27
0 665 279 420 27
0 665 217 112 28
0 779 30 201 80
0 1004 30 221 80
0 1257 370 196 68
0 1257 319 302 27
0 1257 279 424 27
0 1259 218 99 26
0 1264 697 199 68
0 1264 585 101 33
0 1266 647 745 27
0 1849 370 183 68
0 1849 319 363 27
0 1850 279 328 27
0 1851 217 103 28
