0 61 30 203 80
0 70 279 755 27
0 71 1025 178 68
0 71 697 165 68
0 71 607 426 27
0 71 330 154 68
0 72 974 693 27
0 73 913 80 33
0 73 647 279 27
0 73 545 81 33
0 73 218 99 33
0 288 30 208 80
0 520 30 201 80
0 664 697 199 68
0 664 647 277 27
0 664 607 443 27
0 666 545 93 33
0 745 30 201 80
0 1257 697 209 68
0 1257 647 254 27
0 1258 607 443 27
0 1259 545 92 33
0 1264 330 195 68
0 1266 279 744 27
0 1267 218 90 33
0 1849 697 199 68
0 1849 607 479 27
0 1850 647 264 27
0 1852 545 108 27
