0 61 30 190 80
0 71 1025 196 68
0 71 697 209 68
0 71 607 415 27
0 71 330 173 68
0 71 218 85 27
0 72 647 353 27
0 72 544 95 28
0 73 974 768 27
0 73 913 93 33
0 73 279 749 27
0 76 552 24 10
0 275 30 181 80
0 480 30 213 80
0 663 545 82 26
0 664 697 211 68
0 664 647 452 27
0 664 607 339 27
0 717 30 206 80
0 947 30 198 80
0 1257 697 169 68
0 1258 647 237 27
0 1258 607 448 27
0 1259 545 95 33
0 1264 330 190 68
0 1265 279 710 27
0 1267 218 104 33
0 1849 697 193 68
0 1849 545 102 26
0 1850 607 444 27
0 1851 647 338 27
