0 61 30 202 80
0 71 1025 201 68
0 71 913 103 26
0 71 697 188 68
0 71 330 188 68
0 71 218 89 33
0 72 974 717 27
0 72 647 288 27
0 72 544 107 34
0 72 279 780 27
0 73 607 452 27
0 287 30 223 80
0 534 30 187 80
0 664 697 195 68
0 664 607 427 27
0 665 647 255 27
0 665 544 92 34
0 745 30 203 80
0 972 30 208 80
0 1256 545 105 33
0 1257 697 211 68
0 1258 647 352 27
0 1258 607 346 27
0 1264 1025 213 68
0 1264 913 88 33
0 1265 974 762 27
0 1849 697 190 68
0 1850 647 284 21
0 1850 607 424 27
0 1850 544 98 28
