0 61 30 212 80
0 71 1025 229 68
0 71 974 241 27
0 71 657 197 68
0 71 607 788 27
0 71 330 182 68
0 72 544 119 34
0 73 934 449 27
0 73 873 104 33
0 73 279 717 27
0 73 218 100 26
0 297 30 186 80
0 507 30 205 80
0 664 1025 215 68
0 664 974 260 27
0 665 934 461 27
0 666 873 91 33
0 736 30 202 80
0 962 30 204 80
0 1256 873 82 27
0 1257 1025 191 68
0 1257 974 426 27
0 1258 934 292 27
0 1264 657 213 68
0 1266 607 778 27
0 1267 545 82 26
0 1849 1025 171 68
0 1849 934 305 27
0 1850 974 421 27
0 1851 873 106 33
