0 61 30 174 80
0 71 1065 195 68
0 71 1014 46 21
0 71 934 293 27
0 71 873 111 33
0 71 657 183 68
0 71 330 179 68
0 72 974 432 27
0 72 279 730 27
0 73 607 712 27
0 73 545 113 27
0 73 218 103 33
0 259 30 186 80
0 469 30 198 80
0 664 1025 207 68
0 664 934 358 27
0 665 974 375 27
0 665 872 96 34
0 691 30 206 80
0 1257 1065 170 68
0 1257 974 545 27
0 1258 1014 131 21
0 1258 936 90 25
0 1259 873 85 26
0 1264 657 216 68
0 1264 607 770 27
0 1264 545 95 26
0 1849 1025 228 68
0 1849 974 279 27
0 1849 873 116 33
0 1851 934 448 27
