0 61 30 194 80
0 70 607 463 27
0 71 1025 238 68
0 71 913 102 26
0 71 697 194 68
0 71 545 99 33
0 71 330 186 68
0 72 974 719 27
0 72 217 91 34
0 73 647 265 27
0 73 279 710 27
0 76 227 25 8
0 279 30 198 80
0 501 30 202 80
0 664 697 220 68
0 664 607 437 27
0 665 647 271 27
0 666 545 88 33
0 1257 697 188 68
0 1257 607 462 27
0 1258 647 270 27
0 1259 545 85 27
0 1264 1025 201 68
0 1265 974 727 27
0 1265 912 94 34
0 1849 697 203 68
0 1849 545 102 33
0 1850 647 282 27
0 1850 607 480 27
