0 61 30 206 80
0 71 1185 180 68
0 71 1054 88 27
0 71 777 200 68
0 71 370 196 68
0 72 1134 158 27
0 72 1094 533 27
0 72 992 74 34
0 72 727 216 27
0 72 687 480 27
0 72 319 334 27
0 72 279 426 27
0 73 625 113 26
0 73 218 80 33
0 291 30 216 80
0 531 30 202 80
0 663 687 423 27
0 664 1145 201 68
0 664 1094 275 27
0 664 1054 454 27
0 664 993 104 33
0 664 777 188 68
0 664 727 264 27
0 664 625 90 27
0 664 410 213 68
0 664 279 265 27
0 665 361 22 19
0 665 319 451 27
0 666 218 100 33
0 1257 1145 213 68
0 1257 993 80 33
0 1257 777 154 68
0 1257 727 447 27
0 1257 687 258 27
0 1257 625 88 26
0 1257 370 179 68
0 1257 279 357 27
0 1257 218 71 26
0 1258 1094 551 27
0 1258 1054 52 27
0 1258 319 380 27
0 1849 1134 45 21
0 1849 777 213 68
0 1849 370 201 68
0 1849 279 421 27
0 1850 1094 470 27
0 1850 1054 213 27
0 1850 727 357 27
0 1851 687 405 27
0 1851 319 396 27
0 1852 993 86 33
0 1852 625 116 26
0 1852 218 91 33
