0 61 30 179 80
0 71 1025 196 68
0 71 697 189 68
0 71 370 207 68
0 72 974 727 27
0 72 647 743 27
0 72 319 317 27
0 72 279 409 27
0 73 913 103 33
0 73 585 103 33
0 73 218 75 26
0 264 30 201 80
0 489 30 234 80
0 664 370 210 68
0 664 319 266 27
0 664 279 471 27
0 665 217 100 29
0 747 30 195 80
0 966 30 194 80
0 1257 370 182 68
0 1257 319 308 27
0 1257 279 447 27
0 1259 218 86 33
0 1264 1025 199 68
0 1264 913 89 33
0 1266 974 722 27
0 1849 370 192 68
0 1850 319 318 27
0 1850 279 472 27
0 1850 217 105 29
