0 61 30 195 80
0 71 1025 174 68
0 71 697 213 68
0 71 647 264 27
0 71 330 183 68
0 72 974 811 27
0 72 912 93 34
0 72 279 795 27
0 73 607 453 27
0 73 545 117 33
0 73 218 84 33
0 280 30 187 80
0 491 30 191 80
0 664 697 194 68
0 665 647 413 27
0 665 607 347 27
0 666 545 98 26
0 706 30 216 80
0 1257 697 178 68
0 1257 607 401 27
0 1258 647 357 27
0 1259 545 91 33
0 1264 1025 210 68
0 1265 974 664 27
0 1267 913 98 26
0 1849 697 225 68
0 1849 545 99 27
0 1850 647 220 27
0 1850 607 459 27
