0 0 1366 1000 14
0 61 30 199 80
0 70 279 749 27
0 71 1025 198 68
0 71 697 186 68
0 71 647 428 27
0 71 607 281 27
0 71 545 87 33
0 71 330 173 68
0 72 974 781 27
0 72 218 92 26
0 73 913 92 33
0 284 30 192 80
0 500 30 204 80
0 664 697 207 68
0 665 647 310 27
0 665 607 429 27
0 666 545 92 26
0 728 30 174 80
0 926 30 222 80
0 1053 1224 296 27
0 1256 607 298 27
0 1257 697 216 68
0 1258 647 419 27
0 1259 545 91 27
0 1264 330 188 68
0 1265 279 798 27
0 1266 217 117 28
0 1270 225 23 10
0 1849 697 193 68
0 1849 607 465 27
0 1851 647 240 21
0 1852 545 69 26
