0 61 30 213 80
0 71 1025 186 68
0 71 974 269 27
0 71 657 219 68
0 71 330 220 68
0 72 934 457 27
0 72 872 82 28
0 72 607 739 27
0 73 545 96 33
0 73 279 675 27
0 73 218 99 33
0 298 30 210 80
0 664 1025 195 68
0 664 974 378 27
0 664 934 337 27
0 666 873 97 33
0 1257 1065 203 68
0 1257 974 339 27
0 1257 934 203 27
0 1258 1014 179 27
0 1259 873 108 26
0 1264 330 194 68
0 1265 279 706 27
0 1266 217 98 28
0 1270 227 24 8
0 1849 1025 196 68
0 1850 934 446 27
0 1851 974 329 27
0 1852 873 82 26
