0 61 30 204 80
0 71 1065 205 68
0 71 1014 776 27
0 71 737 197 68
0 71 687 67 27
0 71 545 106 26
0 71 330 196 68
0 71 279 743 27
0 72 952 85 28
0 72 647 406 27
0 72 607 197 27
0 73 218 102 33
0 76 960 24 10
0 289 30 195 80
0 508 30 188 80
0 663 647 272 27
0 664 697 224 68
0 664 545 111 33
0 665 607 434 27
0 720 30 196 80
0 1256 647 304 27
0 1257 697 155 68
0 1258 607 417 27
0 1258 544 114 28
0 1262 552 23 10
0 1264 1065 185 68
0 1265 1014 654 27
0 1265 952 103 28
0 1849 697 145 68
0 1849 607 403 27
0 1849 545 100 33
0 1850 647 293 27
