0 61 30 187 80
0 71 1025 207 68
0 71 934 473 27
0 71 657 200 68
0 71 545 88 33
0 71 330 206 68
0 72 279 702 27
0 72 217 106 34
0 73 974 178 27
0 73 873 93 26
0 73 607 746 27
0 272 30 183 80
0 479 30 205 80
0 664 1025 190 68
0 664 974 421 27
0 665 934 317 27
0 666 873 79 33
0 1257 1025 171 68
0 1257 974 207 27
0 1257 934 477 27
0 1259 873 114 26
0 1264 657 198 68
0 1264 607 777 27
0 1267 545 61 33
0 1849 1065 193 68
0 1849 974 425 27
0 1850 936 173 25
0 1851 1014 118 27
0 1852 873 118 33
