0 61 30 224 80
0 71 1025 198 68
0 71 974 312 27
0 71 657 224 68
0 71 545 91 26
0 71 330 213 68
0 72 872 106 28
0 72 607 730 27
0 72 279 795 27
0 73 934 453 27
0 73 218 93 33
0 76 880 25 10
0 309 30 165 80
0 498 30 215 80
0 664 1025 188 68
0 664 974 370 27
0 664 934 373 27
0 666 873 103 33
0 737 30 198 80
0 959 30 214 80
0 1256 873 102 33
0 1257 1025 204 68
0 1257 934 472 27
0 1258 974 318 27
0 1264 657 195 68
0 1265 607 765 27
0 1267 545 87 33
0 1849 1025 202 68
0 1849 873 99 26
0 1850 974 381 27
0 1851 934 381 27
