0 61 30 210 80
0 71 1065 194 68
0 71 953 90 33
0 71 737 182 68
0 71 687 129 27
0 71 330 209 68
0 71 218 130 27
0 72 1014 743 27
0 72 647 458 27
0 72 544 84 34
0 72 279 708 27
0 73 607 156 27
0 295 30 203 80
0 522 30 187 80
0 664 697 205 68
0 664 545 108 33
0 665 647 436 27
0 665 607 303 27
0 733 30 199 80
0 1257 737 196 68
0 1257 687 91 21
0 1257 647 415 27
0 1258 607 267 27
0 1259 545 80 26
0 1264 1065 180 68
0 1265 1014 735 27
0 1266 952 95 28
0 1849 697 206 68
0 1850 647 284 27
0 1851 607 461 27
0 1852 545 103 26
