0 61 30 198 80
0 71 1025 191 68
0 71 934 413 27
0 71 657 195 68
0 71 330 189 68
0 72 873 105 33
0 72 607 728 27
0 72 279 708 27
0 73 974 335 27
0 73 545 122 33
0 73 218 107 33
0 283 30 215 80
0 522 30 209 80
0 663 934 447 27
0 664 1025 187 68
0 665 974 266 27
0 666 873 99 26
0 755 30 206 80
0 1256 873 103 33
0 1257 1025 203 68
0 1257 974 315 27
0 1257 934 439 27
0 1264 330 206 68
0 1264 279 704 27
0 1267 218 88 33
0 1849 1025 195 68
0 1849 934 425 27
0 1850 974 283 27
0 1852 873 84 26
