0 61 30 205 80
0 70 607 761 27
0 71 1025 200 68
0 71 657 199 68
0 71 545 106 33
0 71 330 189 68
0 71 279 750 27
0 72 974 356 27
0 72 934 396 27
0 73 873 108 33
0 73 218 99 27
0 290 30 203 80
0 663 934 460 27
0 663 873 83 33
0 664 1025 193 68
0 664 974 230 27
0 1257 1065 203 68
0 1257 1014 245 27
0 1257 974 433 27
0 1258 934 105 27
0 1258 872 91 34
0 1264 657 211 68
0 1265 607 714 27
0 1267 545 97 33
0 1849 1025 218 68
0 1849 974 446 27
0 1851 934 343 27
0 1852 873 88 33
