0 61 30 216 80
0 70 687 335 27
0 71 1105 210 68
0 71 993 101 27
0 71 777 200 68
0 71 625 90 33
0 71 370 193 68
0 71 319 443 27
0 72 1054 731 27
0 72 727 339 27
0 72 279 361 27
0 73 218 111 33
0 301 30 202 80
0 664 777 185 68
0 664 370 206 68
0 664 319 237 27
0 664 279 449 27
0 664 218 105 26
0 665 727 341 27
0 665 687 433 27
0 665 624 96 29
0 1257 777 203 68
0 1257 410 186 68
0 1257 319 467 27
0 1257 217 98 28
0 1258 727 344 27
0 1258 687 359 27
0 1258 359 75 27
0 1258 279 223 27
0 1259 625 104 33
0 1264 1105 198 68
0 1266 1054 728 27
0 1266 992 111 34
0 1270 1000 23 10
0 1849 777 194 68
0 1849 370 197 68
0 1850 727 385 27
0 1850 687 341 27
0 1850 279 400 27
0 1851 319 343 27
0 1852 625 85 27
0 1852 218 104 26
