0 61 30 193 80
0 71 1025 202 68
0 71 934 396 27
0 71 657 198 68
0 71 330 184 68
0 72 974 306 27
0 72 872 96 34
0 72 607 718 27
0 72 279 708 27
0 73 545 101 33
0 73 218 90 26
0 278 30 222 80
0 664 1025 195 68
0 664 873 103 27
0 665 974 285 27
0 665 934 476 27
0 1257 1025 186 68
0 1257 934 442 27
0 1258 974 311 27
0 1258 872 82 34
0 1262 880 23 10
0 1264 657 197 68
0 1264 607 756 27
0 1265 545 102 26
0 1849 1065 193 68
0 1849 873 99 33
0 1850 1020 45 21
0 1850 934 220 27
0 1851 974 467 27
