0 61 30 219 80
0 71 1025 173 68
0 71 657 196 68
0 71 545 99 27
0 71 330 184 68
0 72 974 380 27
0 72 934 372 27
0 72 279 736 27
0 73 873 88 26
0 73 607 779 27
0 73 218 131 33
0 304 30 199 80
0 527 30 208 80
0 664 1025 191 68
0 664 934 429 27
0 665 974 324 27
0 665 872 108 34
0 1256 873 97 26
0 1257 1025 180 68
0 1258 974 335 27
0 1258 934 390 27
0 1264 657 217 68
0 1264 545 102 33
0 1265 607 792 27
0 1849 1025 197 68
0 1849 974 227 27
0 1851 934 440 27
0 1852 873 102 33
