0 61 30 210 80
0 70 279 762 27
0 71 1025 198 68
0 71 697 163 68
0 71 330 185 68
0 71 218 106 26
0 72 647 230 27
0 73 974 689 27
0 73 913 82 27
0 73 607 462 27
0 73 545 89 33
0 295 30 200 80
0 519 30 211 80
0 664 697 217 68
0 664 607 354 27
0 665 647 411 27
0 666 545 112 33
0 754 30 220 80
0 998 30 184 80
0 1257 697 210 68
0 1257 647 429 27
0 1257 607 330 27
0 1259 545 87 33
0 1264 1025 195 68
0 1265 974 740 27
0 1266 912 94 34
0 1849 697 193 68
0 1849 607 466 27
0 1849 545 97 33
0 1850 647 271 27
