0 61 30 209 80
0 71 1025 182 68
0 71 913 105 33
0 71 697 219 68
0 71 607 364 27
0 71 330 194 68
0 72 974 697 27
0 72 647 375 27
0 72 279 737 27
0 72 218 90 33
0 73 545 102 33
0 294 30 184 80
0 502 30 203 80
0 664 697 184 68
0 664 607 409 27
0 664 545 113 26
0 665 647 324 27
0 1257 697 191 68
0 1257 647 409 27
0 1257 544 102 34
0 1258 607 327 27
0 1264 1025 194 68
0 1264 913 124 26
0 1266 974 728 27
0 1849 697 184 68
0 1851 647 325 27
0 1851 607 389 27
0 1852 545 72 26
