0 61 30 212 80
0 71 1065 224 68
0 71 953 85 33
0 71 737 173 68
0 71 687 729 27
0 71 625 104 33
0 71 370 196 68
0 71 218 96 33
0 72 279 418 27
0 73 1014 729 27
0 73 319 288 27
0 297 30 208 80
0 529 30 192 80
0 664 410 152 68
0 664 359 314 27
0 664 319 401 27
0 664 279 95 27
0 666 218 80 33
0 745 30 173 80
0 942 30 208 80
0 1257 370 183 68
0 1257 319 364 27
0 1258 279 310 27
0 1259 218 100 33
0 1263 228 22 7
0 1264 1065 188 68
0 1265 1014 718 27
0 1267 953 98 33
0 1849 370 177 68
0 1850 279 322 27
0 1851 319 402 27
0 1852 218 86 33
