0 61 30 199 80
0 71 1025 203 68
0 71 873 83 33
0 71 657 195 68
0 71 607 724 27
0 71 330 203 68
0 72 974 334 27
0 72 279 787 27
0 72 217 109 34
0 73 934 381 27
0 73 545 94 33
0 284 30 212 80
0 520 30 200 80
0 663 974 344 27
0 664 1025 189 68
0 665 934 341 27
0 666 873 100 26
0 1256 873 97 26
0 1257 1025 192 68
0 1257 934 464 27
0 1258 974 247 27
0 1264 657 186 68
0 1264 607 677 27
0 1266 544 123 28
0 1849 1025 183 68
0 1850 974 250 27
0 1851 934 479 27
0 1852 873 88 26
