0 61 30 204 80
0 71 1025 188 68
0 71 913 92 26
0 71 697 209 68
0 71 585 98 33
0 71 370 186 68
0 72 974 721 27
0 72 647 720 27
0 72 319 345 27
0 72 279 358 27
0 72 218 87 26
0 289 30 213 80
0 526 30 186 80
0 663 279 430 27
0 664 370 193 68
0 664 319 334 27
0 664 218 115 33
0 1257 370 210 68
0 1257 319 363 27
0 1257 279 432 27
0 1258 217 79 28
0 1262 225 23 10
0 1264 697 167 68
0 1266 647 762 27
0 1267 585 98 33
0 1849 370 202 68
0 1850 279 332 27
0 1851 319 429 27
0 1852 218 86 26
