0 0 1366 1010 14
0 61 30 193 80
0 71 1025 210 68
0 71 974 797 27
0 71 697 235 68
0 71 330 192 68
0 72 647 279 27
0 72 607 449 27
0 72 279 810 27
0 73 913 126 33
0 73 545 81 33
0 73 218 92 33
0 278 30 207 80
0 509 30 187 80
0 664 697 190 68
0 664 607 359 27
0 665 647 356 27
0 665 544 94 34
0 1053 1224 296 27
0 1257 697 176 68
0 1257 647 413 27
0 1257 607 350 27
0 1259 545 93 27
0 1264 330 193 68
0 1266 279 720 27
0 1267 218 102 26
0 1849 697 205 68
0 1850 647 305 27
0 1851 607 473 27
0 1852 545 92 33
