0 61 30 210 80
0 71 1025 183 68
0 71 974 727 27
0 71 697 187 68
0 71 647 754 27
0 71 370 201 68
0 72 912 96 29
0 72 584 106 34
0 72 319 259 27
0 73 279 459 27
0 73 218 96 26
0 295 30 202 80
0 521 30 193 80
0 664 370 206 68
0 665 319 328 27
0 665 279 423 27
0 665 217 105 28
0 669 225 23 10
0 1257 370 178 68
0 1257 319 295 27
0 1258 279 418 27
0 1259 218 79 27
0 1264 697 178 68
0 1266 647 709 27
0 1267 585 106 33
0 1849 370 207 68
0 1849 218 85 33
0 1850 319 242 27
0 1851 279 478 27
