0 61 30 211 80
0 71 1105 192 68
0 71 1054 208 27
0 71 1014 476 27
0 71 737 175 68
0 71 687 793 27
0 71 625 100 33
0 71 410 196 68
0 71 319 242 27
0 72 359 256 27
0 72 217 102 34
0 73 953 94 33
0 73 279 253 27
0 296 30 223 80
0 543 30 197 80
0 664 1105 197 68
0 664 1054 365 27
0 664 953 87 26
0 664 410 193 68
0 665 1014 372 27
0 665 359 104 27
0 665 319 525 27
0 665 279 84 27
0 666 218 90 27
0 764 30 205 80
0 1256 1054 254 27
0 1256 953 98 33
0 1256 218 89 33
0 1257 1105 200 68
0 1257 1014 450 27
0 1257 370 174 68
0 1257 319 439 27
0 1258 279 332 27
0 1264 737 177 68
0 1265 687 740 27
0 1265 625 90 33
0 1849 1105 192 68
0 1849 370 203 68
0 1849 319 270 27
0 1849 218 123 33
0 1850 1014 415 27
0 1850 279 454 27
0 1851 1054 308 27
0 1852 953 85 26
