0 61 30 196 80
0 71 1025 202 68
0 71 697 212 68
0 71 330 205 68
0 72 974 802 27
0 72 607 346 27
0 72 544 102 28
0 73 913 112 26
0 73 647 319 27
0 73 279 716 27
0 73 218 79 33
0 76 552 24 10
0 281 30 242 80
0 547 30 183 80
0 664 697 205 68
0 664 607 396 27
0 665 647 351 27
0 666 545 103 33
0 754 30 180 80
0 1257 697 197 68
0 1257 647 374 27
0 1258 607 391 27
0 1259 545 94 33
0 1264 1025 206 68
0 1264 913 93 26
0 1266 974 775 27
0 1849 697 189 68
0 1849 545 93 26
0 1850 647 234 27
0 1850 607 458 27
