0 61 30 221 80
0 71 1065 200 68
0 71 737 201 68
0 71 370 171 68
0 71 279 475 27
0 72 1014 782 27
0 72 687 711 27
0 73 953 101 33
0 73 625 104 33
0 73 319 226 27
0 73 218 98 33
0 306 30 199 80
0 664 370 182 68
0 664 218 106 33
0 665 319 311 27
0 665 279 433 27
0 1256 218 104 33
0 1257 410 201 68
0 1258 359 134 27
0 1258 319 435 27
0 1258 279 168 27
0 1264 1065 198 68
0 1265 953 92 33
0 1266 1014 748 27
0 1849 370 211 68
0 1849 319 398 27
0 1849 279 382 27
0 1852 218 94 26
