0 61 30 223 80
0 70 1014 756 27
0 71 1065 211 68
0 71 697 215 68
0 71 330 208 68
0 71 218 102 26
0 72 952 102 34
0 72 647 360 27
0 73 607 365 27
0 73 545 100 33
0 73 279 777 27
0 76 960 24 10
0 308 30 225 80
0 557 30 192 80
0 664 697 204 68
0 664 647 255 27
0 664 607 438 27
0 666 545 93 33
0 1256 607 436 27
0 1257 697 172 68
0 1257 647 221 27
0 1259 545 97 33
0 1264 1065 209 68
0 1264 953 93 26
0 1265 1014 754 27
0 1849 737 177 68
0 1849 687 246 27
0 1849 647 335 27
0 1850 607 154 27
0 1850 545 101 33
