0 61 30 213 80
0 71 1025 198 68
0 71 974 388 27
0 71 657 220 68
0 71 545 88 26
0 71 330 182 68
0 71 279 752 27
0 72 934 370 27
0 73 873 99 26
0 73 607 741 27
0 73 218 99 27
0 298 30 202 80
0 524 30 192 80
0 664 1025 193 68
0 664 974 422 27
0 664 934 300 27
0 664 873 109 26
0 1257 1065 171 68
0 1257 974 255 27
0 1257 872 79 34
0 1258 1014 226 27
0 1258 934 283 27
0 1264 330 179 68
0 1265 279 765 27
0 1267 218 96 26
0 1849 1025 217 68
0 1849 974 396 27
0 1849 934 339 27
0 1849 873 102 33
