0 61 30 199 80
0 71 1025 214 68
0 71 697 190 68
0 71 647 319 27
0 71 545 97 26
0 71 330 203 68
0 72 607 452 27
0 72 279 764 27
0 73 974 798 27
0 73 913 91 26
0 73 218 93 33
0 284 30 228 80
0 536 30 189 80
0 664 697 201 68
0 664 647 338 27
0 664 607 422 27
0 666 545 91 33
0 749 30 209 80
0 982 30 215 80
0 1257 697 200 68
0 1257 607 433 27
0 1258 647 282 27
0 1259 545 97 33
0 1264 330 215 68
0 1265 279 789 27
0 1266 217 106 34
0 1849 697 206 68
0 1850 647 275 27
0 1850 607 457 27
0 1852 545 97 26
