0 61 30 208 80
0 71 1065 212 68
0 71 1014 729 27
0 71 737 205 68
0 71 370 190 68
0 72 687 711 27
0 72 624 101 34
0 72 319 371 27
0 72 279 387 27
0 73 953 77 33
0 73 218 94 33
0 293 30 214 80
0 664 370 193 68
0 664 319 371 27
0 665 279 349 27
0 666 218 110 33
0 1257 410 200 68
0 1257 359 80 21
0 1257 279 174 27
0 1258 319 478 27
0 1258 217 94 34
0 1264 1065 189 68
0 1265 1014 774 27
0 1266 952 96 28
0 1849 370 188 68
0 1850 279 409 27
0 1851 319 313 27
0 1852 218 113 26
