0 61 30 195 80
0 71 1025 177 68
0 71 934 411 27
0 71 657 194 68
0 71 607 803 27
0 71 545 113 33
0 71 330 202 68
0 72 974 316 27
0 72 873 120 33
0 72 279 839 27
0 72 217 107 34
0 280 30 177 80
0 664 1025 181 68
0 665 974 263 27
0 665 934 450 27
0 666 873 103 26
0 1257 1025 212 68
0 1257 934 323 27
0 1258 974 411 27
0 1258 872 88 28
0 1264 657 201 68
0 1264 330 194 68
0 1265 544 80 28
0 1266 607 770 27
0 1266 279 770 27
0 1267 218 91 26
0 1849 1025 207 68
0 1849 974 323 27
0 1849 873 93 33
0 1851 934 391 27
