0 61 30 201 80
0 71 1025 207 68
0 71 697 201 68
0 71 370 183 68
0 72 974 750 27
0 72 279 319 27
0 73 913 112 33
0 73 647 716 27
0 73 585 99 27
0 73 319 448 27
0 73 218 101 26
0 286 30 198 80
0 508 30 206 80
0 664 370 222 68
0 664 279 429 27
0 665 319 310 27
0 665 217 113 28
0 738 30 192 80
0 1256 218 97 26
0 1257 370 190 68
0 1257 279 419 27
0 1258 319 276 27
0 1264 697 192 68
0 1264 647 761 27
0 1266 584 100 28
0 1849 370 196 68
0 1849 319 265 27
0 1849 218 104 33
0 1851 279 436 27
