0 61 30 208 80
0 71 1065 196 68
0 71 953 81 26
0 71 697 193 68
0 71 607 290 27
0 71 330 193 68
0 71 279 764 27
0 71 218 99 33
0 72 1014 757 27
0 72 647 507 27
0 73 545 89 33
0 293 30 214 80
0 664 697 178 68
0 664 647 553 27
0 664 607 185 27
0 666 545 81 26
0 1257 697 177 68
0 1257 647 432 27
0 1258 607 374 27
0 1259 545 127 27
0 1264 330 185 68
0 1266 279 754 27
0 1266 217 110 34
0 1270 225 23 10
0 1849 737 194 68
0 1849 687 261 27
0 1850 647 316 27
0 1851 607 156 27
0 1852 545 112 33
