0 61 30 201 80
0 71 1025 200 68
0 71 657 195 68
0 71 330 182 68
0 71 279 818 27
0 71 218 113 33
0 72 974 249 27
0 72 872 98 34
0 72 544 97 34
0 73 934 472 27
0 73 607 688 27
0 286 30 177 80
0 487 30 197 80
0 664 1025 200 68
0 664 974 395 27
0 665 934 328 27
0 666 873 91 26
0 708 30 187 80
0 1257 1025 179 68
0 1257 934 436 27
0 1258 974 323 27
0 1258 872 107 34
0 1264 330 190 68
0 1265 279 717 27
0 1266 217 95 34
0 1270 225 23 10
0 1849 1025 163 68
0 1850 934 463 27
0 1851 974 231 27
0 1852 873 104 33
