0 0 1366 1003 14
0 61 30 191 80
0 71 1025 196 68
0 71 974 706 27
0 71 697 206 68
0 71 607 468 27
0 71 330 183 68
0 72 647 288 27
0 72 279 794 27
0 72 217 107 34
0 73 913 93 26
0 73 545 97 33
0 276 30 188 80
0 562 1368 22 7
0 664 697 174 68
0 664 647 389 27
0 664 607 397 27
0 665 544 116 28
0 688 1368 22 7
0 1053 1224 296 27
0 1256 545 135 26
0 1257 697 194 68
0 1257 647 289 27
0 1257 607 431 27
0 1264 330 194 68
0 1264 218 105 33
0 1266 279 738 27
0 1849 697 176 68
0 1849 647 325 27
0 1849 545 106 33
0 1850 607 423 27
