0 61 30 192 80
0 70 974 256 27
0 70 934 464 27
0 71 1025 157 68
0 71 873 102 26
0 71 657 194 68
0 71 330 183 68
0 72 607 784 27
0 72 279 779 27
0 73 545 69 26
0 73 218 96 33
0 277 30 183 80
0 664 1025 189 68
0 664 974 478 27
0 664 934 329 27
0 666 873 97 33
0 1257 1025 215 68
0 1257 974 321 27
0 1257 934 456 27
0 1258 872 102 28
0 1262 881 23 9
0 1264 330 182 68
0 1264 218 94 33
0 1266 279 741 27
0 1849 1065 176 68
0 1849 873 123 33
0 1850 974 408 27
0 1850 934 235 27
0 1851 1014 132 27
