0 61 30 213 80
0 70 279 721 27
0 71 1025 216 68
0 71 657 184 68
0 71 330 192 68
0 71 218 100 33
0 72 872 98 28
0 73 974 247 27
0 73 934 468 27
0 73 607 692 27
0 73 545 86 26
0 298 30 194 80
0 516 30 204 80
0 664 1025 197 68
0 664 934 304 27
0 665 974 450 27
0 666 873 90 27
0 744 30 203 80
0 971 30 218 80
0 1257 1025 206 68
0 1257 974 292 27
0 1258 934 476 27
0 1259 873 92 26
0 1264 657 189 68
0 1265 544 103 34
0 1266 607 783 27
0 1849 1025 207 68
0 1849 934 251 27
0 1851 974 468 27
0 1852 873 113 33
