0 0 1366 997 14
0 61 30 232 80
0 71 1025 201 68
0 71 697 186 68
0 71 647 325 27
0 71 545 94 33
0 71 330 198 68
0 72 974 760 27
0 72 607 405 27
0 72 279 718 27
0 73 913 104 26
0 73 218 106 26
0 317 30 180 80
0 521 30 209 80
0 664 697 173 68
0 664 647 352 27
0 664 607 401 27
0 666 545 76 33
0 754 30 208 80
0 986 30 197 80
0 1053 1224 296 27
0 1257 697 181 68
0 1257 647 352 27
0 1258 607 412 27
0 1259 545 101 33
0 1264 1025 210 68
0 1265 974 805 27
0 1267 913 81 26
0 1849 697 198 68
0 1849 647 334 27
0 1849 607 398 27
0 1852 545 90 33
