0 61 30 224 80
0 71 1065 198 68
0 71 1014 763 27
0 71 697 174 68
0 71 545 108 33
0 71 330 194 68
0 72 647 467 27
0 72 279 768 27
0 72 217 99 28
0 73 953 96 27
0 73 607 324 27
0 309 30 186 80
0 664 697 212 68
0 664 647 207 27
0 664 607 459 27
0 666 545 110 33
0 1256 545 93 26
0 1257 697 198 68
0 1257 647 338 27
0 1257 607 450 27
0 1264 330 203 68
0 1265 279 721 27
0 1267 218 97 33
0 1849 737 208 68
0 1850 647 550 27
0 1851 687 185 27
0 1851 607 49 21
0 1852 545 104 26
