0 61 30 241 80
0 71 1025 198 68
0 71 974 256 27
0 71 657 214 68
0 71 330 181 68
0 72 279 782 27
0 72 217 104 28
0 73 934 444 27
0 73 873 104 33
0 73 607 715 27
0 73 545 113 33
0 326 30 212 80
0 562 30 193 80
0 664 1065 193 68
0 664 1014 177 27
0 664 974 381 27
0 664 873 115 33
0 665 934 181 27
0 1256 974 260 27
0 1257 1025 204 68
0 1257 934 444 27
0 1259 873 87 26
0 1264 657 206 68
0 1266 607 715 27
0 1267 545 105 33
0 1849 1025 172 68
0 1849 934 463 27
0 1851 974 278 27
0 1851 872 94 34
