0 61 30 209 80
0 71 1025 186 68
0 71 657 195 68
0 71 330 190 68
0 72 974 295 27
0 72 934 392 27
0 72 873 92 26
0 72 607 753 27
0 72 545 95 33
0 72 279 762 27
0 72 217 91 29
0 294 30 201 80
0 519 30 181 80
0 664 1025 197 68
0 664 934 396 27
0 665 974 292 27
0 666 873 111 33
0 724 30 213 80
0 961 30 207 80
0 1257 1025 190 68
0 1257 934 379 27
0 1258 974 350 27
0 1259 873 92 26
0 1264 657 190 68
0 1266 607 779 27
0 1267 545 83 26
0 1849 1025 193 68
0 1849 974 472 27
0 1849 873 103 33
0 1851 934 248 27
