0 61 30 201 80
0 71 1065 210 68
0 71 657 180 68
0 71 607 756 27
0 71 330 202 68
0 71 279 748 27
0 72 1014 257 27
0 72 974 437 27
0 72 934 98 27
0 73 873 104 33
0 73 545 93 27
0 73 218 113 33
0 286 30 228 80
0 538 30 220 80
0 664 1025 199 68
0 664 974 89 21
0 664 934 553 27
0 666 873 102 33
0 782 30 184 80
0 1257 1025 179 68
0 1257 934 237 27
0 1258 974 551 27
0 1259 873 69 27
0 1264 657 190 68
0 1264 545 85 26
0 1266 607 726 27
0 1849 1065 183 68
0 1850 1014 167 27
0 1851 974 549 27
0 1851 940 43 21
0 1852 873 90 33
