0 0.04420289855072464 0.0125 0.13623188405797101 0.03333333333333333
0 0.05144927536231884 0.4270833333333333 0.14057971014492754 0.028333333333333332
0 0.05144927536231884 0.4058333333333333 0.5608695652173913 0.01125
0 0.05144927536231884 0.29041666666666666 0.1391304347826087 0.028333333333333332
0 0.05144927536231884 0.26958333333333334 0.3471014492753623 0.01125
0 0.05144927536231884 0.1375 0.13043478260869565 0.028333333333333332
0 0.05217391304347826 0.2529166666666667 0.20434782608695654 0.01125
0 0.05289855072463768 0.3804166666666667 0.06956521739130435 0.01125
0 0.05289855072463768 0.22708333333333333 0.07681159420289856 0.010833333333333334
0 0.05289855072463768 0.11625 0.5159420289855072 0.01125
0 0.05289855072463768 0.09083333333333334 0.06304347826086956 0.01375
0 0.19782608695652174 0.0125 0.15869565217391304 0.03333333333333333
0 0.3739130434782609 0.0125 0.15942028985507245 0.03333333333333333
0 0.4811594202898551 0.29041666666666666 0.13260869565217392 0.028333333333333332
0 0.4811594202898551 0.26958333333333334 0.2768115942028985 0.01125
0 0.4811594202898551 0.2529166666666667 0.2528985507246377 0.01125
0 0.48188405797101447 0.22666666666666666 0.07898550724637682 0.014166666666666666
0 0.48478260869565215 0.23 0.016666666666666666 0.004166666666666667
0 0.9101449275362319 0.22708333333333333 0.07028985507246377 0.01375
0 0.9108695652173913 0.29041666666666666 0.13333333333333333 0.028333333333333332
0 0.9115942028985508 0.26958333333333334 0.2318840579710145 0.01125
0 0.9115942028985508 0.2529166666666667 0.33043478260869563 0.01125
0 1.3398550724637681 0.29041666666666666 0.14057971014492754 0.028333333333333332
0 1.3398550724637681 0.26958333333333334 0.21304347826086956 0.01125
0 1.3405797101449275 0.2529166666666667 0.3333333333333333 0.01125
0 1.3420289855072465 0.22708333333333333 0.060144927536231886 0.010833333333333334
