0 0.04420289855072464 0.0125 0.15797101449275364 0.03333333333333333
0 0.05144927536231884 0.4270833333333333 0.12246376811594203 0.028333333333333332
0 0.05144927536231884 0.29041666666666666 0.1463768115942029 0.028333333333333332
0 0.05144927536231884 0.15416666666666667 0.16159420289855073 0.028333333333333332
0 0.05144927536231884 0.09083333333333334 0.0746376811594203 0.01375
0 0.05217391304347826 0.4058333333333333 0.5398550724637681 0.01125
0 0.05217391304347826 0.3804166666666667 0.07173913043478261 0.01375
0 0.05217391304347826 0.26958333333333334 0.532608695652174 0.01125
0 0.05217391304347826 0.24333333333333335 0.07028985507246377 0.014166666666666666
0 0.05217391304347826 0.13291666666666666 0.26304347826086955 0.01125
0 0.05217391304347826 0.11625 0.28840579710144926 0.01125
0 0.05507246376811594 0.24666666666666667 0.016666666666666666 0.004166666666666667
0 0.21956521739130436 0.0125 0.13623188405797101 0.03333333333333333
0 0.37318840579710144 0.0125 0.15507246376811595 0.03333333333333333
0 0.4811594202898551 0.15416666666666667 0.1391304347826087 0.028333333333333332
0 0.4811594202898551 0.13291666666666666 0.2565217391304348 0.01125
0 0.48188405797101447 0.11625 0.2833333333333333 0.01125
0 0.4826086956521739 0.09083333333333334 0.07536231884057971 0.01375
0 0.5456521739130434 0.0125 0.1471014492753623 0.03333333333333333
0 0.7101449275362319 0.0125 0.14130434782608695 0.03333333333333333
0 0.9108695652173913 0.15416666666666667 0.1471014492753623 0.028333333333333332
0 0.9108695652173913 0.11625 0.2826086956521739 0.01125
0 0.9115942028985508 0.13291666666666666 0.22608695652173913 0.01125
0 0.9123188405797101 0.09083333333333334 0.04927536231884058 0.01375
0 0.9159420289855073 0.29041666666666666 0.14420289855072463 0.028333333333333332
0 0.9166666666666666 0.26958333333333334 0.5876811594202899 0.01125
0 0.9181159420289855 0.24375 0.05652173913043478 0.01375
0 1.3398550724637681 0.15416666666666667 0.1355072463768116 0.028333333333333332
0 1.3398550724637681 0.11625 0.30869565217391304 0.01125
0 1.3405797101449275 0.09041666666666667 0.08188405797101449 0.014166666666666666
0 1.3413043478260869 0.13291666666666666 0.21594202898550724 0.00875
0 1.3442028985507246 0.09375 0.016666666666666666 0.004166666666666667
