0 0.04420289855072464 0.0125 0.1355072463768116 0.03333333333333333
0 0.05144927536231884 0.4270833333333333 0.13405797101449277 0.028333333333333332
0 0.05144927536231884 0.4058333333333333 0.5065217391304347 0.01125
0 0.05144927536231884 0.3804166666666667 0.07898550724637682 0.010833333333333334
0 0.05144927536231884 0.29041666666666666 0.13260869565217392 0.028333333333333332
0 0.05144927536231884 0.22708333333333333 0.07536231884057971 0.01375
0 0.05144927536231884 0.1375 0.1282608695652174 0.028333333333333332
0 0.05144927536231884 0.09083333333333334 0.06739130434782609 0.01375
0 0.05217391304347826 0.26958333333333334 0.21014492753623187 0.01125
0 0.05217391304347826 0.2529166666666667 0.3065217391304348 0.01125
0 0.05217391304347826 0.11625 0.5434782608695652 0.01125
0 0.19710144927536233 0.0125 0.14347826086956522 0.03333333333333333
0 0.35797101449275365 0.0125 0.16884057971014493 0.03333333333333333
0 0.4811594202898551 0.29041666666666666 0.13695652173913042 0.028333333333333332
0 0.4811594202898551 0.2529166666666667 0.20797101449275363 0.01125
0 0.48188405797101447 0.26958333333333334 0.3065217391304348 0.01125
0 0.4826086956521739 0.22708333333333333 0.07681159420289856 0.01375
0 0.5442028985507247 0.0125 0.14130434782608695 0.03333333333333333
0 0.9108695652173913 0.29041666666666666 0.13623188405797101 0.028333333333333332
0 0.9115942028985508 0.26958333333333334 0.24202898550724639 0.01125
0 0.9115942028985508 0.2529166666666667 0.286231884057971 0.01125
0 0.9115942028985508 0.22666666666666666 0.0782608695652174 0.014166666666666666
0 0.9159420289855073 0.1375 0.14565217391304347 0.028333333333333332
0 0.9159420289855073 0.09083333333333334 0.07318840579710145 0.01375
0 0.9166666666666666 0.11625 0.5565217391304348 0.01125
0 1.3398550724637681 0.29041666666666666 0.11521739130434783 0.028333333333333332
0 1.3398550724637681 0.2529166666666667 0.28405797101449276 0.01125
0 1.3413043478260869 0.26958333333333334 0.26231884057971017 0.01125
0 1.3413043478260869 0.22708333333333333 0.07608695652173914 0.01125
