0 0.04420289855072464 0.0125 0.1492753623188406 0.03333333333333333
0 0.05144927536231884 0.4270833333333333 0.1463768115942029 0.028333333333333332
0 0.05144927536231884 0.38916666666666666 0.3144927536231884 0.01125
0 0.05144927536231884 0.27375 0.1644927536231884 0.028333333333333332
0 0.05144927536231884 0.1375 0.13478260869565217 0.028333333333333332
0 0.05217391304347826 0.4058333333333333 0.14492753623188406 0.01125
0 0.05217391304347826 0.2529166666666667 0.5413043478260869 0.01125
0 0.05217391304347826 0.22666666666666666 0.06521739130434782 0.014166666666666666
0 0.05217391304347826 0.11625 0.5079710144927536 0.01125
0 0.05289855072463768 0.36375 0.07753623188405798 0.01375
0 0.05289855072463768 0.09083333333333334 0.06956521739130435 0.01125
0 0.2108695652173913 0.0125 0.14782608695652175 0.03333333333333333
0 0.3760869565217391 0.0125 0.14130434782608695 0.03333333333333333
0 0.48043478260869565 0.36375 0.07971014492753623 0.01375
0 0.4811594202898551 0.4270833333333333 0.15942028985507245 0.028333333333333332
0 0.4811594202898551 0.38916666666666666 0.24347826086956523 0.01125
0 0.48188405797101447 0.4058333333333333 0.2818840579710145 0.01125
0 0.9108695652173913 0.4270833333333333 0.13405797101449277 0.028333333333333332
0 0.9108695652173913 0.4058333333333333 0.2463768115942029 0.01125
0 0.9108695652173913 0.36375 0.0572463768115942 0.01125
0 0.9115942028985508 0.38916666666666666 0.2847826086956522 0.01125
0 0.9159420289855073 0.27375 0.15072463768115943 0.028333333333333332
0 0.9159420289855073 0.22708333333333333 0.06594202898550725 0.010833333333333334
0 0.9166666666666666 0.2529166666666667 0.5369565217391304 0.01125
0 1.3398550724637681 0.4270833333333333 0.14565217391304347 0.028333333333333332
0 1.3398550724637681 0.4058333333333333 0.1746376811594203 0.01125
0 1.3398550724637681 0.38916666666666666 0.3384057971014493 0.01125
0 1.3420289855072465 0.36375 0.0746376811594203 0.010833333333333334
