0 0.04420289855072464 0.0125 0.15072463768115943 0.03333333333333333
0 0.05144927536231884 0.4270833333333333 0.15434782608695652 0.028333333333333332
0 0.05144927536231884 0.27375 0.14565217391304347 0.028333333333333332
0 0.05144927536231884 0.1375 0.13768115942028986 0.028333333333333332
0 0.05144927536231884 0.09083333333333334 0.08115942028985507 0.01375
0 0.05217391304347826 0.4058333333333333 0.27608695652173915 0.01125
0 0.05217391304347826 0.36333333333333334 0.07971014492753623 0.014166666666666666
0 0.05217391304347826 0.22666666666666666 0.06521739130434782 0.014166666666666666
0 0.05217391304347826 0.11625 0.572463768115942 0.01125
0 0.05289855072463768 0.38916666666666666 0.24057971014492754 0.01125
0 0.05289855072463768 0.2529166666666667 0.5224637681159421 0.01125
0 0.21231884057971015 0.0125 0.13043478260869565 0.03333333333333333
0 0.3601449275362319 0.0125 0.1492753623188406 0.03333333333333333
0 0.4811594202898551 0.4270833333333333 0.13333333333333333 0.028333333333333332
0 0.48188405797101447 0.4058333333333333 0.16594202898550725 0.01125
0 0.48188405797101447 0.38916666666666666 0.3101449275362319 0.01125
0 0.4826086956521739 0.36375 0.06666666666666667 0.01375
0 0.9108695652173913 0.4270833333333333 0.13115942028985508 0.028333333333333332
0 0.9108695652173913 0.4058333333333333 0.18840579710144928 0.01125
0 0.9108695652173913 0.38916666666666666 0.33695652173913043 0.01125
0 0.9123188405797101 0.36375 0.06376811594202898 0.010833333333333334
0 0.9159420289855073 0.1375 0.13768115942028986 0.028333333333333332
0 0.9166666666666666 0.11625 0.48768115942028983 0.01125
0 0.9173913043478261 0.09041666666666667 0.06811594202898551 0.012083333333333333
0 1.3398550724637681 0.4270833333333333 0.13333333333333333 0.028333333333333332
0 1.3405797101449275 0.4058333333333333 0.18043478260869567 0.01125
0 1.3413043478260869 0.38916666666666666 0.3391304347826087 0.01125
0 1.3420289855072465 0.36375 0.057971014492753624 0.010833333333333334
