0 0.04420289855072464 0.0125 0.15579710144927536 0.03333333333333333
0 0.05144927536231884 0.44375 0.13405797101449277 0.028333333333333332
0 0.05144927536231884 0.4225 0.5760869565217391 0.01125
0 0.05144927536231884 0.3070833333333333 0.13333333333333333 0.028333333333333332
0 0.05144927536231884 0.15416666666666667 0.12536231884057972 0.028333333333333332
0 0.05144927536231884 0.13291666666666666 0.24057971014492754 0.01125
0 0.05144927536231884 0.11625 0.2710144927536232 0.01125
0 0.05217391304347826 0.28625 0.5507246376811594 0.01125
0 0.05217391304347826 0.09041666666666667 0.06956521739130435 0.011666666666666667
0 0.05289855072463768 0.39708333333333334 0.06594202898550725 0.010833333333333334
0 0.05289855072463768 0.2604166666666667 0.0746376811594203 0.010833333333333334
0 0.05507246376811594 0.09375 0.017391304347826087 0.004166666666666667
0 0.21739130434782608 0.0125 0.13115942028985508 0.03333333333333333
0 0.4811594202898551 0.15416666666666667 0.14420289855072463 0.028333333333333332
0 0.4811594202898551 0.09083333333333334 0.06666666666666667 0.010833333333333334
0 0.48188405797101447 0.13291666666666666 0.18768115942028984 0.01125
0 0.48188405797101447 0.11625 0.33695652173913043 0.01125
0 0.9101449275362319 0.09083333333333334 0.08840579710144927 0.010833333333333334
0 0.9108695652173913 0.17083333333333334 0.13478260869565217 0.028333333333333332
0 0.9115942028985508 0.14958333333333335 0.1565217391304348 0.01125
0 0.9115942028985508 0.13291666666666666 0.3978260869565217 0.01125
0 0.9115942028985508 0.11625 0.04057971014492753 0.00875
0 0.9159420289855073 0.3070833333333333 0.12318840579710146 0.028333333333333332
0 0.9173913043478261 0.28625 0.5514492753623188 0.01125
0 0.9173913043478261 0.26 0.07753623188405798 0.014166666666666666
0 0.9202898550724637 0.2633333333333333 0.016666666666666666 0.004166666666666667
0 1.3398550724637681 0.15416666666666667 0.14782608695652175 0.028333333333333332
0 1.3405797101449275 0.13291666666666666 0.2217391304347826 0.01125
0 1.3405797101449275 0.09041666666666667 0.07753623188405798 0.012083333333333333
0 1.3413043478260869 0.11625 0.30144927536231886 0.01125
