0 0.04420289855072464 0.0125 0.13333333333333333 0.03333333333333333
0 0.05144927536231884 0.4270833333333333 0.1391304347826087 0.028333333333333332
0 0.05144927536231884 0.27375 0.13768115942028986 0.028333333333333332
0 0.05144927536231884 0.2529166666666667 0.5427536231884058 0.01125
0 0.05144927536231884 0.1375 0.13623188405797101 0.028333333333333332
0 0.05144927536231884 0.11625 0.5260869565217391 0.01125
0 0.05217391304347826 0.22666666666666666 0.08550724637681159 0.012083333333333333
0 0.05289855072463768 0.4058333333333333 0.19927536231884058 0.01125
0 0.05289855072463768 0.38916666666666666 0.322463768115942 0.01125
0 0.05289855072463768 0.36375 0.060144927536231886 0.010833333333333334
0 0.05289855072463768 0.09083333333333334 0.0644927536231884 0.01375
0 0.19492753623188405 0.0125 0.15579710144927536 0.03333333333333333
0 0.3681159420289855 0.0125 0.16014492753623188 0.03333333333333333
0 0.4811594202898551 0.4270833333333333 0.1391304347826087 0.028333333333333332
0 0.4811594202898551 0.4058333333333333 0.2036231884057971 0.01125
0 0.4811594202898551 0.38916666666666666 0.3217391304347826 0.01125
0 0.4811594202898551 0.36375 0.07101449275362319 0.01375
0 0.9101449275362319 0.36375 0.06521739130434782 0.010833333333333334
0 0.9108695652173913 0.4270833333333333 0.14057971014492754 0.028333333333333332
0 0.9115942028985508 0.4058333333333333 0.26014492753623186 0.01125
0 0.9115942028985508 0.38916666666666666 0.26304347826086955 0.01125
0 0.9159420289855073 0.1375 0.1427536231884058 0.028333333333333332
0 0.9166666666666666 0.11625 0.5594202898550724 0.01125
0 0.9181159420289855 0.09083333333333334 0.06666666666666667 0.01375
0 1.3398550724637681 0.4270833333333333 0.1565217391304348 0.028333333333333332
0 1.3398550724637681 0.38916666666666666 0.3289855072463768 0.01125
0 1.3398550724637681 0.36375 0.06739130434782609 0.01375
0 1.3405797101449275 0.4058333333333333 0.19492753623188405 0.01125
