0 0.04420289855072464 0.0125 0.1536231884057971 0.03333333333333333
0 0.050724637681159424 0.4058333333333333 0.5318840579710145 0.01125
0 0.05144927536231884 0.4270833333333333 0.15217391304347827 0.028333333333333332
0 0.05144927536231884 0.29041666666666666 0.14492753623188406 0.028333333333333332
0 0.05144927536231884 0.26958333333333334 0.2326086956521739 0.01125
0 0.05144927536231884 0.2529166666666667 0.2855072463768116 0.01125
0 0.05144927536231884 0.1375 0.13768115942028986 0.028333333333333332
0 0.05144927536231884 0.09083333333333334 0.08478260869565217 0.01375
0 0.05217391304347826 0.22666666666666666 0.0746376811594203 0.011666666666666667
0 0.05217391304347826 0.11625 0.5507246376811594 0.01125
0 0.05289855072463768 0.3804166666666667 0.06739130434782609 0.010833333333333334
0 0.21521739130434783 0.0125 0.13695652173913042 0.03333333333333333
0 0.4811594202898551 0.29041666666666666 0.15072463768115943 0.028333333333333332
0 0.4811594202898551 0.2529166666666667 0.322463768115942 0.01125
0 0.48188405797101447 0.26958333333333334 0.21666666666666667 0.01125
0 0.4826086956521739 0.22708333333333333 0.06231884057971015 0.01375
0 0.9101449275362319 0.26958333333333334 0.22246376811594204 0.01125
0 0.9108695652173913 0.29041666666666666 0.13623188405797101 0.028333333333333332
0 0.9108695652173913 0.2529166666666667 0.3072463768115942 0.01125
0 0.9123188405797101 0.22708333333333333 0.07536231884057971 0.010833333333333334
0 1.3398550724637681 0.29041666666666666 0.1318840579710145 0.028333333333333332
0 1.3405797101449275 0.26958333333333334 0.17753623188405798 0.01125
0 1.3405797101449275 0.2529166666666667 0.34130434782608693 0.01125
0 1.3420289855072465 0.22708333333333333 0.0746376811594203 0.01375
