0 0.04420289855072464 0.0125 0.15289855072463768 0.03333333333333333
0 0.05144927536231884 0.47708333333333336 0.14782608695652175 0.028333333333333332
0 0.05144927536231884 0.4558333333333333 0.19855072463768117 0.01125
0 0.05144927536231884 0.43916666666666665 0.3391304347826087 0.01125
0 0.05144927536231884 0.32375 0.12391304347826088 0.028333333333333332
0 0.05144927536231884 0.30291666666666667 0.2579710144927536 0.01125
0 0.05144927536231884 0.28625 0.22536231884057972 0.01125
0 0.05144927536231884 0.17083333333333334 0.13115942028985508 0.028333333333333332
0 0.05144927536231884 0.09083333333333334 0.06811594202898551 0.01375
0 0.05217391304347826 0.41333333333333333 0.07753623188405798 0.014166666666666666
0 0.05217391304347826 0.13291666666666666 0.2514492753623188 0.01125
0 0.05289855072463768 0.2604166666666667 0.07173913043478261 0.01375
0 0.05289855072463768 0.14958333333333335 0.10797101449275362 0.01125
0 0.05289855072463768 0.11625 0.18478260869565216 0.01125
0 0.2144927536231884 0.0125 0.14057971014492754 0.03333333333333333
0 0.372463768115942 0.0125 0.1572463768115942 0.03333333333333333
0 0.4811594202898551 0.47708333333333336 0.14130434782608695 0.028333333333333332
0 0.4811594202898551 0.32375 0.1463768115942029 0.028333333333333332
0 0.4811594202898551 0.30291666666666667 0.1753623188405797 0.01125
0 0.4811594202898551 0.28625 0.34492753623188405 0.01125
0 0.4811594202898551 0.15416666666666667 0.15 0.028333333333333332
0 0.4811594202898551 0.11625 0.3173913043478261 0.01125
0 0.48188405797101447 0.4558333333333333 0.33115942028985507 0.01125
0 0.48188405797101447 0.43916666666666665 0.2072463768115942 0.01125
0 0.48188405797101447 0.41333333333333333 0.07971014492753623 0.011666666666666667
0 0.48188405797101447 0.13291666666666666 0.21594202898550724 0.01125
0 0.4826086956521739 0.2604166666666667 0.06884057971014493 0.01375
0 0.4826086956521739 0.09083333333333334 0.07101449275362319 0.010833333333333334
0 0.5471014492753623 0.0125 0.15942028985507245 0.03333333333333333
0 0.9101449275362319 0.13291666666666666 0.29927536231884055 0.01125
0 0.9108695652173913 0.47708333333333336 0.12608695652173912 0.028333333333333332
0 0.9108695652173913 0.32375 0.15144927536231884 0.028333333333333332
0 0.9108695652173913 0.30291666666666667 0.22391304347826088 0.01125
0 0.9108695652173913 0.15416666666666667 0.14782608695652175 0.028333333333333332
0 0.9108695652173913 0.11625 0.24710144927536232 0.01125
0 0.9115942028985508 0.4558333333333333 0.213768115942029 0.01125
0 0.9115942028985508 0.43916666666666665 0.3050724637681159 0.01125
0 0.9115942028985508 0.28625 0.30144927536231886 0.01125
0 0.9123188405797101 0.41375 0.060144927536231886 0.010833333333333334
0 0.9123188405797101 0.2604166666666667 0.06811594202898551 0.01375
0 0.9123188405797101 0.09083333333333334 0.07028985507246377 0.01375
0 1.3398550724637681 0.47708333333333336 0.1355072463768116 0.028333333333333332
0 1.3398550724637681 0.32375 0.1391304347826087 0.028333333333333332
0 1.3398550724637681 0.15416666666666667 0.1246376811594203 0.028333333333333332
0 1.3405797101449275 0.4558333333333333 0.30289855072463767 0.01125
0 1.3405797101449275 0.43916666666666665 0.23478260869565218 0.01125
0 1.3405797101449275 0.41333333333333333 0.06739130434782609 0.014166666666666666
0 1.3405797101449275 0.13291666666666666 0.2144927536231884 0.01125
0 1.3405797101449275 0.11625 0.2855072463768116 0.01125
0 1.3413043478260869 0.30291666666666667 0.23623188405797102 0.01125
0 1.3413043478260869 0.28625 0.30579710144927535 0.01125
0 1.3413043478260869 0.09041666666666667 0.06376811594202898 0.011666666666666667
0 1.3420289855072465 0.2604166666666667 0.07028985507246377 0.01375
0 1.3442028985507246 0.4166666666666667 0.016666666666666666 0.004166666666666667
