0 0.04420289855072464 0.0125 0.14565217391304347 0.03333333333333333
0 0.05144927536231884 0.4270833333333333 0.13405797101449277 0.028333333333333332
0 0.05144927536231884 0.4058333333333333 0.5181159420289855 0.01125
0 0.05144927536231884 0.3804166666666667 0.08260869565217391 0.01375
0 0.05144927536231884 0.29041666666666666 0.14202898550724638 0.028333333333333332
0 0.05144927536231884 0.26958333333333334 0.30579710144927535 0.01125
0 0.05144927536231884 0.22708333333333333 0.07318840579710145 0.01125
0 0.05144927536231884 0.1375 0.13333333333333333 0.028333333333333332
0 0.05144927536231884 0.09083333333333334 0.06521739130434782 0.010833333333333334
0 0.05217391304347826 0.11625 0.5405797101449276 0.01125
0 0.05289855072463768 0.2529166666666667 0.21666666666666667 0.01125
0 0.2072463768115942 0.0125 0.15 0.03333333333333333
0 0.4811594202898551 0.29041666666666666 0.14130434782608695 0.028333333333333332
0 0.4811594202898551 0.26958333333333334 0.23405797101449274 0.01125
0 0.4811594202898551 0.22708333333333333 0.0644927536231884 0.01125
0 0.48188405797101447 0.2529166666666667 0.2833333333333333 0.01125
0 0.9108695652173913 0.29041666666666666 0.1391304347826087 0.028333333333333332
0 0.9115942028985508 0.26958333333333334 0.29492753623188406 0.01125
0 0.9115942028985508 0.2529166666666667 0.22028985507246376 0.01125
0 0.9123188405797101 0.22708333333333333 0.07391304347826087 0.01375
0 0.9159420289855073 0.1375 0.14492753623188406 0.028333333333333332
0 0.9166666666666666 0.11625 0.508695652173913 0.01125
0 0.9166666666666666 0.09083333333333334 0.059420289855072465 0.01375
0 1.3398550724637681 0.29041666666666666 0.13840579710144926 0.028333333333333332
0 1.3405797101449275 0.2529166666666667 0.20434782608695654 0.01125
0 1.3413043478260869 0.26958333333333334 0.3188405797101449 0.01125
0 1.3413043478260869 0.22708333333333333 0.06086956521739131 0.01125
