0 0.04420289855072464 0.0125 0.15144927536231884 0.03333333333333333
0 0.05144927536231884 0.44375 0.15797101449275364 0.028333333333333332
0 0.05144927536231884 0.3070833333333333 0.1427536231884058 0.028333333333333332
0 0.05144927536231884 0.2604166666666667 0.07536231884057971 0.01375
0 0.05144927536231884 0.15416666666666667 0.13840579710144926 0.028333333333333332
0 0.05217391304347826 0.4225 0.5152173913043478 0.01125
0 0.05217391304347826 0.39708333333333334 0.06666666666666667 0.010833333333333334
0 0.05217391304347826 0.28625 0.5231884057971015 0.01125
0 0.05217391304347826 0.13291666666666666 0.21956521739130436 0.01125
0 0.05217391304347826 0.11625 0.29927536231884055 0.01125
0 0.05289855072463768 0.09083333333333334 0.07681159420289856 0.01375
0 0.21304347826086956 0.0125 0.15434782608695652 0.03333333333333333
0 0.3847826086956522 0.0125 0.15217391304347827 0.03333333333333333
0 0.4811594202898551 0.17083333333333334 0.15217391304347827 0.028333333333333332
0 0.4811594202898551 0.14958333333333335 0.16159420289855073 0.01125
0 0.4811594202898551 0.11708333333333333 0.02826086956521739 0.010416666666666666
0 0.48188405797101447 0.13291666666666666 0.3391304347826087 0.01125
0 0.48188405797101447 0.09041666666666667 0.06739130434782609 0.011666666666666667
0 0.5543478260869565 0.0125 0.16666666666666666 0.03333333333333333
0 0.7384057971014493 0.0125 0.13478260869565217 0.03333333333333333
0 0.9108695652173913 0.15416666666666667 0.1536231884057971 0.028333333333333332
0 0.9108695652173913 0.13291666666666666 0.19927536231884058 0.01125
0 0.9108695652173913 0.11625 0.32463768115942027 0.01125
0 0.9108695652173913 0.09083333333333334 0.06594202898550725 0.010833333333333334
0 0.9159420289855073 0.44375 0.1536231884057971 0.028333333333333332
0 0.9159420289855073 0.4225 0.5391304347826087 0.01125
0 0.9181159420289855 0.39708333333333334 0.060144927536231886 0.010833333333333334
0 1.3398550724637681 0.17083333333333334 0.1471014492753623 0.028333333333333332
0 1.3405797101449275 0.14958333333333335 0.1246376811594203 0.01125
0 1.3413043478260869 0.13291666666666666 0.35507246376811596 0.01125
0 1.3413043478260869 0.11708333333333333 0.050724637681159424 0.007916666666666667
0 1.3420289855072465 0.09083333333333334 0.08043478260869565 0.01375
