0 0.04420289855072464 0.0125 0.12536231884057972 0.03333333333333333
0 0.05144927536231884 0.4270833333333333 0.15072463768115943 0.028333333333333332
0 0.05144927536231884 0.4058333333333333 0.5434782608695652 0.01125
0 0.05144927536231884 0.29041666666666666 0.14057971014492754 0.028333333333333332
0 0.05144927536231884 0.24375 0.06594202898550725 0.01125
0 0.05144927536231884 0.15416666666666667 0.13768115942028986 0.028333333333333332
0 0.05144927536231884 0.13291666666666666 0.27318840579710146 0.01125
0 0.05144927536231884 0.09083333333333334 0.07246376811594203 0.01375
0 0.05217391304347826 0.26958333333333334 0.5601449275362319 0.01125
0 0.05289855072463768 0.3804166666666667 0.06739130434782609 0.01125
0 0.05289855072463768 0.11625 0.2673913043478261 0.01125
0 0.18695652173913044 0.0125 0.14202898550724638 0.03333333333333333
0 0.3463768115942029 0.0125 0.15289855072463768 0.03333333333333333
0 0.4811594202898551 0.15416666666666667 0.13260869565217392 0.028333333333333332
0 0.48188405797101447 0.13291666666666666 0.18405797101449275 0.01125
0 0.48188405797101447 0.11625 0.3108695652173913 0.01125
0 0.4826086956521739 0.09083333333333334 0.0644927536231884 0.010833333333333334
0 0.5166666666666667 0.0125 0.1471014492753623 0.03333333333333333
0 0.6811594202898551 0.0125 0.14202898550724638 0.03333333333333333
0 0.9108695652173913 0.15416666666666667 0.15 0.028333333333333332
0 0.9108695652173913 0.11625 0.23333333333333334 0.01125
0 0.9115942028985508 0.13291666666666666 0.3173913043478261 0.01125
0 0.9123188405797101 0.09083333333333334 0.06159420289855073 0.01125
0 0.9159420289855073 0.29041666666666666 0.13840579710144926 0.028333333333333332
0 0.9166666666666666 0.26958333333333334 0.5644927536231884 0.01125
0 0.9181159420289855 0.24375 0.07753623188405798 0.010833333333333334
0 1.3398550724637681 0.15416666666666667 0.1289855072463768 0.028333333333333332
0 1.3405797101449275 0.11625 0.31956521739130433 0.01125
0 1.3413043478260869 0.13291666666666666 0.21666666666666667 0.01125
0 1.3420289855072465 0.09083333333333334 0.07028985507246377 0.01375
