0 0.04420289855072464 0.0125 0.13478260869565217 0.03333333333333333
0 0.05144927536231884 0.4270833333333333 0.13333333333333333 0.028333333333333332
0 0.05144927536231884 0.4058333333333333 0.4811594202898551 0.01125
0 0.05144927536231884 0.29041666666666666 0.1427536231884058 0.028333333333333332
0 0.05144927536231884 0.2529166666666667 0.29927536231884055 0.01125
0 0.05144927536231884 0.1375 0.1398550724637681 0.028333333333333332
0 0.05144927536231884 0.09083333333333334 0.07681159420289856 0.010833333333333334
0 0.05217391304347826 0.26958333333333334 0.24420289855072463 0.01125
0 0.05217391304347826 0.11625 0.5492753623188406 0.01125
0 0.05289855072463768 0.3804166666666667 0.06159420289855073 0.01375
0 0.05289855072463768 0.22708333333333333 0.07318840579710145 0.010833333333333334
0 0.1963768115942029 0.0125 0.1391304347826087 0.03333333333333333
0 0.35289855072463766 0.0125 0.14782608695652175 0.03333333333333333
0 0.4811594202898551 0.29041666666666666 0.1644927536231884 0.028333333333333332
0 0.4811594202898551 0.2529166666666667 0.33405797101449275 0.01125
0 0.48188405797101447 0.26958333333333334 0.186231884057971 0.01125
0 0.4826086956521739 0.22708333333333333 0.07608695652173914 0.01375
0 0.9101449275362319 0.22708333333333333 0.07173913043478261 0.01375
0 0.9108695652173913 0.29041666666666666 0.13478260869565217 0.028333333333333332
0 0.9108695652173913 0.2529166666666667 0.2876811594202899 0.01125
0 0.9115942028985508 0.26958333333333334 0.2688405797101449 0.01125
0 0.9159420289855073 0.4270833333333333 0.1391304347826087 0.028333333333333332
0 0.9166666666666666 0.4058333333333333 0.505072463768116 0.01125
0 0.9181159420289855 0.3804166666666667 0.0746376811594203 0.01125
0 1.3398550724637681 0.29041666666666666 0.15 0.028333333333333332
0 1.3405797101449275 0.2529166666666667 0.32318840579710145 0.01125
0 1.3413043478260869 0.26958333333333334 0.2391304347826087 0.01125
0 1.3420289855072465 0.22708333333333333 0.06739130434782609 0.01375
