0 0.04420289855072464 0.0125 0.14202898550724638 0.03333333333333333
0 0.05144927536231884 0.4270833333333333 0.13695652173913042 0.028333333333333332
0 0.05144927536231884 0.3804166666666667 0.05507246376811594 0.010833333333333334
0 0.05144927536231884 0.29041666666666666 0.14492753623188406 0.028333333333333332
0 0.05144927536231884 0.26958333333333334 0.5420289855072464 0.01125
0 0.05144927536231884 0.15416666666666667 0.14855072463768115 0.028333333333333332
0 0.05144927536231884 0.11625 0.3347826086956522 0.01125
0 0.05144927536231884 0.09083333333333334 0.06884057971014493 0.01375
0 0.05217391304347826 0.4058333333333333 0.5239130434782608 0.01125
0 0.05217391304347826 0.13291666666666666 0.19855072463768117 0.01125
0 0.05289855072463768 0.24375 0.06811594202898551 0.01375
0 0.2036231884057971 0.0125 0.14565217391304347 0.03333333333333333
0 0.36666666666666664 0.0125 0.14782608695652175 0.03333333333333333
0 0.4811594202898551 0.15416666666666667 0.13115942028985508 0.028333333333333332
0 0.4811594202898551 0.13291666666666666 0.22608695652173913 0.01125
0 0.48188405797101447 0.11625 0.3050724637681159 0.01125
0 0.4826086956521739 0.09083333333333334 0.07536231884057971 0.01375
0 0.9108695652173913 0.15416666666666667 0.1355072463768116 0.028333333333333332
0 0.9108695652173913 0.13291666666666666 0.2028985507246377 0.01125
0 0.9115942028985508 0.11625 0.31521739130434784 0.01125
0 0.9115942028985508 0.09041666666666667 0.06884057971014493 0.011666666666666667
0 0.9159420289855073 0.29041666666666666 0.12753623188405797 0.028333333333333332
0 0.9166666666666666 0.24375 0.07391304347826087 0.01375
0 0.9173913043478261 0.26958333333333334 0.5543478260869565 0.01125
0 1.3398550724637681 0.15416666666666667 0.16014492753623188 0.028333333333333332
0 1.3398550724637681 0.09083333333333334 0.07753623188405798 0.010833333333333334
0 1.3405797101449275 0.11625 0.22536231884057972 0.01125
0 1.3413043478260869 0.13291666666666666 0.32971014492753625 0.01125
