0 0.04420289855072464 0.0125 0.14057971014492754 0.03333333333333333
0 0.05144927536231884 0.44375 0.1463768115942029 0.028333333333333332
0 0.05144927536231884 0.29041666666666666 0.1471014492753623 0.028333333333333332
0 0.05144927536231884 0.1375 0.13115942028985508 0.028333333333333332
0 0.05144927536231884 0.09083333333333334 0.0746376811594203 0.01375
0 0.05217391304347826 0.4225 0.508695652173913 0.01125
0 0.05289855072463768 0.39708333333333334 0.07173913043478261 0.01375
0 0.05289855072463768 0.26958333333333334 0.26304347826086955 0.01125
0 0.05289855072463768 0.2529166666666667 0.25869565217391305 0.01125
0 0.05289855072463768 0.22708333333333333 0.06521739130434782 0.010833333333333334
0 0.05289855072463768 0.11625 0.5710144927536231 0.01125
0 0.20217391304347826 0.0125 0.1492753623188406 0.03333333333333333
0 0.4811594202898551 0.3070833333333333 0.1318840579710145 0.028333333333333332
0 0.4811594202898551 0.28875 0.021739130434782608 0.00875
0 0.4811594202898551 0.2529166666666667 0.17391304347826086 0.01125
0 0.48188405797101447 0.26958333333333334 0.33043478260869563 0.01125
0 0.4826086956521739 0.22708333333333333 0.08405797101449275 0.01375
0 0.9108695652173913 0.29041666666666666 0.14492753623188406 0.028333333333333332
0 0.9115942028985508 0.26958333333333334 0.2644927536231884 0.01125
0 0.9115942028985508 0.2529166666666667 0.24420289855072463 0.01125
0 0.9123188405797101 0.22708333333333333 0.07898550724637682 0.010833333333333334
0 0.9159420289855073 0.44375 0.12608695652173912 0.028333333333333332
0 0.9166666666666666 0.4225 0.5318840579710145 0.01125
0 0.9181159420289855 0.39708333333333334 0.0746376811594203 0.01375
0 1.3398550724637681 0.29041666666666666 0.1471014492753623 0.028333333333333332
0 1.3405797101449275 0.2529166666666667 0.28043478260869564 0.01125
0 1.3405797101449275 0.22708333333333333 0.07608695652173914 0.010833333333333334
0 1.3413043478260869 0.26958333333333334 0.21884057971014492 0.01125
