0 0.04420289855072464 0.0125 0.13405797101449277 0.03333333333333333
0 0.05144927536231884 0.27375 0.1398550724637681 0.028333333333333332
0 0.05144927536231884 0.1375 0.14492753623188406 0.028333333333333332
0 0.05144927536231884 0.11625 0.5123188405797101 0.01125
0 0.05217391304347826 0.2529166666666667 0.5384057971014493 0.01125
0 0.05217391304347826 0.09041666666666667 0.06884057971014493 0.014166666666666666
0 0.05289855072463768 0.22708333333333333 0.06739130434782609 0.01375
0 0.1956521739130435 0.0125 0.16231884057971013 0.03333333333333333
0 0.3753623188405797 0.0125 0.16521739130434782 0.03333333333333333
0 0.5579710144927537 0.0125 0.1398550724637681 0.03333333333333333
0 0.7152173913043478 0.0125 0.1463768115942029 0.03333333333333333
0 0.9159420289855073 0.27375 0.13768115942028986 0.028333333333333332
0 0.9159420289855073 0.1375 0.12681159420289856 0.028333333333333332
0 0.9166666666666666 0.2529166666666667 0.5311594202898551 0.01125
0 0.9166666666666666 0.11625 0.5369565217391304 0.01125
0 0.9173913043478261 0.09041666666666667 0.06521739130434782 0.014166666666666666
0 0.9181159420289855 0.22708333333333333 0.07608695652173914 0.01375
0 0.9202898550724637 0.09375 0.016666666666666666 0.004166666666666667
