0 0.04420289855072464 0.0125 0.1471014492753623 0.03333333333333333
0 0.05144927536231884 0.44375 0.1355072463768116 0.028333333333333332
0 0.05144927536231884 0.39708333333333334 0.08985507246376812 0.010833333333333334
0 0.05144927536231884 0.3070833333333333 0.1282608695652174 0.028333333333333332
0 0.05144927536231884 0.28625 0.513768115942029 0.01125
0 0.05144927536231884 0.2604166666666667 0.06811594202898551 0.01375
0 0.05144927536231884 0.15416666666666667 0.13623188405797101 0.028333333333333332
0 0.05217391304347826 0.4225 0.5391304347826087 0.01125
0 0.05217391304347826 0.13291666666666666 0.2391304347826087 0.01125
0 0.05217391304347826 0.09041666666666667 0.07753623188405798 0.011666666666666667
0 0.05289855072463768 0.11625 0.29347826086956524 0.01125
0 0.05507246376811594 0.09375 0.017391304347826087 0.004166666666666667
0 0.20869565217391303 0.0125 0.14492753623188406 0.03333333333333333
0 0.3710144927536232 0.0125 0.1572463768115942 0.03333333333333333
0 0.48043478260869565 0.11625 0.2942028985507246 0.01125
0 0.4811594202898551 0.15416666666666667 0.11884057971014493 0.028333333333333332
0 0.4811594202898551 0.13291666666666666 0.2463768115942029 0.01125
0 0.4811594202898551 0.09083333333333334 0.058695652173913045 0.010833333333333334
0 0.5456521739130434 0.0125 0.1471014492753623 0.03333333333333333
0 0.9108695652173913 0.17083333333333334 0.1289855072463768 0.028333333333333332
0 0.9108695652173913 0.14958333333333335 0.060144927536231886 0.01125
0 0.9108695652173913 0.13291666666666666 0.34130434782608693 0.01125
0 0.9108695652173913 0.11625 0.14420289855072463 0.01125
0 0.9123188405797101 0.09083333333333334 0.06086956521739131 0.01375
0 0.9159420289855073 0.44375 0.14565217391304347 0.028333333333333332
0 0.9166666666666666 0.4225 0.553623188405797 0.01125
0 0.9181159420289855 0.39708333333333334 0.06231884057971015 0.01375
0 1.3398550724637681 0.15416666666666667 0.16594202898550725 0.028333333333333332
0 1.3405797101449275 0.11625 0.336231884057971 0.01125
0 1.3405797101449275 0.09041666666666667 0.06811594202898551 0.011666666666666667
0 1.3413043478260869 0.13291666666666666 0.16521739130434782 0.01125
0 1.3442028985507246 0.09375 0.018115942028985508 0.004166666666666667
