0 0.04420289855072464 0.0125 0.1608695652173913 0.03333333333333333
0 0.05144927536231884 0.4270833333333333 0.1289855072463768 0.028333333333333332
0 0.05144927536231884 0.38916666666666666 0.2985507246376812 0.01125
0 0.05144927536231884 0.27375 0.1355072463768116 0.028333333333333332
0 0.05144927536231884 0.1375 0.14347826086956522 0.028333333333333332
0 0.05217391304347826 0.4058333333333333 0.2717391304347826 0.01125
0 0.05217391304347826 0.2529166666666667 0.5739130434782609 0.01125
0 0.05217391304347826 0.11625 0.5297101449275362 0.01125
0 0.05289855072463768 0.36375 0.07391304347826087 0.010833333333333334
0 0.05289855072463768 0.22708333333333333 0.07971014492753623 0.010833333333333334
0 0.05289855072463768 0.09083333333333334 0.07536231884057971 0.01125
0 0.22246376811594204 0.0125 0.15434782608695652 0.03333333333333333
0 0.39420289855072466 0.0125 0.15144927536231884 0.03333333333333333
0 0.48043478260869565 0.36375 0.06666666666666667 0.01375
0 0.4811594202898551 0.4270833333333333 0.14057971014492754 0.028333333333333332
0 0.4811594202898551 0.4058333333333333 0.17173913043478262 0.01125
0 0.48188405797101447 0.38916666666666666 0.336231884057971 0.01125
0 0.5630434782608695 0.0125 0.15289855072463768 0.03333333333333333
0 0.9108695652173913 0.4270833333333333 0.1289855072463768 0.028333333333333332
0 0.9108695652173913 0.38916666666666666 0.2847826086956522 0.01125
0 0.9108695652173913 0.36375 0.06304347826086956 0.01375
0 0.9115942028985508 0.4058333333333333 0.25869565217391305 0.01125
0 0.9159420289855073 0.1375 0.1492753623188406 0.028333333333333332
0 0.9166666666666666 0.11625 0.5130434782608696 0.01125
0 0.9173913043478261 0.09041666666666667 0.06594202898550725 0.011666666666666667
0 1.3398550724637681 0.4270833333333333 0.16231884057971013 0.028333333333333332
0 1.3413043478260869 0.4058333333333333 0.2028985507246377 0.01125
0 1.3413043478260869 0.38916666666666666 0.3391304347826087 0.01125
0 1.3420289855072465 0.36375 0.07246376811594203 0.01375
