0 0.04420289855072464 0.0125 0.1492753623188406 0.03333333333333333
0 0.05144927536231884 0.44375 0.1427536231884058 0.028333333333333332
0 0.05144927536231884 0.39708333333333334 0.08623188405797101 0.01375
0 0.05144927536231884 0.3070833333333333 0.14057971014492754 0.028333333333333332
0 0.05144927536231884 0.15416666666666667 0.1355072463768116 0.028333333333333332
0 0.05144927536231884 0.13291666666666666 0.19130434782608696 0.01125
0 0.05289855072463768 0.4225 0.5057971014492754 0.01125
0 0.05289855072463768 0.28625 0.5804347826086956 0.01125
0 0.05289855072463768 0.2604166666666667 0.06376811594202898 0.01375
0 0.05289855072463768 0.11625 0.34057971014492755 0.01125
0 0.05289855072463768 0.09083333333333334 0.06811594202898551 0.01375
0 0.2108695652173913 0.0125 0.15 0.03333333333333333
0 0.3782608695652174 0.0125 0.14202898550724638 0.03333333333333333
0 0.4811594202898551 0.17083333333333334 0.14057971014492754 0.028333333333333332
0 0.4811594202898551 0.14958333333333335 0.1391304347826087 0.01125
0 0.4811594202898551 0.13291666666666666 0.30869565217391304 0.01125
0 0.4811594202898551 0.11625 0.14057971014492754 0.01125
0 0.4826086956521739 0.09083333333333334 0.06304347826086956 0.010833333333333334
0 0.5376811594202898 0.0125 0.13768115942028986 0.03333333333333333
0 0.9108695652173913 0.15416666666666667 0.12536231884057972 0.028333333333333332
0 0.9108695652173913 0.11625 0.27391304347826084 0.01125
0 0.9115942028985508 0.13291666666666666 0.24782608695652175 0.01125
0 0.9123188405797101 0.09083333333333334 0.0644927536231884 0.01375
0 0.9159420289855073 0.44375 0.13478260869565217 0.028333333333333332
0 0.9166666666666666 0.4225 0.5318840579710145 0.01125
0 0.9181159420289855 0.39708333333333334 0.07971014492753623 0.01125
0 1.3398550724637681 0.15416666666666667 0.1398550724637681 0.028333333333333332
0 1.3405797101449275 0.13291666666666666 0.25072463768115943 0.01125
0 1.3413043478260869 0.11625 0.2898550724637681 0.01125
0 1.3420289855072465 0.09083333333333334 0.05434782608695652 0.01375
