0 0.04420289855072464 0.0125 0.15942028985507245 0.03333333333333333
0 0.05144927536231884 0.4270833333333333 0.12681159420289856 0.028333333333333332
0 0.05144927536231884 0.29041666666666666 0.14420289855072463 0.028333333333333332
0 0.05144927536231884 0.24375 0.09202898550724638 0.01375
0 0.05144927536231884 0.15416666666666667 0.13043478260869565 0.028333333333333332
0 0.05217391304347826 0.4058333333333333 0.5304347826086957 0.01125
0 0.05217391304347826 0.26958333333333334 0.5282608695652173 0.01125
0 0.05217391304347826 0.13291666666666666 0.2326086956521739 0.01125
0 0.05217391304347826 0.11625 0.2971014492753623 0.01125
0 0.05289855072463768 0.3804166666666667 0.07536231884057971 0.01375
0 0.05289855072463768 0.09083333333333334 0.07608695652173914 0.01375
0 0.2210144927536232 0.0125 0.1471014492753623 0.03333333333333333
0 0.3855072463768116 0.0125 0.13115942028985508 0.03333333333333333
0 0.4811594202898551 0.15416666666666667 0.13695652173913042 0.028333333333333332
0 0.48188405797101447 0.13291666666666666 0.21956521739130436 0.01125
0 0.48188405797101447 0.11625 0.2985507246376812 0.01125
0 0.4826086956521739 0.09083333333333334 0.0746376811594203 0.01375
0 0.9108695652173913 0.15416666666666667 0.15289855072463768 0.028333333333333332
0 0.9108695652173913 0.13291666666666666 0.2644927536231884 0.01125
0 0.9108695652173913 0.09041666666666667 0.06666666666666667 0.014166666666666666
0 0.9115942028985508 0.11625 0.30289855072463767 0.01125
0 0.9159420289855073 0.29041666666666666 0.12753623188405797 0.028333333333333332
0 0.9173913043478261 0.26958333333333334 0.5427536231884058 0.01125
0 0.9181159420289855 0.24375 0.059420289855072465 0.01125
0 1.3398550724637681 0.15416666666666667 0.14130434782608695 0.028333333333333332
0 1.3398550724637681 0.13291666666666666 0.2217391304347826 0.01125
0 1.3398550724637681 0.09083333333333334 0.06811594202898551 0.01375
0 1.3413043478260869 0.11625 0.2942028985507246 0.01125
