0 0.04420289855072464 0.0125 0.14492753623188406 0.03333333333333333
0 0.05144927536231884 0.4270833333333333 0.12536231884057972 0.028333333333333332
0 0.05144927536231884 0.4058333333333333 0.5405797101449276 0.01125
0 0.05144927536231884 0.29041666666666666 0.1471014492753623 0.028333333333333332
0 0.05144927536231884 0.22708333333333333 0.06594202898550725 0.010833333333333334
0 0.05144927536231884 0.1375 0.14202898550724638 0.028333333333333332
0 0.05144927536231884 0.09083333333333334 0.06666666666666667 0.01375
0 0.05217391304347826 0.26958333333333334 0.18405797101449275 0.01125
0 0.05217391304347826 0.2529166666666667 0.3384057971014493 0.01125
0 0.05217391304347826 0.11625 0.5891304347826087 0.01125
0 0.05289855072463768 0.3804166666666667 0.05652173913043478 0.01375
0 0.20652173913043478 0.0125 0.1391304347826087 0.03333333333333333
0 0.4811594202898551 0.29041666666666666 0.13768115942028986 0.028333333333333332
0 0.4811594202898551 0.2529166666666667 0.3463768115942029 0.01125
0 0.48188405797101447 0.26958333333333334 0.11884057971014493 0.01125
0 0.4826086956521739 0.22708333333333333 0.06086956521739131 0.01375
0 0.9108695652173913 0.29041666666666666 0.15942028985507245 0.028333333333333332
0 0.9108695652173913 0.2529166666666667 0.3108695652173913 0.01125
0 0.9115942028985508 0.26958333333333334 0.213768115942029 0.01125
0 0.9123188405797101 0.22708333333333333 0.06521739130434782 0.01375
0 0.9159420289855073 0.1375 0.1246376811594203 0.028333333333333332
0 0.9173913043478261 0.11625 0.5021739130434782 0.01125
0 0.9173913043478261 0.09041666666666667 0.058695652173913045 0.014166666666666666
0 1.3398550724637681 0.29041666666666666 0.15217391304347827 0.028333333333333332
0 1.3398550724637681 0.26958333333333334 0.17971014492753623 0.01125
0 1.3398550724637681 0.2529166666666667 0.3992753623188406 0.01125
0 1.3405797101449275 0.22666666666666666 0.07898550724637682 0.014166666666666666
