0 0.04420289855072464 0.0125 0.15217391304347827 0.03333333333333333
0 0.05144927536231884 0.44375 0.15507246376811595 0.028333333333333332
0 0.05144927536231884 0.29041666666666666 0.14420289855072463 0.028333333333333332
0 0.05144927536231884 0.22708333333333333 0.08478260869565217 0.01375
0 0.05144927536231884 0.1375 0.13260869565217392 0.028333333333333332
0 0.05217391304347826 0.4225 0.5623188405797102 0.01125
0 0.05217391304347826 0.26958333333333334 0.26594202898550723 0.01125
0 0.05217391304347826 0.2529166666666667 0.2782608695652174 0.01125
0 0.05217391304347826 0.11625 0.5036231884057971 0.01125
0 0.05217391304347826 0.09041666666666667 0.06159420289855073 0.014166666666666666
0 0.05289855072463768 0.39708333333333334 0.07971014492753623 0.01375
0 0.213768115942029 0.0125 0.13115942028985508 0.03333333333333333
0 0.36231884057971014 0.0125 0.15434782608695652 0.03333333333333333
0 0.4811594202898551 0.29041666666666666 0.14130434782608695 0.028333333333333332
0 0.4811594202898551 0.26958333333333334 0.2710144927536232 0.01125
0 0.4811594202898551 0.2529166666666667 0.2528985507246377 0.01125
0 0.4826086956521739 0.22708333333333333 0.07028985507246377 0.010833333333333334
0 0.5340579710144927 0.0125 0.14420289855072463 0.03333333333333333
0 0.9108695652173913 0.29041666666666666 0.15217391304347827 0.028333333333333332
0 0.9108695652173913 0.26958333333333334 0.2210144927536232 0.01125
0 0.9108695652173913 0.2529166666666667 0.2847826086956522 0.01125
0 0.9123188405797101 0.22708333333333333 0.07173913043478261 0.010833333333333334
0 0.9159420289855073 0.1375 0.1391304347826087 0.028333333333333332
0 0.9173913043478261 0.11625 0.5318840579710145 0.01125
0 0.9181159420289855 0.09083333333333334 0.06739130434782609 0.01375
0 1.3398550724637681 0.3070833333333333 0.13478260869565217 0.028333333333333332
0 1.3405797101449275 0.28625 0.21159420289855072 0.01125
0 1.3405797101449275 0.26958333333333334 0.3391304347826087 0.01125
0 1.3405797101449275 0.2554166666666667 0.020289855072463767 0.00625
0 1.3420289855072465 0.22708333333333333 0.06376811594202898 0.01375
