0 0.04420289855072464 0.0125 0.1572463768115942 0.03333333333333333
0 0.05144927536231884 0.3070833333333333 0.13333333333333333 0.028333333333333332
0 0.05144927536231884 0.15416666666666667 0.15072463768115943 0.028333333333333332
0 0.05144927536231884 0.13291666666666666 0.3644927536231884 0.01125
0 0.05217391304347826 0.28625 0.5420289855072464 0.01125
0 0.05217391304347826 0.26 0.07391304347826087 0.014166666666666666
0 0.05289855072463768 0.11625 0.14057971014492754 0.01125
0 0.05289855072463768 0.09083333333333334 0.07101449275362319 0.01125
0 0.21884057971014492 0.0125 0.14855072463768115 0.03333333333333333
0 0.3847826086956522 0.0125 0.13115942028985508 0.03333333333333333
0 0.48043478260869565 0.09083333333333334 0.06304347826086956 0.01375
0 0.4811594202898551 0.17083333333333334 0.15797101449275364 0.028333333333333332
0 0.4811594202898551 0.13291666666666666 0.34057971014492755 0.01125
0 0.48188405797101447 0.14958333333333335 0.014492753623188406 0.00875
0 0.48188405797101447 0.11625 0.15144927536231884 0.01125
0 0.9108695652173913 0.15416666666666667 0.13840579710144926 0.028333333333333332
0 0.9108695652173913 0.13291666666666666 0.2318840579710145 0.01125
0 0.9108695652173913 0.11625 0.3072463768115942 0.01125
0 0.9123188405797101 0.09083333333333334 0.07681159420289856 0.01375
0 1.3398550724637681 0.15416666666666667 0.15289855072463768 0.028333333333333332
0 1.3398550724637681 0.09083333333333334 0.07391304347826087 0.01375
0 1.3405797101449275 0.13291666666666666 0.2710144927536232 0.01125
0 1.3413043478260869 0.11625 0.26666666666666666 0.01125
