0 0.04420289855072464 0.0125 0.14130434782608695 0.03333333333333333
0 0.05144927536231884 0.44375 0.13478260869565217 0.028333333333333332
0 0.05144927536231884 0.3070833333333333 0.13115942028985508 0.028333333333333332
0 0.05144927536231884 0.2604166666666667 0.07173913043478261 0.01375
0 0.05144927536231884 0.15416666666666667 0.14057971014492754 0.028333333333333332
0 0.05144927536231884 0.13291666666666666 0.24492753623188407 0.01125
0 0.05217391304347826 0.39666666666666667 0.06884057971014493 0.014166666666666666
0 0.05217391304347826 0.28625 0.5557971014492754 0.01125
0 0.05217391304347826 0.11625 0.28695652173913044 0.01125
0 0.05289855072463768 0.4225 0.4971014492753623 0.01125
0 0.05289855072463768 0.09083333333333334 0.06884057971014493 0.01375
0 0.05507246376811594 0.4 0.018115942028985508 0.004166666666666667
0 0.2028985507246377 0.0125 0.14782608695652175 0.03333333333333333
0 0.3681159420289855 0.0125 0.16231884057971013 0.03333333333333333
0 0.4811594202898551 0.15416666666666667 0.13405797101449277 0.028333333333333332
0 0.4811594202898551 0.09083333333333334 0.06666666666666667 0.01125
0 0.48188405797101447 0.13291666666666666 0.2768115942028985 0.01125
0 0.48188405797101447 0.11625 0.3108695652173913 0.01125
0 0.5478260869565217 0.0125 0.12681159420289856 0.03333333333333333
0 0.6920289855072463 0.0125 0.13405797101449277 0.03333333333333333
0 0.9108695652173913 0.15416666666666667 0.12536231884057972 0.028333333333333332
0 0.9108695652173913 0.13291666666666666 0.2985507246376812 0.01125
0 0.9108695652173913 0.11625 0.2246376811594203 0.01125
0 0.9123188405797101 0.09083333333333334 0.07391304347826087 0.01375
0 0.9159420289855073 0.44375 0.12753623188405797 0.028333333333333332
0 0.9166666666666666 0.4225 0.5376811594202898 0.01125
0 0.9181159420289855 0.39708333333333334 0.05434782608695652 0.01375
0 1.3398550724637681 0.17083333333333334 0.14492753623188406 0.028333333333333332
0 1.3405797101449275 0.14958333333333335 0.08840579710144927 0.00875
0 1.3413043478260869 0.13291666666666666 0.36884057971014494 0.01125
0 1.3413043478260869 0.11625 0.057971014492753624 0.01125
0 1.3420289855072465 0.09083333333333334 0.06739130434782609 0.01375
