0 0.04420289855072464 0.0125 0.1471014492753623 0.03333333333333333
0 0.05144927536231884 0.44375 0.13115942028985508 0.028333333333333332
0 0.05144927536231884 0.4225 0.518840579710145 0.01125
0 0.05144927536231884 0.3070833333333333 0.1565217391304348 0.028333333333333332
0 0.05144927536231884 0.2529166666666667 0.07681159420289856 0.01125
0 0.05144927536231884 0.22708333333333333 0.06594202898550725 0.01375
0 0.05144927536231884 0.1375 0.14855072463768115 0.028333333333333332
0 0.05144927536231884 0.09083333333333334 0.06594202898550725 0.01375
0 0.05217391304347826 0.28625 0.15869565217391304 0.01125
0 0.05217391304347826 0.26958333333333334 0.2855072463768116 0.01125
0 0.05217391304347826 0.11625 0.5340579710144927 0.01125
0 0.05289855072463768 0.39708333333333334 0.06884057971014493 0.010833333333333334
0 0.20869565217391303 0.0125 0.1565217391304348 0.03333333333333333
0 0.4811594202898551 0.29041666666666666 0.12608695652173912 0.028333333333333332
0 0.4811594202898551 0.26958333333333334 0.1934782608695652 0.01125
0 0.4811594202898551 0.2529166666666667 0.3398550724637681 0.01125
0 0.48188405797101447 0.22666666666666666 0.07536231884057971 0.014166666666666666
0 0.48478260869565215 0.23 0.016666666666666666 0.004166666666666667
0 0.9108695652173913 0.29041666666666666 0.14420289855072463 0.028333333333333332
0 0.9108695652173913 0.2529166666666667 0.26811594202898553 0.01125
0 0.9115942028985508 0.26958333333333334 0.21159420289855072 0.01125
0 0.9123188405797101 0.22708333333333333 0.05507246376811594 0.01125
0 0.9159420289855073 0.44375 0.1463768115942029 0.028333333333333332
0 0.9173913043478261 0.4225 0.513768115942029 0.01125
0 0.9181159420289855 0.39708333333333334 0.06956521739130435 0.01125
0 1.3398550724637681 0.29041666666666666 0.1565217391304348 0.028333333333333332
0 1.3405797101449275 0.26958333333333334 0.2398550724637681 0.01125
0 1.3405797101449275 0.22708333333333333 0.0644927536231884 0.010833333333333334
0 1.3413043478260869 0.2529166666666667 0.2710144927536232 0.01125
