0 0.04420289855072464 0.0125 0.14565217391304347 0.03333333333333333
0 0.05144927536231884 0.4270833333333333 0.14565217391304347 0.028333333333333332
0 0.05144927536231884 0.3804166666666667 0.0746376811594203 0.01375
0 0.05144927536231884 0.29041666666666666 0.14420289855072463 0.028333333333333332
0 0.05144927536231884 0.2529166666666667 0.22753623188405797 0.01125
0 0.05144927536231884 0.1375 0.13478260869565217 0.028333333333333332
0 0.05217391304347826 0.4058333333333333 0.5181159420289855 0.01125
0 0.05217391304347826 0.26958333333333334 0.31666666666666665 0.01125
0 0.05217391304347826 0.22666666666666666 0.08260869565217391 0.011666666666666667
0 0.05217391304347826 0.11625 0.5528985507246377 0.01125
0 0.05289855072463768 0.09083333333333334 0.0746376811594203 0.01375
0 0.2072463768115942 0.0125 0.1318840579710145 0.03333333333333333
0 0.3565217391304348 0.0125 0.1289855072463768 0.03333333333333333
0 0.4811594202898551 0.29041666666666666 0.13260869565217392 0.028333333333333332
0 0.4811594202898551 0.26958333333333334 0.21304347826086956 0.01125
0 0.48188405797101447 0.2529166666666667 0.32608695652173914 0.01125
0 0.4826086956521739 0.22708333333333333 0.07101449275362319 0.010833333333333334
0 0.9101449275362319 0.22708333333333333 0.07753623188405798 0.01375
0 0.9108695652173913 0.29041666666666666 0.14202898550724638 0.028333333333333332
0 0.9108695652173913 0.26958333333333334 0.20869565217391303 0.01125
0 0.9108695652173913 0.2529166666666667 0.33405797101449275 0.01125
0 0.9159420289855073 0.4270833333333333 0.1463768115942029 0.028333333333333332
0 0.9173913043478261 0.4058333333333333 0.553623188405797 0.01125
0 0.9181159420289855 0.3804166666666667 0.04855072463768116 0.01375
0 1.3398550724637681 0.29041666666666666 0.1536231884057971 0.028333333333333332
0 1.3405797101449275 0.2529166666666667 0.32028985507246377 0.01125
0 1.3413043478260869 0.26958333333333334 0.25217391304347825 0.01125
0 1.3420289855072465 0.22708333333333333 0.07246376811594203 0.010833333333333334
