0 0.04420289855072464 0.0125 0.16521739130434782 0.03333333333333333
0 0.050724637681159424 0.38916666666666666 0.24565217391304348 0.01125
0 0.05144927536231884 0.4270833333333333 0.14130434782608695 0.028333333333333332
0 0.05144927536231884 0.27375 0.16376811594202897 0.028333333333333332
0 0.05144927536231884 0.2529166666666667 0.5101449275362319 0.01125
0 0.05144927536231884 0.22708333333333333 0.09057971014492754 0.01375
0 0.05144927536231884 0.1375 0.13695652173913042 0.028333333333333332
0 0.05217391304347826 0.4058333333333333 0.2818840579710145 0.01125
0 0.05217391304347826 0.11625 0.5673913043478261 0.01125
0 0.05289855072463768 0.36375 0.07536231884057971 0.010833333333333334
0 0.05289855072463768 0.09083333333333334 0.07246376811594203 0.01375
0 0.22681159420289856 0.0125 0.14565217391304347 0.03333333333333333
0 0.4811594202898551 0.4270833333333333 0.1391304347826087 0.028333333333333332
0 0.4811594202898551 0.4058333333333333 0.2463768115942029 0.01125
0 0.4811594202898551 0.36375 0.06304347826086956 0.010833333333333334
0 0.48188405797101447 0.38916666666666666 0.23695652173913043 0.01125
0 0.9108695652173913 0.4270833333333333 0.1398550724637681 0.028333333333333332
0 0.9115942028985508 0.4058333333333333 0.3978260869565217 0.01125
0 0.9115942028985508 0.38916666666666666 0.0644927536231884 0.00875
0 0.9123188405797101 0.36375 0.06739130434782609 0.01375
0 0.9159420289855073 0.1375 0.1463768115942029 0.028333333333333332
0 0.9166666666666666 0.11625 0.4963768115942029 0.01125
0 0.9181159420289855 0.09083333333333334 0.05217391304347826 0.010833333333333334
0 1.3398550724637681 0.4270833333333333 0.15072463768115943 0.028333333333333332
0 1.3398550724637681 0.38916666666666666 0.3065217391304348 0.01125
0 1.3413043478260869 0.4058333333333333 0.24492753623188407 0.01125
0 1.3420289855072465 0.36375 0.06666666666666667 0.01375
