0 0.04420289855072464 0.0125 0.15217391304347827 0.03333333333333333
0 0.050724637681159424 0.11625 0.5710144927536231 0.01125
0 0.05144927536231884 0.27375 0.14420289855072463 0.028333333333333332
0 0.05144927536231884 0.22708333333333333 0.06956521739130435 0.01375
0 0.05144927536231884 0.1375 0.14202898550724638 0.028333333333333332
0 0.05144927536231884 0.09083333333333334 0.06811594202898551 0.010833333333333334
0 0.05217391304347826 0.2529166666666667 0.5405797101449276 0.01125
0 0.213768115942029 0.0125 0.14565217391304347 0.03333333333333333
0 0.37681159420289856 0.0125 0.1355072463768116 0.03333333333333333
0 0.5297101449275362 0.0125 0.1463768115942029 0.03333333333333333
0 0.9159420289855073 0.27375 0.14565217391304347 0.028333333333333332
0 0.9159420289855073 0.1375 0.14855072463768115 0.028333333333333332
0 0.9159420289855073 0.09083333333333334 0.07608695652173914 0.01375
0 0.9173913043478261 0.2529166666666667 0.4985507246376812 0.01125
0 0.9173913043478261 0.11625 0.5 0.01125
0 0.9181159420289855 0.22708333333333333 0.06594202898550725 0.010833333333333334
