0 0.04420289855072464 0.0125 0.1398550724637681 0.03333333333333333
0 0.05144927536231884 0.41041666666666665 0.1427536231884058 0.028333333333333332
0 0.05144927536231884 0.36375 0.0746376811594203 0.01375
0 0.05144927536231884 0.27375 0.14347826086956522 0.028333333333333332
0 0.05144927536231884 0.22708333333333333 0.04710144927536232 0.010833333333333334
0 0.05144927536231884 0.1375 0.1565217391304348 0.028333333333333332
0 0.05217391304347826 0.38916666666666666 0.4891304347826087 0.01125
0 0.05217391304347826 0.2529166666666667 0.5456521739130434 0.01125
0 0.05217391304347826 0.11625 0.5195652173913043 0.01125
0 0.05289855072463768 0.09083333333333334 0.07753623188405798 0.01125
0 0.20144927536231885 0.0125 0.1471014492753623 0.03333333333333333
0 0.9159420289855073 0.27375 0.11521739130434783 0.028333333333333332
0 0.9173913043478261 0.2529166666666667 0.5659420289855073 0.01125
0 0.9173913043478261 0.22666666666666666 0.059420289855072465 0.014166666666666666
