0 0.04420289855072464 0.0125 0.15289855072463768 0.03333333333333333
0 0.050724637681159424 0.2529166666666667 0.5036231884057971 0.01125
0 0.05144927536231884 0.27375 0.1463768115942029 0.028333333333333332
0 0.05144927536231884 0.1375 0.1391304347826087 0.028333333333333332
0 0.05144927536231884 0.11625 0.5210144927536232 0.01125
0 0.05289855072463768 0.22708333333333333 0.07101449275362319 0.01375
0 0.05289855072463768 0.09083333333333334 0.06884057971014493 0.010833333333333334
0 0.2144927536231884 0.0125 0.13478260869565217 0.03333333333333333
0 0.36666666666666664 0.0125 0.15507246376811595 0.03333333333333333
0 0.5391304347826087 0.0125 0.14855072463768115 0.03333333333333333
0 0.7050724637681159 0.0125 0.1572463768115942 0.03333333333333333
0 0.9159420289855073 0.27375 0.1471014492753623 0.028333333333333332
0 0.9159420289855073 0.22708333333333333 0.07898550724637682 0.010833333333333334
0 0.9159420289855073 0.1375 0.1391304347826087 0.028333333333333332
0 0.9159420289855073 0.09083333333333334 0.06884057971014493 0.01375
0 0.9166666666666666 0.2529166666666667 0.5152173913043478 0.01125
0 0.9173913043478261 0.11625 0.5014492753623189 0.01125
