0 0.04420289855072464 0.0125 0.16666666666666666 0.03333333333333333
0 0.05144927536231884 0.15416666666666667 0.14347826086956522 0.028333333333333332
0 0.05144927536231884 0.09083333333333334 0.07028985507246377 0.010833333333333334
0 0.05217391304347826 0.13291666666666666 0.22028985507246376 0.01125
0 0.05289855072463768 0.11625 0.30579710144927535 0.01125
0 0.22826086956521738 0.0125 0.1463768115942029 0.03333333333333333
0 0.4811594202898551 0.15416666666666667 0.14855072463768115 0.028333333333333332
0 0.48188405797101447 0.13291666666666666 0.21956521739130436 0.01125
0 0.48188405797101447 0.11625 0.33260869565217394 0.01125
0 0.48188405797101447 0.09041666666666667 0.04855072463768116 0.011666666666666667
0 0.48478260869565215 0.09375 0.017391304347826087 0.004166666666666667
0 0.9108695652173913 0.15416666666666667 0.14202898550724638 0.028333333333333332
0 0.9108695652173913 0.11625 0.2833333333333333 0.01125
0 0.9115942028985508 0.13291666666666666 0.2688405797101449 0.01125
0 0.9123188405797101 0.09083333333333334 0.0746376811594203 0.01375
0 1.3398550724637681 0.15416666666666667 0.13260869565217392 0.028333333333333332
0 1.3398550724637681 0.09083333333333334 0.07246376811594203 0.01375
0 1.3405797101449275 0.13291666666666666 0.2594202898550725 0.01125
0 1.3413043478260869 0.11625 0.2826086956521739 0.01125
