0 0.04420289855072464 0.0125 0.12971014492753624 0.03333333333333333
0 0.050724637681159424 0.2529166666666667 0.5333333333333333 0.01125
0 0.05144927536231884 0.4270833333333333 0.12173913043478261 0.028333333333333332
0 0.05144927536231884 0.38916666666666666 0.3239130434782609 0.01125
0 0.05144927536231884 0.36375 0.06739130434782609 0.01375
0 0.05144927536231884 0.27375 0.12536231884057972 0.028333333333333332
0 0.05144927536231884 0.1375 0.12536231884057972 0.028333333333333332
0 0.05144927536231884 0.09083333333333334 0.06594202898550725 0.01375
0 0.05217391304347826 0.11625 0.5362318840579711 0.01125
0 0.05289855072463768 0.4058333333333333 0.22681159420289856 0.01125
0 0.05289855072463768 0.22708333333333333 0.07246376811594203 0.01375
0 0.19130434782608696 0.0125 0.14492753623188406 0.03333333333333333
0 0.3536231884057971 0.0125 0.15217391304347827 0.03333333333333333
0 0.4811594202898551 0.4270833333333333 0.1289855072463768 0.028333333333333332
0 0.4811594202898551 0.4058333333333333 0.20507246376811594 0.00875
0 0.4811594202898551 0.38916666666666666 0.3347826086956522 0.01125
0 0.4826086956521739 0.36375 0.059420289855072465 0.010833333333333334
0 0.9101449275362319 0.36375 0.07391304347826087 0.01375
0 0.9108695652173913 0.4270833333333333 0.13695652173913042 0.028333333333333332
0 0.9108695652173913 0.38916666666666666 0.2753623188405797 0.01125
0 0.9115942028985508 0.4058333333333333 0.2768115942028985 0.01125
0 0.9159420289855073 0.27375 0.13695652173913042 0.028333333333333332
0 0.9173913043478261 0.2529166666666667 0.5362318840579711 0.01125
0 0.9181159420289855 0.22708333333333333 0.05507246376811594 0.01375
0 1.3398550724637681 0.4270833333333333 0.13405797101449277 0.028333333333333332
0 1.3413043478260869 0.4058333333333333 0.20434782608695654 0.01125
0 1.3413043478260869 0.38916666666666666 0.3427536231884058 0.01125
0 1.3420289855072465 0.36375 0.07608695652173914 0.01375
