0 0.04420289855072464 0.0125 0.14855072463768115 0.03333333333333333
0 0.05144927536231884 0.29041666666666666 0.13623188405797101 0.028333333333333332
0 0.05144927536231884 0.1375 0.1427536231884058 0.028333333333333332
0 0.05144927536231884 0.11625 0.5239130434782608 0.01125
0 0.05217391304347826 0.26958333333333334 0.18840579710144928 0.01125
0 0.05217391304347826 0.2529166666666667 0.3217391304347826 0.01125
0 0.05217391304347826 0.22666666666666666 0.0746376811594203 0.011666666666666667
0 0.05217391304347826 0.09041666666666667 0.06231884057971015 0.014166666666666666
0 0.21014492753623187 0.0125 0.13695652173913042 0.03333333333333333
0 0.3644927536231884 0.0125 0.14420289855072463 0.03333333333333333
0 0.4811594202898551 0.29041666666666666 0.14057971014492754 0.028333333333333332
0 0.4811594202898551 0.26958333333333334 0.2717391304347826 0.01125
0 0.4811594202898551 0.2529166666666667 0.25869565217391305 0.01125
0 0.4826086956521739 0.22708333333333333 0.07391304347826087 0.01375
0 0.9101449275362319 0.26958333333333334 0.19710144927536233 0.01125
0 0.9108695652173913 0.29041666666666666 0.12681159420289856 0.028333333333333332
0 0.9108695652173913 0.2529166666666667 0.3210144927536232 0.01125
0 0.9123188405797101 0.22708333333333333 0.06956521739130435 0.01375
0 0.9159420289855073 0.1375 0.14130434782608695 0.028333333333333332
0 0.9159420289855073 0.11625 0.5652173913043478 0.01125
0 0.9181159420289855 0.09083333333333334 0.07246376811594203 0.01375
0 1.3398550724637681 0.29041666666666666 0.14492753623188406 0.028333333333333332
0 1.3413043478260869 0.26958333333333334 0.22391304347826088 0.01125
0 1.3413043478260869 0.2529166666666667 0.2956521739130435 0.01125
0 1.3420289855072465 0.22708333333333333 0.08115942028985507 0.01375
