0 0.04420289855072464 0.0125 0.15217391304347827 0.03333333333333333
0 0.05144927536231884 0.4270833333333333 0.1492753623188406 0.028333333333333332
0 0.05144927536231884 0.27375 0.14347826086956522 0.028333333333333332
0 0.05144927536231884 0.22708333333333333 0.07173913043478261 0.01375
0 0.05144927536231884 0.1375 0.12681159420289856 0.028333333333333332
0 0.05217391304347826 0.4058333333333333 0.2673913043478261 0.01125
0 0.05217391304347826 0.38916666666666666 0.29130434782608694 0.01125
0 0.05217391304347826 0.2529166666666667 0.5652173913043478 0.01125
0 0.05217391304347826 0.11625 0.5572463768115942 0.01125
0 0.05289855072463768 0.36375 0.06231884057971015 0.010833333333333334
0 0.05289855072463768 0.09083333333333334 0.06594202898550725 0.010833333333333334
0 0.213768115942029 0.0125 0.1536231884057971 0.03333333333333333
0 0.3847826086956522 0.0125 0.14420289855072463 0.03333333333333333
0 0.4811594202898551 0.4270833333333333 0.14565217391304347 0.028333333333333332
0 0.4811594202898551 0.4058333333333333 0.23550724637681159 0.01125
0 0.48188405797101447 0.38916666666666666 0.3217391304347826 0.01125
0 0.4826086956521739 0.36375 0.06304347826086956 0.010833333333333334
0 0.9101449275362319 0.36375 0.06521739130434782 0.01375
0 0.9108695652173913 0.44375 0.14202898550724638 0.028333333333333332
0 0.9108695652173913 0.4225 0.04565217391304348 0.00875
0 0.9108695652173913 0.38916666666666666 0.08695652173913043 0.00875
0 0.9115942028985508 0.4058333333333333 0.3565217391304348 0.01125
0 0.9159420289855073 0.27375 0.14855072463768115 0.028333333333333332
0 0.9173913043478261 0.2529166666666667 0.5608695652173913 0.01125
0 0.9181159420289855 0.22708333333333333 0.06521739130434782 0.01375
0 1.3398550724637681 0.4270833333333333 0.13768115942028986 0.028333333333333332
0 1.3398550724637681 0.36375 0.06159420289855073 0.01375
0 1.3405797101449275 0.38916666666666666 0.26304347826086955 0.01125
0 1.3413043478260869 0.4058333333333333 0.26521739130434785 0.01125
