0 0.04420289855072464 0.0125 0.14420289855072463 0.03333333333333333
0 0.05144927536231884 0.41041666666666665 0.1536231884057971 0.028333333333333332
0 0.05144927536231884 0.36375 0.0746376811594203 0.010833333333333334
0 0.05144927536231884 0.27375 0.14057971014492754 0.028333333333333332
0 0.05144927536231884 0.2529166666666667 0.5079710144927536 0.01125
0 0.05144927536231884 0.1375 0.1318840579710145 0.028333333333333332
0 0.05217391304347826 0.38916666666666666 0.5130434782608696 0.01125
0 0.05217391304347826 0.22666666666666666 0.05652173913043478 0.011666666666666667
0 0.05217391304347826 0.11625 0.5318840579710145 0.01125
0 0.05289855072463768 0.09083333333333334 0.06739130434782609 0.01375
0 0.05507246376811594 0.23083333333333333 0.018115942028985508 0.0033333333333333335
0 0.20579710144927535 0.0125 0.13840579710144926 0.03333333333333333
0 0.3615942028985507 0.0125 0.1565217391304348 0.03333333333333333
0 0.5355072463768116 0.0125 0.15072463768115943 0.03333333333333333
0 0.9159420289855073 0.27375 0.1536231884057971 0.028333333333333332
0 0.9159420289855073 0.1375 0.13623188405797101 0.028333333333333332
0 0.9166666666666666 0.2529166666666667 0.5869565217391305 0.01125
0 0.9173913043478261 0.11625 0.5398550724637681 0.01125
0 0.9173913043478261 0.09041666666666667 0.0782608695652174 0.011666666666666667
0 0.9181159420289855 0.22708333333333333 0.07391304347826087 0.01375
