0 0.04420289855072464 0.0125 0.1463768115942029 0.03333333333333333
0 0.05144927536231884 0.27375 0.1572463768115942 0.028333333333333332
0 0.05144927536231884 0.1375 0.1391304347826087 0.028333333333333332
0 0.05144927536231884 0.11625 0.518840579710145 0.01125
0 0.05289855072463768 0.2529166666666667 0.5347826086956522 0.01125
0 0.05289855072463768 0.22708333333333333 0.06811594202898551 0.01375
0 0.05289855072463768 0.09083333333333334 0.07246376811594203 0.01375
0 0.20797101449275363 0.0125 0.13260869565217392 0.03333333333333333
0 0.35797101449275365 0.0125 0.12681159420289856 0.03333333333333333
0 0.5021739130434782 0.0125 0.15869565217391304 0.03333333333333333
0 0.9159420289855073 0.27375 0.1398550724637681 0.028333333333333332
0 0.9166666666666666 0.2529166666666667 0.5434782608695652 0.01125
0 0.9181159420289855 0.22708333333333333 0.07101449275362319 0.010833333333333334
