0 0.04420289855072464 0.0125 0.14782608695652175 0.03333333333333333
0 0.05144927536231884 0.1375 0.11521739130434783 0.028333333333333332
0 0.05217391304347826 0.11625 0.5101449275362319 0.01125
0 0.05289855072463768 0.09083333333333334 0.07318840579710145 0.01375
0 0.20942028985507247 0.0125 0.15144927536231884 0.03333333333333333
0 0.3782608695652174 0.0125 0.1536231884057971 0.03333333333333333
0 0.5492753623188406 0.0125 0.14420289855072463 0.03333333333333333
0 0.9159420289855073 0.1375 0.14855072463768115 0.028333333333333332
0 0.9166666666666666 0.11625 0.5413043478260869 0.01125
0 0.9181159420289855 0.09083333333333334 0.07753623188405798 0.010833333333333334
