0 0.04420289855072464 0.0125 0.13768115942028986 0.03333333333333333
0 0.050724637681159424 0.11625 0.5123188405797101 0.01125
0 0.05144927536231884 0.27375 0.1681159420289855 0.028333333333333332
0 0.05144927536231884 0.2529166666666667 0.5144927536231884 0.01125
0 0.05144927536231884 0.1375 0.13623188405797101 0.028333333333333332
0 0.05289855072463768 0.22708333333333333 0.08478260869565217 0.01375
0 0.05289855072463768 0.09083333333333334 0.08333333333333333 0.01375
0 0.19927536231884058 0.0125 0.15072463768115943 0.03333333333333333
0 0.3673913043478261 0.0125 0.1565217391304348 0.03333333333333333
0 0.9159420289855073 0.27375 0.15 0.028333333333333332
0 0.9166666666666666 0.2529166666666667 0.48985507246376814 0.01125
0 0.9181159420289855 0.22708333333333333 0.05652173913043478 0.01375
