0 0.04420289855072464 0.0125 0.1391304347826087 0.03333333333333333
0 0.05144927536231884 0.4270833333333333 0.13768115942028986 0.028333333333333332
0 0.05144927536231884 0.3804166666666667 0.07028985507246377 0.01125
0 0.05144927536231884 0.29041666666666666 0.1463768115942029 0.028333333333333332
0 0.05144927536231884 0.15416666666666667 0.1492753623188406 0.028333333333333332
0 0.05144927536231884 0.11625 0.31666666666666665 0.01125
0 0.05217391304347826 0.4058333333333333 0.5811594202898551 0.01125
0 0.05217391304347826 0.26958333333333334 0.5731884057971014 0.01125
0 0.05217391304347826 0.13291666666666666 0.2391304347826087 0.01125
0 0.05217391304347826 0.09083333333333334 0.06811594202898551 0.01375
0 0.05289855072463768 0.24375 0.07318840579710145 0.01375
0 0.20072463768115942 0.0125 0.15 0.03333333333333333
0 0.3681159420289855 0.0125 0.15289855072463768 0.03333333333333333
0 0.4811594202898551 0.15416666666666667 0.1391304347826087 0.028333333333333332
0 0.4811594202898551 0.11625 0.4007246376811594 0.01125
0 0.48188405797101447 0.13291666666666666 0.1 0.00875
0 0.48188405797101447 0.09041666666666667 0.059420289855072465 0.014166666666666666
0 0.5384057971014493 0.0125 0.15579710144927536 0.03333333333333333
0 0.7115942028985507 0.0125 0.16159420289855073 0.03333333333333333
0 0.9108695652173913 0.15416666666666667 0.15217391304347827 0.028333333333333332
0 0.9115942028985508 0.13291666666666666 0.23840579710144927 0.01125
0 0.9115942028985508 0.11625 0.30434782608695654 0.01125
0 0.9115942028985508 0.09041666666666667 0.06739130434782609 0.014166666666666666
0 0.9159420289855073 0.29041666666666666 0.1492753623188406 0.028333333333333332
0 0.9173913043478261 0.26958333333333334 0.5760869565217391 0.01125
0 0.9181159420289855 0.24375 0.06739130434782609 0.01375
0 1.3398550724637681 0.15416666666666667 0.15217391304347827 0.028333333333333332
0 1.3398550724637681 0.13291666666666666 0.23115942028985506 0.01125
0 1.3398550724637681 0.11625 0.30434782608695654 0.01125
0 1.3398550724637681 0.09083333333333334 0.08188405797101449 0.010833333333333334
