0 0.04420289855072464 0.0125 0.1318840579710145 0.03333333333333333
0 0.05144927536231884 0.4270833333333333 0.16376811594202897 0.028333333333333332
0 0.05144927536231884 0.27375 0.14130434782608695 0.028333333333333332
0 0.05144927536231884 0.2529166666666667 0.5615942028985508 0.01125
0 0.05144927536231884 0.22708333333333333 0.06811594202898551 0.01375
0 0.05144927536231884 0.1375 0.1355072463768116 0.028333333333333332
0 0.05217391304347826 0.4058333333333333 0.21884057971014492 0.01125
0 0.05217391304347826 0.38916666666666666 0.3079710144927536 0.01125
0 0.05289855072463768 0.36375 0.06376811594202898 0.010833333333333334
0 0.05289855072463768 0.11625 0.5398550724637681 0.01125
0 0.05289855072463768 0.09083333333333334 0.06594202898550725 0.010833333333333334
0 0.1934782608695652 0.0125 0.14782608695652175 0.03333333333333333
0 0.358695652173913 0.0125 0.15942028985507245 0.03333333333333333
0 0.4811594202898551 0.4270833333333333 0.15 0.028333333333333332
0 0.4811594202898551 0.36375 0.07681159420289856 0.01375
0 0.48188405797101447 0.4058333333333333 0.23115942028985506 0.01125
0 0.48188405797101447 0.38916666666666666 0.2717391304347826 0.01125
0 0.5355072463768116 0.0125 0.15217391304347827 0.03333333333333333
0 0.7050724637681159 0.0125 0.12971014492753624 0.03333333333333333
0 0.9108695652173913 0.4270833333333333 0.14202898550724638 0.028333333333333332
0 0.9108695652173913 0.4058333333333333 0.2717391304347826 0.01125
0 0.9115942028985508 0.38916666666666666 0.23043478260869565 0.01125
0 0.9123188405797101 0.36375 0.07173913043478261 0.01375
0 0.9159420289855073 0.27375 0.14057971014492754 0.028333333333333332
0 0.9159420289855073 0.22708333333333333 0.05144927536231884 0.010833333333333334
0 0.9173913043478261 0.2529166666666667 0.5420289855072464 0.01125
0 1.3398550724637681 0.4270833333333333 0.1391304347826087 0.028333333333333332
0 1.3398550724637681 0.36375 0.07898550724637682 0.01375
0 1.3405797101449275 0.4058333333333333 0.23478260869565218 0.01125
0 1.3405797101449275 0.38916666666666666 0.29130434782608694 0.01125
