0 0.04420289855072464 0.0125 0.1398550724637681 0.03333333333333333
0 0.05144927536231884 0.4270833333333333 0.1289855072463768 0.028333333333333332
0 0.05144927536231884 0.4058333333333333 0.2594202898550725 0.01125
0 0.05144927536231884 0.36375 0.06956521739130435 0.01375
0 0.05144927536231884 0.27375 0.14420289855072463 0.028333333333333332
0 0.05144927536231884 0.22708333333333333 0.06594202898550725 0.010833333333333334
0 0.05144927536231884 0.1375 0.11666666666666667 0.028333333333333332
0 0.05217391304347826 0.38916666666666666 0.2427536231884058 0.01125
0 0.05217391304347826 0.2529166666666667 0.5398550724637681 0.01125
0 0.05217391304347826 0.11625 0.5246376811594203 0.01125
0 0.05289855072463768 0.09083333333333334 0.060144927536231886 0.01375
0 0.20144927536231885 0.0125 0.14565217391304347 0.03333333333333333
0 0.3644927536231884 0.0125 0.16231884057971013 0.03333333333333333
0 0.4811594202898551 0.4270833333333333 0.1572463768115942 0.028333333333333332
0 0.4811594202898551 0.38916666666666666 0.33768115942028987 0.01125
0 0.48188405797101447 0.4058333333333333 0.23840579710144927 0.01125
0 0.48188405797101447 0.36333333333333334 0.0746376811594203 0.014166666666666666
0 0.48478260869565215 0.36666666666666664 0.016666666666666666 0.004166666666666667
0 0.5442028985507247 0.0125 0.1536231884057971 0.03333333333333333
0 0.7152173913043478 0.0125 0.1536231884057971 0.03333333333333333
0 0.9108695652173913 0.4270833333333333 0.1492753623188406 0.028333333333333332
0 0.9108695652173913 0.4058333333333333 0.21594202898550724 0.01125
0 0.9108695652173913 0.38916666666666666 0.32463768115942027 0.01125
0 0.9115942028985508 0.36333333333333334 0.05652173913043478 0.014166666666666666
0 0.9159420289855073 0.27375 0.13405797101449277 0.028333333333333332
0 0.9159420289855073 0.22708333333333333 0.08043478260869565 0.01375
0 0.9173913043478261 0.2529166666666667 0.5811594202898551 0.01125
0 1.3398550724637681 0.4270833333333333 0.1463768115942029 0.028333333333333332
0 1.3398550724637681 0.4058333333333333 0.29637681159420287 0.01125
0 1.3398550724637681 0.36375 0.06594202898550725 0.01375
0 1.3413043478260869 0.38916666666666666 0.22028985507246376 0.01125
