0 0.04420289855072464 0.0125 0.14782608695652175 0.03333333333333333
0 0.05144927536231884 0.29041666666666666 0.15579710144927536 0.028333333333333332
0 0.05144927536231884 0.26958333333333334 0.1572463768115942 0.01125
0 0.05144927536231884 0.2529166666666667 0.34492753623188405 0.01125
0 0.05144927536231884 0.1375 0.13115942028985508 0.028333333333333332
0 0.05144927536231884 0.09083333333333334 0.06811594202898551 0.010833333333333334
0 0.05217391304347826 0.11625 0.5384057971014493 0.01125
0 0.05289855072463768 0.22708333333333333 0.09202898550724638 0.010833333333333334
0 0.20942028985507247 0.0125 0.1471014492753623 0.03333333333333333
0 0.3739130434782609 0.0125 0.13623188405797101 0.03333333333333333
0 0.4811594202898551 0.3070833333333333 0.15 0.028333333333333332
0 0.4811594202898551 0.2529166666666667 0.20652173913043478 0.01125
0 0.48188405797101447 0.28625 0.11304347826086956 0.01125
0 0.48188405797101447 0.26958333333333334 0.23550724637681159 0.01125
0 0.4826086956521739 0.22708333333333333 0.07536231884057971 0.010833333333333334
0 0.527536231884058 0.0125 0.13405797101449277 0.03333333333333333
0 0.6789855072463769 0.0125 0.15869565217391304 0.03333333333333333
0 0.9101449275362319 0.22708333333333333 0.06739130434782609 0.01125
0 0.9108695652173913 0.29041666666666666 0.14347826086956522 0.028333333333333332
0 0.9108695652173913 0.2529166666666667 0.2108695652173913 0.01125
0 0.9115942028985508 0.26958333333333334 0.3253623188405797 0.01125
0 1.3398550724637681 0.29041666666666666 0.13840579710144926 0.028333333333333332
0 1.3398550724637681 0.22708333333333333 0.08260869565217391 0.01375
0 1.3405797101449275 0.2529166666666667 0.3188405797101449 0.01125
0 1.3413043478260869 0.26958333333333334 0.1934782608695652 0.01125
