0 0.04420289855072464 0.0125 0.15507246376811595 0.03333333333333333
0 0.05144927536231884 0.44375 0.13840579710144926 0.028333333333333332
0 0.05144927536231884 0.3070833333333333 0.1282608695652174 0.028333333333333332
0 0.05144927536231884 0.17083333333333334 0.1318840579710145 0.028333333333333332
0 0.05144927536231884 0.13291666666666666 0.377536231884058 0.01125
0 0.05217391304347826 0.4225 0.5420289855072464 0.01125
0 0.05217391304347826 0.39708333333333334 0.07391304347826087 0.01375
0 0.05217391304347826 0.28625 0.508695652173913 0.01125
0 0.05217391304347826 0.26 0.06376811594202898 0.014166666666666666
0 0.05217391304347826 0.11625 0.06521739130434782 0.01125
0 0.05289855072463768 0.14958333333333335 0.07101449275362319 0.01125
0 0.05289855072463768 0.09083333333333334 0.08188405797101449 0.01375
0 0.21666666666666667 0.0125 0.14057971014492754 0.03333333333333333
0 0.48043478260869565 0.13291666666666666 0.1934782608695652 0.01125
0 0.48043478260869565 0.09083333333333334 0.07246376811594203 0.01375
0 0.4811594202898551 0.15416666666666667 0.13333333333333333 0.028333333333333332
0 0.48188405797101447 0.11625 0.31666666666666665 0.01125
0 0.9101449275362319 0.09083333333333334 0.07101449275362319 0.01375
0 0.9108695652173913 0.15416666666666667 0.14782608695652175 0.028333333333333332
0 0.9108695652173913 0.13291666666666666 0.3427536231884058 0.01125
0 0.9108695652173913 0.11625 0.1855072463768116 0.01125
0 0.9159420289855073 0.3070833333333333 0.13695652173913042 0.028333333333333332
0 0.9159420289855073 0.2604166666666667 0.08260869565217391 0.01375
0 0.9166666666666666 0.28625 0.5268115942028986 0.01125
0 1.3398550724637681 0.15416666666666667 0.15144927536231884 0.028333333333333332
0 1.3405797101449275 0.11625 0.322463768115942 0.01125
0 1.3413043478260869 0.13291666666666666 0.2144927536231884 0.01125
0 1.3420289855072465 0.09083333333333334 0.07318840579710145 0.010833333333333334
