0 0.04420289855072464 0.0125 0.13260869565217392 0.03333333333333333
0 0.05144927536231884 0.15416666666666667 0.13768115942028986 0.028333333333333332
0 0.05217391304347826 0.13291666666666666 0.23115942028985506 0.01125
0 0.05289855072463768 0.11625 0.2985507246376812 0.01125
0 0.05289855072463768 0.09083333333333334 0.0746376811594203 0.01375
0 0.19420289855072465 0.0125 0.15217391304347827 0.03333333333333333
0 0.36376811594202896 0.0125 0.13840579710144926 0.03333333333333333
0 0.4811594202898551 0.15416666666666667 0.1492753623188406 0.028333333333333332
0 0.4811594202898551 0.13291666666666666 0.2210144927536232 0.01125
0 0.48188405797101447 0.11625 0.29347826086956524 0.01125
0 0.4826086956521739 0.09083333333333334 0.060144927536231886 0.01375
0 0.9108695652173913 0.15416666666666667 0.14130434782608695 0.028333333333333332
0 0.9108695652173913 0.13291666666666666 0.32971014492753625 0.01125
0 0.9108695652173913 0.11625 0.21956521739130436 0.01125
0 0.9115942028985508 0.09041666666666667 0.07681159420289856 0.014166666666666666
0 0.9144927536231884 0.09375 0.018115942028985508 0.004166666666666667
0 1.3398550724637681 0.17083333333333334 0.13840579710144926 0.028333333333333332
0 1.3398550724637681 0.11625 0.13333333333333333 0.01125
0 1.3398550724637681 0.09083333333333334 0.06594202898550725 0.01375
0 1.3405797101449275 0.14958333333333335 0.09130434782608696 0.01125
0 1.3405797101449275 0.13291666666666666 0.31956521739130433 0.01125
