0 0.04420289855072464 0.0125 0.14420289855072463 0.03333333333333333
0 0.05144927536231884 0.4270833333333333 0.14565217391304347 0.028333333333333332
0 0.05144927536231884 0.4058333333333333 0.23405797101449274 0.01125
0 0.05144927536231884 0.27375 0.1471014492753623 0.028333333333333332
0 0.05144927536231884 0.2529166666666667 0.5978260869565217 0.01125
0 0.05144927536231884 0.22708333333333333 0.07898550724637682 0.01375
0 0.05144927536231884 0.1375 0.1398550724637681 0.028333333333333332
0 0.05217391304347826 0.38916666666666666 0.3173913043478261 0.01125
0 0.05217391304347826 0.11625 0.5572463768115942 0.01125
0 0.05289855072463768 0.36375 0.08188405797101449 0.010833333333333334
0 0.05289855072463768 0.09083333333333334 0.07318840579710145 0.01375
0 0.20579710144927535 0.0125 0.1355072463768116 0.03333333333333333
0 0.358695652173913 0.0125 0.1463768115942029 0.03333333333333333
0 0.4811594202898551 0.4270833333333333 0.1391304347826087 0.028333333333333332
0 0.4811594202898551 0.4058333333333333 0.2688405797101449 0.01125
0 0.4811594202898551 0.38916666666666666 0.2876811594202899 0.01125
0 0.4826086956521739 0.36375 0.06956521739130435 0.01125
0 0.5224637681159421 0.0125 0.15434782608695652 0.03333333333333333
0 0.6942028985507246 0.0125 0.13333333333333333 0.03333333333333333
0 0.9108695652173913 0.4270833333333333 0.1391304347826087 0.028333333333333332
0 0.9108695652173913 0.38916666666666666 0.30144927536231886 0.01125
0 0.9108695652173913 0.36333333333333334 0.059420289855072465 0.014166666666666666
0 0.9115942028985508 0.4058333333333333 0.23043478260869565 0.01125
0 0.9159420289855073 0.27375 0.14420289855072463 0.028333333333333332
0 0.9166666666666666 0.2529166666666667 0.5492753623188406 0.01125
0 0.9181159420289855 0.22708333333333333 0.06521739130434782 0.010833333333333334
0 1.3398550724637681 0.4270833333333333 0.1536231884057971 0.028333333333333332
0 1.3398550724637681 0.36375 0.06231884057971015 0.010833333333333334
0 1.3405797101449275 0.4058333333333333 0.14492753623188406 0.00875
0 1.3405797101449275 0.38916666666666666 0.3463768115942029 0.01125
