0 0.04420289855072464 0.0125 0.1463768115942029 0.03333333333333333
0 0.05144927536231884 0.27375 0.13333333333333333 0.028333333333333332
0 0.05144927536231884 0.1375 0.16956521739130434 0.028333333333333332
0 0.05144927536231884 0.11625 0.5521739130434783 0.01125
0 0.05217391304347826 0.2529166666666667 0.558695652173913 0.01125
0 0.05217391304347826 0.22666666666666666 0.07391304347826087 0.011666666666666667
0 0.05289855072463768 0.09083333333333334 0.07536231884057971 0.01375
0 0.05507246376811594 0.23 0.016666666666666666 0.004166666666666667
0 0.20797101449275363 0.0125 0.15434782608695652 0.03333333333333333
0 0.9159420289855073 0.27375 0.15217391304347827 0.028333333333333332
0 0.9159420289855073 0.1375 0.1608695652173913 0.028333333333333332
0 0.9166666666666666 0.2529166666666667 0.5507246376811594 0.01125
0 0.9166666666666666 0.09041666666666667 0.06956521739130435 0.014166666666666666
0 0.9173913043478261 0.11625 0.4927536231884058 0.01125
0 0.9181159420289855 0.22708333333333333 0.060144927536231886 0.01125
