0 0.04420289855072464 0.0125 0.14347826086956522 0.03333333333333333
0 0.05144927536231884 0.44375 0.14492753623188406 0.028333333333333332
0 0.05144927536231884 0.4225 0.5739130434782609 0.01125
0 0.05144927536231884 0.3070833333333333 0.15 0.028333333333333332
0 0.05144927536231884 0.15416666666666667 0.1318840579710145 0.028333333333333332
0 0.05217391304347826 0.39666666666666667 0.08260869565217391 0.011666666666666667
0 0.05217391304347826 0.13291666666666666 0.25507246376811593 0.01125
0 0.05217391304347826 0.11625 0.31956521739130433 0.01125
0 0.05289855072463768 0.28625 0.5405797101449276 0.01125
0 0.05289855072463768 0.2604166666666667 0.06956521739130435 0.010833333333333334
0 0.05289855072463768 0.09083333333333334 0.08333333333333333 0.01375
0 0.20507246376811594 0.0125 0.14565217391304347 0.03333333333333333
0 0.3681159420289855 0.0125 0.14855072463768115 0.03333333333333333
0 0.4811594202898551 0.15416666666666667 0.13043478260869565 0.028333333333333332
0 0.4811594202898551 0.13291666666666666 0.26304347826086955 0.01125
0 0.48188405797101447 0.11625 0.2797101449275362 0.01125
0 0.4826086956521739 0.09083333333333334 0.06376811594202898 0.01375
0 0.9108695652173913 0.15416666666666667 0.15434782608695652 0.028333333333333332
0 0.9115942028985508 0.13291666666666666 0.1855072463768116 0.01125
0 0.9115942028985508 0.11625 0.3471014492753623 0.01125
0 0.9123188405797101 0.09083333333333334 0.08695652173913043 0.01125
0 0.9159420289855073 0.3070833333333333 0.14347826086956522 0.028333333333333332
0 0.9173913043478261 0.28625 0.527536231884058 0.01125
0 0.9181159420289855 0.2604166666666667 0.07971014492753623 0.01375
0 1.3398550724637681 0.17083333333333334 0.14782608695652175 0.028333333333333332
0 1.3398550724637681 0.14958333333333335 0.10434782608695652 0.01125
0 1.3413043478260869 0.13291666666666666 0.3079710144927536 0.01125
0 1.3413043478260869 0.11625 0.1108695652173913 0.01125
0 1.3420289855072465 0.09083333333333334 0.07898550724637682 0.01375
