0 0.04420289855072464 0.0125 0.1391304347826087 0.03333333333333333
0 0.050724637681159424 0.2529166666666667 0.5434782608695652 0.01125
0 0.05144927536231884 0.4270833333333333 0.1391304347826087 0.028333333333333332
0 0.05144927536231884 0.38916666666666666 0.3746376811594203 0.01125
0 0.05144927536231884 0.36375 0.07608695652173914 0.01375
0 0.05144927536231884 0.27375 0.14130434782608695 0.028333333333333332
0 0.05144927536231884 0.1375 0.15144927536231884 0.028333333333333332
0 0.05289855072463768 0.4058333333333333 0.10797101449275362 0.01125
0 0.05289855072463768 0.22708333333333333 0.05434782608695652 0.01375
0 0.05289855072463768 0.11625 0.5405797101449276 0.01125
0 0.05289855072463768 0.09083333333333334 0.05652173913043478 0.01125
0 0.20072463768115942 0.0125 0.14782608695652175 0.03333333333333333
0 0.4811594202898551 0.4270833333333333 0.15507246376811595 0.028333333333333332
0 0.4811594202898551 0.4058333333333333 0.21521739130434783 0.01125
0 0.4811594202898551 0.38916666666666666 0.31666666666666665 0.01125
0 0.48188405797101447 0.36333333333333334 0.07173913043478261 0.012083333333333333
0 0.9108695652173913 0.4270833333333333 0.15797101449275364 0.028333333333333332
0 0.9108695652173913 0.4058333333333333 0.24710144927536232 0.01125
0 0.9108695652173913 0.36375 0.07101449275362319 0.01375
0 0.9115942028985508 0.38916666666666666 0.25 0.01125
0 0.9159420289855073 0.27375 0.15 0.028333333333333332
0 0.9166666666666666 0.22666666666666666 0.06231884057971015 0.014166666666666666
0 0.9173913043478261 0.2529166666666667 0.5978260869565217 0.01125
0 1.3398550724637681 0.4270833333333333 0.1536231884057971 0.028333333333333332
0 1.3398550724637681 0.4058333333333333 0.33043478260869563 0.01125
0 1.3398550724637681 0.38916666666666666 0.2289855072463768 0.01125
0 1.3405797101449275 0.36375 0.07318840579710145 0.010833333333333334
