0 0.04420289855072464 0.0125 0.14130434782608695 0.03333333333333333
0 0.05144927536231884 0.4270833333333333 0.14347826086956522 0.028333333333333332
0 0.05144927536231884 0.27375 0.14565217391304347 0.028333333333333332
0 0.05144927536231884 0.2529166666666667 0.6007246376811595 0.01125
0 0.05144927536231884 0.1375 0.13623188405797101 0.028333333333333332
0 0.05217391304347826 0.4058333333333333 0.22318840579710145 0.01125
0 0.05217391304347826 0.38916666666666666 0.322463768115942 0.01125
0 0.05217391304347826 0.09083333333333334 0.07681159420289856 0.01375
0 0.05289855072463768 0.36375 0.07898550724637682 0.01375
0 0.05289855072463768 0.22708333333333333 0.06666666666666667 0.01375
0 0.05289855072463768 0.11625 0.5782608695652174 0.01125
0 0.2028985507246377 0.0125 0.15434782608695652 0.03333333333333333
0 0.3746376811594203 0.0125 0.14347826086956522 0.03333333333333333
0 0.4811594202898551 0.4270833333333333 0.13768115942028986 0.028333333333333332
0 0.4811594202898551 0.4058333333333333 0.3289855072463768 0.01125
0 0.4811594202898551 0.36375 0.07971014492753623 0.01375
0 0.48188405797101447 0.38916666666666666 0.1927536231884058 0.01125
0 0.5355072463768116 0.0125 0.1471014492753623 0.03333333333333333
0 0.9101449275362319 0.36375 0.07608695652173914 0.010833333333333334
0 0.9108695652173913 0.4270833333333333 0.12681159420289856 0.028333333333333332
0 0.9115942028985508 0.4058333333333333 0.28043478260869564 0.01125
0 0.9115942028985508 0.38916666666666666 0.2847826086956522 0.01125
0 0.9159420289855073 0.27375 0.15942028985507245 0.028333333333333332
0 0.9173913043478261 0.2529166666666667 0.5173913043478261 0.01125
0 0.9181159420289855 0.22708333333333333 0.04855072463768116 0.01375
0 1.3398550724637681 0.4270833333333333 0.1391304347826087 0.028333333333333332
0 1.3405797101449275 0.38916666666666666 0.2971014492753623 0.01125
0 1.3413043478260869 0.4058333333333333 0.2855072463768116 0.01125
0 1.3420289855072465 0.36375 0.07318840579710145 0.01375
