0 0.04420289855072464 0.0125 0.15869565217391304 0.03333333333333333
0 0.05144927536231884 0.44375 0.1463768115942029 0.028333333333333332
0 0.05144927536231884 0.3070833333333333 0.1355072463768116 0.028333333333333332
0 0.05144927536231884 0.2604166666666667 0.06666666666666667 0.01375
0 0.05144927536231884 0.15416666666666667 0.14855072463768115 0.028333333333333332
0 0.05144927536231884 0.09083333333333334 0.06739130434782609 0.010833333333333334
0 0.05217391304347826 0.4225 0.5398550724637681 0.01125
0 0.05217391304347826 0.39666666666666667 0.0746376811594203 0.014166666666666666
0 0.05217391304347826 0.28625 0.5760869565217391 0.01125
0 0.05217391304347826 0.13291666666666666 0.1891304347826087 0.01125
0 0.05217391304347826 0.11625 0.3442028985507246 0.01125
0 0.05507246376811594 0.4 0.016666666666666666 0.004166666666666667
0 0.22028985507246376 0.0125 0.13333333333333333 0.03333333333333333
0 0.3710144927536232 0.0125 0.14347826086956522 0.03333333333333333
0 0.4811594202898551 0.15416666666666667 0.11884057971014493 0.028333333333333332
0 0.4811594202898551 0.13291666666666666 0.19782608695652174 0.01125
0 0.48188405797101447 0.11625 0.3108695652173913 0.01125
0 0.4826086956521739 0.09083333333333334 0.06376811594202898 0.010833333333333334
0 0.5318840579710145 0.0125 0.14855072463768115 0.03333333333333333
0 0.6978260869565217 0.0125 0.16159420289855073 0.03333333333333333
0 0.9108695652173913 0.15416666666666667 0.1355072463768116 0.028333333333333332
0 0.9108695652173913 0.09083333333333334 0.07753623188405798 0.01375
0 0.9115942028985508 0.13291666666666666 0.2608695652173913 0.01125
0 0.9115942028985508 0.11625 0.29927536231884055 0.01125
0 0.9159420289855073 0.44375 0.1398550724637681 0.028333333333333332
0 0.9166666666666666 0.4225 0.5456521739130434 0.01125
0 0.9181159420289855 0.39708333333333334 0.06159420289855073 0.010833333333333334
0 1.3398550724637681 0.17083333333333334 0.1355072463768116 0.028333333333333332
0 1.3405797101449275 0.14958333333333335 0.09202898550724638 0.01125
0 1.3405797101449275 0.13291666666666666 0.3456521739130435 0.01125
0 1.3405797101449275 0.11625 0.08188405797101449 0.01125
0 1.3420289855072465 0.09083333333333334 0.07391304347826087 0.01375
