0 0.04420289855072464 0.0125 0.13478260869565217 0.03333333333333333
0 0.05144927536231884 0.44375 0.14130434782608695 0.028333333333333332
0 0.05144927536231884 0.39708333333333334 0.06739130434782609 0.01375
0 0.05144927536231884 0.29041666666666666 0.13623188405797101 0.028333333333333332
0 0.05144927536231884 0.22708333333333333 0.07318840579710145 0.01375
0 0.05144927536231884 0.1375 0.13260869565217392 0.028333333333333332
0 0.05217391304347826 0.4225 0.5565217391304348 0.01125
0 0.05217391304347826 0.2529166666666667 0.25579710144927537 0.01125
0 0.05217391304347826 0.11625 0.5130434782608696 0.01125
0 0.05289855072463768 0.26958333333333334 0.2818840579710145 0.01125
0 0.05289855072463768 0.09083333333333334 0.0746376811594203 0.01375
0 0.1963768115942029 0.0125 0.14782608695652175 0.03333333333333333
0 0.3615942028985507 0.0125 0.1427536231884058 0.03333333333333333
0 0.4811594202898551 0.29041666666666666 0.1492753623188406 0.028333333333333332
0 0.4811594202898551 0.26958333333333334 0.18405797101449275 0.01125
0 0.48188405797101447 0.2529166666666667 0.29927536231884055 0.01125
0 0.4826086956521739 0.22708333333333333 0.059420289855072465 0.010833333333333334
0 0.5217391304347826 0.0125 0.1492753623188406 0.03333333333333333
0 0.9101449275362319 0.22708333333333333 0.06521739130434782 0.010833333333333334
0 0.9108695652173913 0.3070833333333333 0.13333333333333333 0.028333333333333332
0 0.9108695652173913 0.26958333333333334 0.26014492753623186 0.01125
0 0.9108695652173913 0.2529166666666667 0.10942028985507246 0.01125
0 0.9115942028985508 0.28625 0.1681159420289855 0.01125
0 0.9159420289855073 0.1375 0.1398550724637681 0.028333333333333332
0 0.9159420289855073 0.09083333333333334 0.07101449275362319 0.010833333333333334
0 0.9173913043478261 0.11625 0.5413043478260869 0.01125
0 1.3398550724637681 0.29041666666666666 0.14130434782608695 0.028333333333333332
0 1.3398550724637681 0.22708333333333333 0.08985507246376812 0.010833333333333334
0 1.3405797101449275 0.2529166666666667 0.34202898550724636 0.01125
0 1.3413043478260869 0.26958333333333334 0.20434782608695654 0.01125
