0 0.04420289855072464 0.0125 0.12608695652173912 0.03333333333333333
0 0.05144927536231884 0.44375 0.14420289855072463 0.028333333333333332
0 0.05144927536231884 0.29041666666666666 0.17681159420289855 0.028333333333333332
0 0.05144927536231884 0.26958333333333334 0.2579710144927536 0.01125
0 0.05144927536231884 0.2529166666666667 0.22608695652173913 0.01125
0 0.05144927536231884 0.22708333333333333 0.07173913043478261 0.010833333333333334
0 0.05144927536231884 0.1375 0.1536231884057971 0.028333333333333332
0 0.05144927536231884 0.11625 0.5644927536231884 0.01125
0 0.05144927536231884 0.09083333333333334 0.07753623188405798 0.010833333333333334
0 0.05289855072463768 0.4225 0.553623188405797 0.01125
0 0.05289855072463768 0.39708333333333334 0.06884057971014493 0.01375
0 0.18768115942028984 0.0125 0.13043478260869565 0.03333333333333333
0 0.3355072463768116 0.0125 0.1463768115942029 0.03333333333333333
0 0.48043478260869565 0.22708333333333333 0.06594202898550725 0.010833333333333334
0 0.4811594202898551 0.29041666666666666 0.14782608695652175 0.028333333333333332
0 0.48188405797101447 0.26958333333333334 0.18985507246376812 0.01125
0 0.48188405797101447 0.2529166666666667 0.3427536231884058 0.01125
0 0.49927536231884057 0.0125 0.1282608695652174 0.03333333333333333
0 0.9108695652173913 0.29041666666666666 0.13478260869565217 0.028333333333333332
0 0.9108695652173913 0.26958333333333334 0.26014492753623186 0.01125
0 0.9115942028985508 0.2529166666666667 0.2688405797101449 0.01125
0 0.9123188405797101 0.22708333333333333 0.058695652173913045 0.01375
0 0.9159420289855073 0.1375 0.12681159420289856 0.028333333333333332
0 0.9166666666666666 0.11625 0.5253623188405797 0.01125
0 0.9173913043478261 0.09041666666666667 0.06811594202898551 0.014166666666666666
0 1.3398550724637681 0.3070833333333333 0.14782608695652175 0.028333333333333332
0 1.3398550724637681 0.2529166666666667 0.20072463768115942 0.01125
0 1.3405797101449275 0.28625 0.16594202898550725 0.01125
0 1.3413043478260869 0.27208333333333334 0.17898550724637682 0.00875
0 1.3420289855072465 0.22708333333333333 0.06376811594202898 0.010833333333333334
