0 0.04420289855072464 0.0125 0.13768115942028986 0.03333333333333333
0 0.05144927536231884 0.4270833333333333 0.1398550724637681 0.028333333333333332
0 0.05144927536231884 0.3804166666666667 0.058695652173913045 0.01375
0 0.05144927536231884 0.29041666666666666 0.15579710144927536 0.028333333333333332
0 0.05144927536231884 0.26958333333333334 0.55 0.01125
0 0.05144927536231884 0.15416666666666667 0.15797101449275364 0.028333333333333332
0 0.05144927536231884 0.09083333333333334 0.0644927536231884 0.01375
0 0.05217391304347826 0.4058333333333333 0.5043478260869565 0.01125
0 0.05217391304347826 0.24333333333333335 0.08550724637681159 0.014166666666666666
0 0.05217391304347826 0.13291666666666666 0.17971014492753623 0.01125
0 0.05289855072463768 0.11625 0.3347826086956522 0.01125
0 0.05507246376811594 0.24666666666666667 0.017391304347826087 0.004166666666666667
0 0.19927536231884058 0.0125 0.15144927536231884 0.03333333333333333
0 0.3681159420289855 0.0125 0.15072463768115943 0.03333333333333333
0 0.4811594202898551 0.15416666666666667 0.13768115942028986 0.028333333333333332
0 0.4811594202898551 0.13291666666666666 0.31376811594202897 0.01125
0 0.4811594202898551 0.11625 0.21014492753623187 0.01125
0 0.4826086956521739 0.09083333333333334 0.07681159420289856 0.01375
0 0.5362318840579711 0.0125 0.15797101449275364 0.03333333333333333
0 0.9108695652173913 0.15416666666666667 0.14057971014492754 0.028333333333333332
0 0.9108695652173913 0.13291666666666666 0.11739130434782609 0.01125
0 0.9108695652173913 0.11625 0.4 0.01125
0 0.9108695652173913 0.09041666666666667 0.06884057971014493 0.014166666666666666
0 0.9159420289855073 0.4270833333333333 0.1427536231884058 0.028333333333333332
0 0.9173913043478261 0.4058333333333333 0.505072463768116 0.01125
0 0.9173913043478261 0.38 0.07681159420289856 0.011666666666666667
0 1.3398550724637681 0.15416666666666667 0.15579710144927536 0.028333333333333332
0 1.3405797101449275 0.11625 0.3159420289855073 0.01125
0 1.3413043478260869 0.13291666666666666 0.20144927536231885 0.01125
0 1.3413043478260869 0.09041666666666667 0.07173913043478261 0.014166666666666666
