0 0.04420289855072464 0.0125 0.17028985507246377 0.03333333333333333
0 0.05144927536231884 0.4270833333333333 0.15507246376811595 0.028333333333333332
0 0.05144927536231884 0.29041666666666666 0.13115942028985508 0.028333333333333332
0 0.05144927536231884 0.22708333333333333 0.07246376811594203 0.01375
0 0.05144927536231884 0.1375 0.13623188405797101 0.028333333333333332
0 0.05217391304347826 0.38 0.05144927536231884 0.014166666666666666
0 0.05217391304347826 0.26958333333333334 0.22028985507246376 0.01125
0 0.05217391304347826 0.11625 0.553623188405797 0.01125
0 0.05217391304347826 0.09041666666666667 0.07173913043478261 0.014166666666666666
0 0.05289855072463768 0.4058333333333333 0.5130434782608696 0.01125
0 0.05289855072463768 0.2529166666666667 0.3217391304347826 0.01125
0 0.05507246376811594 0.38333333333333336 0.017391304347826087 0.004166666666666667
0 0.2318840579710145 0.0125 0.15797101449275364 0.03333333333333333
0 0.4072463768115942 0.0125 0.14347826086956522 0.03333333333333333
0 0.4811594202898551 0.29041666666666666 0.13840579710144926 0.028333333333333332
0 0.4811594202898551 0.26958333333333334 0.2326086956521739 0.01125
0 0.4811594202898551 0.2529166666666667 0.26666666666666666 0.01125
0 0.4811594202898551 0.22708333333333333 0.06956521739130435 0.010833333333333334
0 0.5681159420289855 0.0125 0.14492753623188406 0.03333333333333333
0 0.9108695652173913 0.29041666666666666 0.13405797101449277 0.028333333333333332
0 0.9108695652173913 0.26958333333333334 0.17101449275362318 0.01125
0 0.9108695652173913 0.2529166666666667 0.32971014492753625 0.01125
0 0.9123188405797101 0.22708333333333333 0.06666666666666667 0.01375
0 0.9159420289855073 0.4270833333333333 0.13405797101449277 0.028333333333333332
0 0.9166666666666666 0.4058333333333333 0.5391304347826087 0.01125
0 0.9181159420289855 0.3804166666666667 0.08115942028985507 0.01125
0 1.3398550724637681 0.29041666666666666 0.12971014492753624 0.028333333333333332
0 1.3405797101449275 0.2529166666666667 0.12971014492753624 0.00875
0 1.3413043478260869 0.26958333333333334 0.3978260869565217 0.01125
0 1.3420289855072465 0.22708333333333333 0.06956521739130435 0.010833333333333334
