0 0.04420289855072464 0.0125 0.15434782608695652 0.03333333333333333
0 0.05144927536231884 0.4270833333333333 0.1282608695652174 0.028333333333333332
0 0.05144927536231884 0.4058333333333333 0.508695652173913 0.01125
0 0.05144927536231884 0.3804166666666667 0.07028985507246377 0.01125
0 0.05144927536231884 0.29041666666666666 0.1536231884057971 0.028333333333333332
0 0.05144927536231884 0.15416666666666667 0.13478260869565217 0.028333333333333332
0 0.05144927536231884 0.11625 0.34492753623188405 0.01125
0 0.05217391304347826 0.26958333333333334 0.591304347826087 0.01125
0 0.05217391304347826 0.13291666666666666 0.2072463768115942 0.01125
0 0.05289855072463768 0.24375 0.0746376811594203 0.01375
0 0.05289855072463768 0.09083333333333334 0.07173913043478261 0.01375
0 0.21594202898550724 0.0125 0.1572463768115942 0.03333333333333333
0 0.39057971014492754 0.0125 0.14202898550724638 0.03333333333333333
0 0.4811594202898551 0.15416666666666667 0.13043478260869565 0.028333333333333332
0 0.48188405797101447 0.13291666666666666 0.24347826086956523 0.01125
0 0.48188405797101447 0.11625 0.3072463768115942 0.01125
0 0.4826086956521739 0.09083333333333334 0.08188405797101449 0.01375
0 0.55 0.0125 0.14057971014492754 0.03333333333333333
0 0.9108695652173913 0.15416666666666667 0.15217391304347827 0.028333333333333332
0 0.9115942028985508 0.13291666666666666 0.1963768115942029 0.01125
0 0.9115942028985508 0.11625 0.32028985507246377 0.01125
0 0.9123188405797101 0.09083333333333334 0.07246376811594203 0.01375
0 0.9159420289855073 0.4270833333333333 0.14420289855072463 0.028333333333333332
0 0.9166666666666666 0.4058333333333333 0.5442028985507247 0.01125
0 0.9181159420289855 0.3804166666666667 0.07318840579710145 0.01375
0 1.3398550724637681 0.15416666666666667 0.15 0.028333333333333332
0 1.3405797101449275 0.09083333333333334 0.0746376811594203 0.010833333333333334
0 1.3413043478260869 0.13291666666666666 0.3391304347826087 0.01125
0 1.3413043478260869 0.11625 0.21304347826086956 0.01125
