0 0.04420289855072464 0.0125 0.15289855072463768 0.03333333333333333
0 0.05144927536231884 0.44375 0.1492753623188406 0.028333333333333332
0 0.05144927536231884 0.3070833333333333 0.12391304347826088 0.028333333333333332
0 0.05144927536231884 0.28875 0.042028985507246375 0.00625
0 0.05144927536231884 0.1375 0.13260869565217392 0.028333333333333332
0 0.05217391304347826 0.4225 0.532608695652174 0.01125
0 0.05217391304347826 0.22666666666666666 0.08333333333333333 0.014166666666666666
0 0.05217391304347826 0.11625 0.5231884057971015 0.01125
0 0.05217391304347826 0.09041666666666667 0.07318840579710145 0.011666666666666667
0 0.05289855072463768 0.39708333333333334 0.09347826086956522 0.010833333333333334
0 0.05289855072463768 0.26958333333333334 0.3391304347826087 0.01125
0 0.05289855072463768 0.2529166666666667 0.1427536231884058 0.01125
0 0.05507246376811594 0.23 0.016666666666666666 0.004166666666666667
0 0.05507246376811594 0.09375 0.017391304347826087 0.004166666666666667
0 0.2144927536231884 0.0125 0.1398550724637681 0.03333333333333333
0 0.4811594202898551 0.29041666666666666 0.14782608695652175 0.028333333333333332
0 0.4811594202898551 0.26958333333333334 0.28695652173913044 0.01125
0 0.48188405797101447 0.2529166666666667 0.26811594202898553 0.01125
0 0.4826086956521739 0.22708333333333333 0.06304347826086956 0.010833333333333334
0 0.9108695652173913 0.29041666666666666 0.14347826086956522 0.028333333333333332
0 0.9115942028985508 0.26958333333333334 0.29927536231884055 0.01125
0 0.9115942028985508 0.2529166666666667 0.26159420289855073 0.01125
0 0.9123188405797101 0.22708333333333333 0.0536231884057971 0.01375
0 0.9159420289855073 0.1375 0.13478260869565217 0.028333333333333332
0 0.9159420289855073 0.09083333333333334 0.07173913043478261 0.01375
0 0.9173913043478261 0.11625 0.5246376811594203 0.01125
0 1.3398550724637681 0.29041666666666666 0.1463768115942029 0.028333333333333332
0 1.3398550724637681 0.26958333333333334 0.26811594202898553 0.01125
0 1.3398550724637681 0.22708333333333333 0.08115942028985507 0.01125
0 1.3405797101449275 0.2529166666666667 0.2920289855072464 0.01125
