0 0.04420289855072464 0.0125 0.14130434782608695 0.03333333333333333
0 0.05144927536231884 0.29041666666666666 0.13478260869565217 0.028333333333333332
0 0.05144927536231884 0.24375 0.07318840579710145 0.010833333333333334
0 0.05144927536231884 0.15416666666666667 0.1463768115942029 0.028333333333333332
0 0.05144927536231884 0.09083333333333334 0.07173913043478261 0.010833333333333334
0 0.05217391304347826 0.26958333333333334 0.5413043478260869 0.01125
0 0.05289855072463768 0.13291666666666666 0.2217391304347826 0.01125
0 0.05289855072463768 0.11625 0.28695652173913044 0.01125
0 0.2028985507246377 0.0125 0.1536231884057971 0.03333333333333333
0 0.4811594202898551 0.15416666666666667 0.14130434782608695 0.028333333333333332
0 0.4811594202898551 0.13291666666666666 0.29130434782608694 0.01125
0 0.4811594202898551 0.11625 0.21884057971014492 0.01125
0 0.4811594202898551 0.09083333333333334 0.07971014492753623 0.010833333333333334
0 0.9101449275362319 0.11625 0.3072463768115942 0.01125
0 0.9101449275362319 0.09083333333333334 0.06884057971014493 0.010833333333333334
0 0.9108695652173913 0.15416666666666667 0.15 0.028333333333333332
0 0.9108695652173913 0.13291666666666666 0.23840579710144927 0.01125
0 0.9159420289855073 0.29041666666666666 0.14420289855072463 0.028333333333333332
0 0.9173913043478261 0.26958333333333334 0.5681159420289855 0.01125
0 0.9181159420289855 0.24375 0.06521739130434782 0.01375
0 1.3398550724637681 0.15416666666666667 0.14347826086956522 0.028333333333333332
0 1.3398550724637681 0.09083333333333334 0.059420289855072465 0.010833333333333334
0 1.3413043478260869 0.13291666666666666 0.23840579710144927 0.01125
0 1.3413043478260869 0.11625 0.286231884057971 0.01125
