0 0.04420289855072464 0.0125 0.1398550724637681 0.03333333333333333
0 0.05144927536231884 0.4270833333333333 0.1398550724637681 0.028333333333333332
0 0.05144927536231884 0.4058333333333333 0.513768115942029 0.01125
0 0.05144927536231884 0.3804166666666667 0.08260869565217391 0.01375
0 0.05144927536231884 0.29041666666666666 0.12536231884057972 0.028333333333333332
0 0.05144927536231884 0.15416666666666667 0.14420289855072463 0.028333333333333332
0 0.05217391304347826 0.26958333333333334 0.5202898550724637 0.01125
0 0.05217391304347826 0.24375 0.06594202898550725 0.01375
0 0.05217391304347826 0.13291666666666666 0.24710144927536232 0.01125
0 0.05217391304347826 0.11625 0.3159420289855073 0.01125
0 0.05289855072463768 0.09083333333333334 0.0782608695652174 0.01375
0 0.20144927536231885 0.0125 0.1463768115942029 0.03333333333333333
0 0.4811594202898551 0.15416666666666667 0.13840579710144926 0.028333333333333332
0 0.4811594202898551 0.13291666666666666 0.32463768115942027 0.01125
0 0.4811594202898551 0.11625 0.20217391304347826 0.01125
0 0.4811594202898551 0.09083333333333334 0.06231884057971015 0.01375
0 0.9101449275362319 0.11625 0.31956521739130433 0.01125
0 0.9108695652173913 0.15416666666666667 0.13623188405797101 0.028333333333333332
0 0.9115942028985508 0.13291666666666666 0.17318840579710146 0.01125
0 0.9123188405797101 0.09083333333333334 0.06521739130434782 0.01125
0 0.9159420289855073 0.4270833333333333 0.1355072463768116 0.028333333333333332
0 0.9173913043478261 0.4058333333333333 0.5014492753623189 0.01125
0 0.9181159420289855 0.3804166666666667 0.06521739130434782 0.01375
0 1.3398550724637681 0.15416666666666667 0.15 0.028333333333333332
0 1.3405797101449275 0.13291666666666666 0.26304347826086955 0.01125
0 1.3413043478260869 0.11625 0.2891304347826087 0.01125
0 1.3413043478260869 0.09083333333333334 0.06956521739130435 0.01375
