0 0.04420289855072464 0.0125 0.14855072463768115 0.03333333333333333
0 0.05144927536231884 0.44375 0.1427536231884058 0.028333333333333332
0 0.05144927536231884 0.29041666666666666 0.14492753623188406 0.028333333333333332
0 0.05144927536231884 0.1375 0.1282608695652174 0.028333333333333332
0 0.05144927536231884 0.11625 0.5478260869565217 0.01125
0 0.05217391304347826 0.26958333333333334 0.19782608695652174 0.01125
0 0.05217391304347826 0.2529166666666667 0.30579710144927535 0.01125
0 0.05217391304347826 0.22666666666666666 0.07391304347826087 0.014166666666666666
0 0.05217391304347826 0.09041666666666667 0.07318840579710145 0.011666666666666667
0 0.05289855072463768 0.4225 0.5572463768115942 0.01125
0 0.05289855072463768 0.39708333333333334 0.0644927536231884 0.010833333333333334
0 0.05507246376811594 0.09375 0.017391304347826087 0.004166666666666667
0 0.21014492753623187 0.0125 0.14420289855072463 0.03333333333333333
0 0.48043478260869565 0.2529166666666667 0.15 0.01125
0 0.4811594202898551 0.3070833333333333 0.13768115942028986 0.028333333333333332
0 0.4811594202898551 0.28625 0.021014492753623187 0.00875
0 0.4811594202898551 0.26958333333333334 0.32681159420289857 0.01125
0 0.4811594202898551 0.22708333333333333 0.06594202898550725 0.01375
0 0.9101449275362319 0.22708333333333333 0.06811594202898551 0.01375
0 0.9108695652173913 0.29041666666666666 0.14565217391304347 0.028333333333333332
0 0.9108695652173913 0.26958333333333334 0.20144927536231885 0.01125
0 0.9115942028985508 0.2529166666666667 0.29637681159420287 0.01125
0 0.9159420289855073 0.1375 0.13695652173913042 0.028333333333333332
0 0.9159420289855073 0.09083333333333334 0.0644927536231884 0.010833333333333334
0 0.9166666666666666 0.11625 0.5297101449275362 0.01125
0 1.3398550724637681 0.29041666666666666 0.12536231884057972 0.028333333333333332
0 1.3398550724637681 0.2529166666666667 0.3384057971014493 0.01125
0 1.3405797101449275 0.26958333333333334 0.18043478260869567 0.01125
0 1.3420289855072465 0.22708333333333333 0.058695652173913045 0.01375
