0 0.04420289855072464 0.0125 0.1463768115942029 0.03333333333333333
0 0.05144927536231884 0.44375 0.1289855072463768 0.028333333333333332
0 0.05144927536231884 0.4225 0.5369565217391304 0.01125
0 0.05144927536231884 0.39708333333333334 0.06521739130434782 0.01375
0 0.05144927536231884 0.3070833333333333 0.14057971014492754 0.028333333333333332
0 0.05144927536231884 0.28625 0.20217391304347826 0.01125
0 0.05144927536231884 0.22708333333333333 0.0746376811594203 0.01125
0 0.05144927536231884 0.1375 0.13840579710144926 0.028333333333333332
0 0.05144927536231884 0.09083333333333334 0.07318840579710145 0.010833333333333334
0 0.05217391304347826 0.26958333333333334 0.17391304347826086 0.01125
0 0.05289855072463768 0.2529166666666667 0.18188405797101448 0.00875
0 0.05289855072463768 0.11625 0.5347826086956522 0.01125
0 0.20797101449275363 0.0125 0.1565217391304348 0.03333333333333333
0 0.3818840579710145 0.0125 0.14347826086956522 0.03333333333333333
0 0.4811594202898551 0.29041666666666666 0.14347826086956522 0.028333333333333332
0 0.4811594202898551 0.26958333333333334 0.2536231884057971 0.01125
0 0.4811594202898551 0.22708333333333333 0.07101449275362319 0.01375
0 0.48188405797101447 0.2529166666666667 0.27898550724637683 0.01125
0 0.5427536231884058 0.0125 0.15434782608695652 0.03333333333333333
0 0.9101449275362319 0.22708333333333333 0.06666666666666667 0.010833333333333334
0 0.9108695652173913 0.29041666666666666 0.13260869565217392 0.028333333333333332
0 0.9108695652173913 0.26958333333333334 0.2210144927536232 0.01125
0 0.9115942028985508 0.2529166666666667 0.30869565217391304 0.01125
0 0.9159420289855073 0.1375 0.1463768115942029 0.028333333333333332
0 0.9159420289855073 0.09083333333333334 0.06376811594202898 0.01375
0 0.9173913043478261 0.11625 0.5630434782608695 0.01125
0 1.3398550724637681 0.29041666666666666 0.13623188405797101 0.028333333333333332
0 1.3405797101449275 0.26958333333333334 0.20434782608695654 0.01125
0 1.3413043478260869 0.2529166666666667 0.3253623188405797 0.01125
0 1.3420289855072465 0.22708333333333333 0.08043478260869565 0.01375
