0 0.04420289855072464 0.0125 0.1572463768115942 0.03333333333333333
0 0.05144927536231884 0.4270833333333333 0.14130434782608695 0.028333333333333332
0 0.05144927536231884 0.29041666666666666 0.14057971014492754 0.028333333333333332
0 0.05144927536231884 0.26958333333333334 0.5268115942028986 0.01125
0 0.05144927536231884 0.24375 0.04782608695652174 0.010833333333333334
0 0.05144927536231884 0.15416666666666667 0.15217391304347827 0.028333333333333332
0 0.05144927536231884 0.13291666666666666 0.22753623188405797 0.01125
0 0.05217391304347826 0.4058333333333333 0.5289855072463768 0.01125
0 0.05217391304347826 0.11625 0.2797101449275362 0.01125
0 0.05289855072463768 0.3804166666666667 0.06884057971014493 0.010833333333333334
0 0.05289855072463768 0.09083333333333334 0.0782608695652174 0.01375
0 0.21884057971014492 0.0125 0.14420289855072463 0.03333333333333333
0 0.3804347826086957 0.0125 0.15507246376811595 0.03333333333333333
0 0.4811594202898551 0.15416666666666667 0.13695652173913042 0.028333333333333332
0 0.4811594202898551 0.13291666666666666 0.2210144927536232 0.01125
0 0.4811594202898551 0.11625 0.29637681159420287 0.01125
0 0.4826086956521739 0.09083333333333334 0.07681159420289856 0.01375
0 0.5528985507246377 0.0125 0.13260869565217392 0.03333333333333333
0 0.9108695652173913 0.15416666666666667 0.12391304347826088 0.028333333333333332
0 0.9115942028985508 0.13291666666666666 0.22681159420289856 0.01125
0 0.9115942028985508 0.11625 0.3253623188405797 0.01125
0 0.9123188405797101 0.09083333333333334 0.07536231884057971 0.01375
0 0.9159420289855073 0.29041666666666666 0.13695652173913042 0.028333333333333332
0 0.9166666666666666 0.26958333333333334 0.5630434782608695 0.01125
0 0.9173913043478261 0.24333333333333335 0.07608695652173914 0.011666666666666667
0 0.9202898550724637 0.24666666666666667 0.016666666666666666 0.004166666666666667
0 1.3398550724637681 0.15416666666666667 0.1536231884057971 0.028333333333333332
0 1.3398550724637681 0.11625 0.2710144927536232 0.01125
0 1.3405797101449275 0.09041666666666667 0.07753623188405798 0.014166666666666666
0 1.3413043478260869 0.13291666666666666 0.24347826086956523 0.01125
