0 0.04420289855072464 0.0125 0.13260869565217392 0.03333333333333333
0 0.05144927536231884 0.44375 0.14492753623188406 0.028333333333333332
0 0.05144927536231884 0.4225 0.5195652173913043 0.01125
0 0.05144927536231884 0.3070833333333333 0.14130434782608695 0.028333333333333332
0 0.05144927536231884 0.26958333333333334 0.39420289855072466 0.01125
0 0.05144927536231884 0.2529166666666667 0.04782608695652174 0.00875
0 0.05144927536231884 0.1375 0.1282608695652174 0.028333333333333332
0 0.05217391304347826 0.28625 0.06159420289855073 0.01125
0 0.05217391304347826 0.22666666666666666 0.07753623188405798 0.014166666666666666
0 0.05217391304347826 0.11625 0.5420289855072464 0.01125
0 0.05289855072463768 0.39708333333333334 0.07391304347826087 0.01375
0 0.05289855072463768 0.09083333333333334 0.07898550724637682 0.01375
0 0.19420289855072465 0.0125 0.1391304347826087 0.03333333333333333
0 0.4811594202898551 0.29041666666666666 0.1463768115942029 0.028333333333333332
0 0.48188405797101447 0.26958333333333334 0.22536231884057972 0.01125
0 0.48188405797101447 0.2529166666666667 0.2768115942028985 0.01125
0 0.4826086956521739 0.22708333333333333 0.050724637681159424 0.01375
0 0.9108695652173913 0.29041666666666666 0.15507246376811595 0.028333333333333332
0 0.9108695652173913 0.2529166666666667 0.34057971014492755 0.01125
0 0.9115942028985508 0.26958333333333334 0.16884057971014493 0.01125
0 0.9123188405797101 0.22708333333333333 0.07608695652173914 0.01375
0 0.9159420289855073 0.44375 0.14202898550724638 0.028333333333333332
0 0.9173913043478261 0.4225 0.5166666666666667 0.01125
0 0.9173913043478261 0.39666666666666667 0.06086956521739131 0.012083333333333333
0 1.3398550724637681 0.29041666666666666 0.13695652173913042 0.028333333333333332
0 1.3405797101449275 0.2529166666666667 0.29637681159420287 0.01125
0 1.3413043478260869 0.26958333333333334 0.2956521739130435 0.01125
0 1.3420289855072465 0.22708333333333333 0.07391304347826087 0.01375
