0 0.04420289855072464 0.0125 0.15072463768115943 0.03333333333333333
0 0.050724637681159424 0.13291666666666666 0.31521739130434784 0.01125
0 0.05144927536231884 0.4270833333333333 0.14202898550724638 0.028333333333333332
0 0.05144927536231884 0.3804166666666667 0.09057971014492754 0.010833333333333334
0 0.05144927536231884 0.29041666666666666 0.1463768115942029 0.028333333333333332
0 0.05144927536231884 0.15416666666666667 0.16014492753623188 0.028333333333333332
0 0.05144927536231884 0.09083333333333334 0.08043478260869565 0.010833333333333334
0 0.05217391304347826 0.4058333333333333 0.5608695652173913 0.01125
0 0.05217391304347826 0.26958333333333334 0.5260869565217391 0.01125
0 0.05289855072463768 0.24375 0.07173913043478261 0.01375
0 0.05289855072463768 0.11625 0.23478260869565218 0.01125
0 0.21231884057971015 0.0125 0.16159420289855073 0.03333333333333333
0 0.391304347826087 0.0125 0.15 0.03333333333333333
0 0.4811594202898551 0.15416666666666667 0.15579710144927536 0.028333333333333332
0 0.4811594202898551 0.13291666666666666 0.30434782608695654 0.01125
0 0.48188405797101447 0.11625 0.2391304347826087 0.01125
0 0.48188405797101447 0.09041666666666667 0.060144927536231886 0.014166666666666666
0 0.9108695652173913 0.15416666666666667 0.1318840579710145 0.028333333333333332
0 0.9115942028985508 0.13291666666666666 0.23768115942028986 0.01125
0 0.9115942028985508 0.11625 0.3 0.01125
0 0.9123188405797101 0.09083333333333334 0.07681159420289856 0.01375
0 0.9159420289855073 0.4270833333333333 0.1398550724637681 0.028333333333333332
0 0.9166666666666666 0.4058333333333333 0.5391304347826087 0.01125
0 0.9166666666666666 0.3804166666666667 0.07246376811594203 0.01375
0 1.3398550724637681 0.15416666666666667 0.1536231884057971 0.028333333333333332
0 1.3405797101449275 0.13291666666666666 0.18115942028985507 0.01125
0 1.3413043478260869 0.11625 0.3173913043478261 0.01125
0 1.3420289855072465 0.09083333333333334 0.0891304347826087 0.010833333333333334
