0 0.04420289855072464 0.0125 0.1492753623188406 0.03333333333333333
0 0.05144927536231884 0.4270833333333333 0.1463768115942029 0.028333333333333332
0 0.05144927536231884 0.27375 0.14420289855072463 0.028333333333333332
0 0.05144927536231884 0.2529166666666667 0.5463768115942029 0.01125
0 0.05144927536231884 0.1375 0.1565217391304348 0.028333333333333332
0 0.05144927536231884 0.11625 0.5398550724637681 0.01125
0 0.05217391304347826 0.38916666666666666 0.3050724637681159 0.01125
0 0.05217391304347826 0.36333333333333334 0.07536231884057971 0.014166666666666666
0 0.05289855072463768 0.4058333333333333 0.1934782608695652 0.01125
0 0.05289855072463768 0.22708333333333333 0.05652173913043478 0.01375
0 0.05289855072463768 0.09083333333333334 0.06811594202898551 0.010833333333333334
0 0.2108695652173913 0.0125 0.15797101449275364 0.03333333333333333
0 0.38623188405797104 0.0125 0.1463768115942029 0.03333333333333333
0 0.4811594202898551 0.4270833333333333 0.14057971014492754 0.028333333333333332
0 0.4811594202898551 0.4058333333333333 0.23333333333333334 0.01125
0 0.4811594202898551 0.38916666666666666 0.3210144927536232 0.01125
0 0.4826086956521739 0.36375 0.060144927536231886 0.01375
0 0.9108695652173913 0.4270833333333333 0.12318840579710146 0.028333333333333332
0 0.9108695652173913 0.4058333333333333 0.20072463768115942 0.01125
0 0.9108695652173913 0.38916666666666666 0.31666666666666665 0.01125
0 0.9123188405797101 0.36375 0.07173913043478261 0.01375
0 0.9159420289855073 0.1375 0.16231884057971013 0.028333333333333332
0 0.9173913043478261 0.11625 0.5507246376811594 0.01125
0 0.9181159420289855 0.09083333333333334 0.06666666666666667 0.01375
0 1.3398550724637681 0.4270833333333333 0.13840579710144926 0.028333333333333332
0 1.3398550724637681 0.36375 0.07028985507246377 0.01125
0 1.3405797101449275 0.4058333333333333 0.23478260869565218 0.01125
0 1.3413043478260869 0.38916666666666666 0.3398550724637681 0.01125
