0 0.04420289855072464 0.0125 0.14855072463768115 0.03333333333333333
0 0.05144927536231884 0.44375 0.1463768115942029 0.028333333333333332
0 0.05144927536231884 0.4225 0.0391304347826087 0.01125
0 0.05144927536231884 0.36375 0.06956521739130435 0.01375
0 0.05144927536231884 0.27375 0.14057971014492754 0.028333333333333332
0 0.05144927536231884 0.2529166666666667 0.5456521739130434 0.01125
0 0.05144927536231884 0.22708333333333333 0.06594202898550725 0.01375
0 0.05144927536231884 0.1375 0.1318840579710145 0.028333333333333332
0 0.05144927536231884 0.11625 0.4963768115942029 0.01125
0 0.05217391304347826 0.4058333333333333 0.3079710144927536 0.01125
0 0.05217391304347826 0.38916666666666666 0.22391304347826088 0.01125
0 0.05289855072463768 0.09083333333333334 0.08550724637681159 0.010833333333333334
0 0.21014492753623187 0.0125 0.15144927536231884 0.03333333333333333
0 0.3789855072463768 0.0125 0.15579710144927536 0.03333333333333333
0 0.48043478260869565 0.36375 0.06956521739130435 0.01375
0 0.4811594202898551 0.4270833333333333 0.14420289855072463 0.028333333333333332
0 0.48188405797101447 0.4058333333333333 0.22681159420289856 0.01125
0 0.48188405797101447 0.38916666666666666 0.29057971014492756 0.01125
0 0.5521739130434783 0.0125 0.15507246376811595 0.03333333333333333
0 0.9101449275362319 0.36375 0.06594202898550725 0.01375
0 0.9108695652173913 0.4270833333333333 0.14347826086956522 0.028333333333333332
0 0.9108695652173913 0.4058333333333333 0.2811594202898551 0.01125
0 0.9115942028985508 0.38916666666666666 0.2927536231884058 0.01125
0 0.9159420289855073 0.27375 0.13478260869565217 0.028333333333333332
0 0.9166666666666666 0.2529166666666667 0.5485507246376812 0.01125
0 0.9181159420289855 0.22708333333333333 0.06739130434782609 0.01375
0 1.3398550724637681 0.4270833333333333 0.14855072463768115 0.028333333333333332
0 1.3405797101449275 0.38916666666666666 0.26811594202898553 0.01125
0 1.3413043478260869 0.4058333333333333 0.28695652173913044 0.01125
0 1.3420289855072465 0.36375 0.06304347826086956 0.01375
