0 0.04420289855072464 0.0125 0.1391304347826087 0.03333333333333333
0 0.05144927536231884 0.29041666666666666 0.1463768115942029 0.028333333333333332
0 0.05144927536231884 0.26958333333333334 0.26014492753623186 0.01125
0 0.05144927536231884 0.1375 0.14565217391304347 0.028333333333333332
0 0.05144927536231884 0.09083333333333334 0.05217391304347826 0.01125
0 0.05217391304347826 0.11625 0.5514492753623188 0.01125
0 0.05289855072463768 0.2529166666666667 0.26811594202898553 0.01125
0 0.05289855072463768 0.22708333333333333 0.06594202898550725 0.01375
0 0.20072463768115942 0.0125 0.15507246376811595 0.03333333333333333
0 0.4811594202898551 0.29041666666666666 0.1492753623188406 0.028333333333333332
0 0.4811594202898551 0.26958333333333334 0.20869565217391303 0.01125
0 0.48188405797101447 0.2529166666666667 0.336231884057971 0.01125
0 0.4826086956521739 0.22708333333333333 0.06521739130434782 0.01375
0 0.9101449275362319 0.22708333333333333 0.07681159420289856 0.01375
0 0.9108695652173913 0.29041666666666666 0.14202898550724638 0.028333333333333332
0 0.9115942028985508 0.26958333333333334 0.2746376811594203 0.01125
0 0.9115942028985508 0.2529166666666667 0.24057971014492754 0.01125
0 1.3398550724637681 0.29041666666666666 0.14202898550724638 0.028333333333333332
0 1.3398550724637681 0.26958333333333334 0.19710144927536233 0.01125
0 1.3413043478260869 0.2529166666666667 0.3115942028985507 0.01125
0 1.3413043478260869 0.22666666666666666 0.08840579710144927 0.011666666666666667
