0 0.04420289855072464 0.0125 0.17173913043478262 0.03333333333333333
0 0.05144927536231884 0.4270833333333333 0.13333333333333333 0.028333333333333332
0 0.05144927536231884 0.27375 0.13695652173913042 0.028333333333333332
0 0.05144927536231884 0.1375 0.15869565217391304 0.028333333333333332
0 0.05217391304347826 0.4058333333333333 0.33405797101449275 0.01125
0 0.05217391304347826 0.38916666666666666 0.19202898550724637 0.01125
0 0.05217391304347826 0.36333333333333334 0.07971014492753623 0.014166666666666666
0 0.05217391304347826 0.2529166666666667 0.5079710144927536 0.01125
0 0.05217391304347826 0.11625 0.5478260869565217 0.01125
0 0.05217391304347826 0.09083333333333334 0.057971014492753624 0.01375
0 0.05289855072463768 0.22708333333333333 0.05289855072463768 0.01375
0 0.23333333333333334 0.0125 0.14057971014492754 0.03333333333333333
0 0.48043478260869565 0.36375 0.07173913043478261 0.01375
0 0.4811594202898551 0.4270833333333333 0.15217391304347827 0.028333333333333332
0 0.48188405797101447 0.4058333333333333 0.3355072463768116 0.01125
0 0.48188405797101447 0.38916666666666666 0.17971014492753623 0.01125
0 0.9108695652173913 0.4270833333333333 0.14492753623188406 0.028333333333333332
0 0.9108695652173913 0.36333333333333334 0.08333333333333333 0.014166666666666666
0 0.9115942028985508 0.4058333333333333 0.23043478260869565 0.01125
0 0.9115942028985508 0.38916666666666666 0.32608695652173914 0.01125
0 0.9159420289855073 0.1375 0.14855072463768115 0.028333333333333332
0 0.9166666666666666 0.11625 0.5507246376811594 0.01125
0 0.9173913043478261 0.09041666666666667 0.06666666666666667 0.011666666666666667
0 1.3398550724637681 0.44375 0.13260869565217392 0.028333333333333332
0 1.3405797101449275 0.38916666666666666 0.16014492753623188 0.01125
0 1.3405797101449275 0.36333333333333334 0.07536231884057971 0.014166666666666666
0 1.3413043478260869 0.4225 0.06739130434782609 0.00875
0 1.3413043478260869 0.4058333333333333 0.29347826086956524 0.01125
