0 0.04420289855072464 0.0125 0.16521739130434782 0.03333333333333333
0 0.05144927536231884 0.4270833333333333 0.1471014492753623 0.028333333333333332
0 0.05144927536231884 0.29041666666666666 0.14202898550724638 0.028333333333333332
0 0.05144927536231884 0.2529166666666667 0.34130434782608693 0.01125
0 0.05144927536231884 0.1375 0.1398550724637681 0.028333333333333332
0 0.05217391304347826 0.4058333333333333 0.5768115942028985 0.01125
0 0.05217391304347826 0.38 0.06231884057971015 0.014166666666666666
0 0.05217391304347826 0.26958333333333334 0.2717391304347826 0.01125
0 0.05217391304347826 0.22708333333333333 0.0746376811594203 0.01375
0 0.05217391304347826 0.11625 0.5557971014492754 0.01125
0 0.05289855072463768 0.09083333333333334 0.08043478260869565 0.01375
0 0.22681159420289856 0.0125 0.15797101449275364 0.03333333333333333
0 0.40217391304347827 0.0125 0.1572463768115942 0.03333333333333333
0 0.4811594202898551 0.29041666666666666 0.13840579710144926 0.028333333333333332
0 0.4811594202898551 0.26958333333333334 0.22246376811594204 0.01125
0 0.48188405797101447 0.2529166666666667 0.3130434782608696 0.01125
0 0.4826086956521739 0.22708333333333333 0.05652173913043478 0.01375
0 0.9108695652173913 0.29041666666666666 0.15289855072463768 0.028333333333333332
0 0.9108695652173913 0.2529166666666667 0.31666666666666665 0.01125
0 0.9115942028985508 0.26958333333333334 0.19202898550724637 0.01125
0 0.9123188405797101 0.22708333333333333 0.07028985507246377 0.01375
0 0.9159420289855073 0.1375 0.13478260869565217 0.028333333333333332
0 0.9166666666666666 0.11625 0.5268115942028986 0.01125
0 0.9181159420289855 0.09083333333333334 0.09202898550724638 0.01375
0 1.3398550724637681 0.29041666666666666 0.15507246376811595 0.028333333333333332
0 1.3405797101449275 0.26958333333333334 0.26159420289855073 0.01125
0 1.3405797101449275 0.2529166666666667 0.27246376811594203 0.01125
0 1.3420289855072465 0.22708333333333333 0.07681159420289856 0.010833333333333334
