0 0.04420289855072464 0.0125 0.13405797101449277 0.03333333333333333
0 0.05144927536231884 0.29041666666666666 0.14057971014492754 0.028333333333333332
0 0.05144927536231884 0.26958333333333334 0.5384057971014493 0.01125
0 0.05144927536231884 0.15416666666666667 0.12246376811594203 0.028333333333333332
0 0.05217391304347826 0.24375 0.06594202898550725 0.01375
0 0.05217391304347826 0.13291666666666666 0.3318840579710145 0.01125
0 0.05217391304347826 0.11625 0.1746376811594203 0.01125
0 0.05289855072463768 0.09083333333333334 0.06811594202898551 0.01375
0 0.1956521739130435 0.0125 0.1536231884057971 0.03333333333333333
0 0.36666666666666664 0.0125 0.1427536231884058 0.03333333333333333
0 0.4811594202898551 0.15416666666666667 0.14057971014492754 0.028333333333333332
0 0.48188405797101447 0.13291666666666666 0.2594202898550725 0.01125
0 0.48188405797101447 0.11625 0.2833333333333333 0.01125
0 0.48188405797101447 0.09041666666666667 0.07101449275362319 0.011666666666666667
0 0.5268115942028986 0.0125 0.15942028985507245 0.03333333333333333
0 0.7036231884057971 0.0125 0.1427536231884058 0.03333333333333333
0 0.9108695652173913 0.15416666666666667 0.1565217391304348 0.028333333333333332
0 0.9108695652173913 0.11625 0.17101449275362318 0.01125
0 0.9115942028985508 0.13291666666666666 0.33768115942028987 0.01125
0 0.9115942028985508 0.09041666666666667 0.06159420289855073 0.014166666666666666
0 1.3398550724637681 0.15416666666666667 0.13695652173913042 0.028333333333333332
0 1.3398550724637681 0.09083333333333334 0.08260869565217391 0.01375
0 1.3413043478260869 0.13291666666666666 0.17028985507246377 0.01125
0 1.3413043478260869 0.11625 0.30144927536231886 0.01125
