0 0.04420289855072464 0.0125 0.1471014492753623 0.03333333333333333
0 0.05144927536231884 0.4270833333333333 0.15507246376811595 0.028333333333333332
0 0.05144927536231884 0.4058333333333333 0.2318840579710145 0.01125
0 0.05144927536231884 0.38916666666666666 0.3282608695652174 0.01125
0 0.05144927536231884 0.27375 0.12246376811594203 0.028333333333333332
0 0.05144927536231884 0.2529166666666667 0.5347826086956522 0.01125
0 0.05144927536231884 0.22708333333333333 0.06666666666666667 0.01375
0 0.05144927536231884 0.1375 0.1471014492753623 0.028333333333333332
0 0.05144927536231884 0.09083333333333334 0.07391304347826087 0.01375
0 0.05217391304347826 0.36375 0.06521739130434782 0.010833333333333334
0 0.05289855072463768 0.11625 0.5768115942028985 0.01125
0 0.20869565217391303 0.0125 0.1463768115942029 0.03333333333333333
0 0.372463768115942 0.0125 0.1355072463768116 0.03333333333333333
0 0.48043478260869565 0.36375 0.06956521739130435 0.010833333333333334
0 0.4811594202898551 0.44375 0.1471014492753623 0.028333333333333332
0 0.4811594202898551 0.4058333333333333 0.23405797101449274 0.01125
0 0.4811594202898551 0.38916666666666666 0.15797101449275364 0.01125
0 0.48188405797101447 0.4225 0.13405797101449277 0.01125
0 0.5253623188405797 0.0125 0.13768115942028986 0.03333333333333333
0 0.9108695652173913 0.4270833333333333 0.13115942028985508 0.028333333333333332
0 0.9108695652173913 0.4058333333333333 0.17971014492753623 0.01125
0 0.9108695652173913 0.38916666666666666 0.3318840579710145 0.01125
0 0.9115942028985508 0.36333333333333334 0.07753623188405798 0.014166666666666666
0 0.9144927536231884 0.36666666666666664 0.016666666666666666 0.004166666666666667
0 0.9159420289855073 0.1375 0.13623188405797101 0.028333333333333332
0 0.9159420289855073 0.09083333333333334 0.06376811594202898 0.01375
0 0.9173913043478261 0.11625 0.5413043478260869 0.01125
0 1.3398550724637681 0.44375 0.14057971014492754 0.028333333333333332
0 1.3398550724637681 0.38916666666666666 0.11376811594202899 0.01125
0 1.3405797101449275 0.4058333333333333 0.31666666666666665 0.01125
0 1.3413043478260869 0.4225 0.12101449275362319 0.01125
0 1.3420289855072465 0.36375 0.0891304347826087 0.01375
