0 0.04420289855072464 0.0125 0.1492753623188406 0.03333333333333333
0 0.05144927536231884 0.4270833333333333 0.1463768115942029 0.028333333333333332
0 0.05144927536231884 0.27375 0.14492753623188406 0.028333333333333332
0 0.05144927536231884 0.1375 0.13768115942028986 0.028333333333333332
0 0.05217391304347826 0.4058333333333333 0.2985507246376812 0.01125
0 0.05217391304347826 0.38916666666666666 0.20652173913043478 0.01125
0 0.05217391304347826 0.2529166666666667 0.5333333333333333 0.01125
0 0.05217391304347826 0.22666666666666666 0.06666666666666667 0.014166666666666666
0 0.05217391304347826 0.11625 0.4920289855072464 0.01125
0 0.05217391304347826 0.09083333333333334 0.059420289855072465 0.010833333333333334
0 0.05289855072463768 0.36375 0.08695652173913043 0.01375
0 0.2108695652173913 0.0125 0.1492753623188406 0.03333333333333333
0 0.377536231884058 0.0125 0.15 0.03333333333333333
0 0.4811594202898551 0.4270833333333333 0.15217391304347827 0.028333333333333332
0 0.4811594202898551 0.38916666666666666 0.3094202898550725 0.01125
0 0.4811594202898551 0.36375 0.06231884057971015 0.010833333333333334
0 0.48188405797101447 0.4058333333333333 0.23695652173913043 0.01125
0 0.5449275362318841 0.0125 0.15434782608695652 0.03333333333333333
0 0.9108695652173913 0.4270833333333333 0.14347826086956522 0.028333333333333332
0 0.9108695652173913 0.4058333333333333 0.19855072463768117 0.01125
0 0.9108695652173913 0.38916666666666666 0.3391304347826087 0.01125
0 0.9123188405797101 0.36375 0.07391304347826087 0.010833333333333334
0 0.9159420289855073 0.27375 0.13840579710144926 0.028333333333333332
0 0.9166666666666666 0.2529166666666667 0.5260869565217391 0.01125
0 0.9173913043478261 0.22666666666666666 0.060144927536231886 0.011666666666666667
0 0.9202898550724637 0.23 0.016666666666666666 0.004166666666666667
0 1.3398550724637681 0.4270833333333333 0.1318840579710145 0.028333333333333332
0 1.3398550724637681 0.4058333333333333 0.19927536231884058 0.01125
0 1.3405797101449275 0.38916666666666666 0.28840579710144926 0.01125
0 1.3405797101449275 0.36333333333333334 0.08115942028985507 0.011666666666666667
