0 0.04420289855072464 0.0125 0.14565217391304347 0.03333333333333333
0 0.050724637681159424 0.4058333333333333 0.19782608695652174 0.01125
0 0.05144927536231884 0.4270833333333333 0.13333333333333333 0.028333333333333332
0 0.05144927536231884 0.27375 0.13478260869565217 0.028333333333333332
0 0.05144927536231884 0.22708333333333333 0.07536231884057971 0.010833333333333334
0 0.05144927536231884 0.1375 0.13768115942028986 0.028333333333333332
0 0.05144927536231884 0.11625 0.5318840579710145 0.01125
0 0.05144927536231884 0.09083333333333334 0.07246376811594203 0.01375
0 0.05217391304347826 0.38916666666666666 0.3463768115942029 0.01125
0 0.05217391304347826 0.36333333333333334 0.07753623188405798 0.011666666666666667
0 0.05289855072463768 0.2529166666666667 0.5579710144927537 0.01125
0 0.2072463768115942 0.0125 0.13260869565217392 0.03333333333333333
0 0.3572463768115942 0.0125 0.12971014492753624 0.03333333333333333
0 0.4811594202898551 0.4270833333333333 0.13333333333333333 0.028333333333333332
0 0.4811594202898551 0.38916666666666666 0.34855072463768116 0.01125
0 0.4811594202898551 0.36375 0.06811594202898551 0.010833333333333334
0 0.48188405797101447 0.4058333333333333 0.1681159420289855 0.01125
0 0.9108695652173913 0.4270833333333333 0.14855072463768115 0.028333333333333332
0 0.9108695652173913 0.4058333333333333 0.2514492753623188 0.01125
0 0.9115942028985508 0.38916666666666666 0.3065217391304348 0.01125
0 0.9123188405797101 0.36375 0.0644927536231884 0.010833333333333334
0 0.9159420289855073 0.1375 0.13623188405797101 0.028333333333333332
0 0.9159420289855073 0.09083333333333334 0.07898550724637682 0.01375
0 0.9173913043478261 0.11625 0.6036231884057971 0.01125
0 1.3398550724637681 0.4270833333333333 0.14130434782608695 0.028333333333333332
0 1.3405797101449275 0.4058333333333333 0.2427536231884058 0.01125
0 1.3413043478260869 0.38916666666666666 0.3094202898550725 0.01125
0 1.3420289855072465 0.36375 0.0746376811594203 0.01125
