0 0.04420289855072464 0.0125 0.1608695652173913 0.03333333333333333
0 0.05144927536231884 0.4270833333333333 0.14202898550724638 0.028333333333333332
0 0.05144927536231884 0.29041666666666666 0.14782608695652175 0.028333333333333332
0 0.05144927536231884 0.2529166666666667 0.19202898550724637 0.01125
0 0.05144927536231884 0.22708333333333333 0.08188405797101449 0.01125
0 0.05144927536231884 0.1375 0.15434782608695652 0.028333333333333332
0 0.05217391304347826 0.26958333333333334 0.33695652173913043 0.01125
0 0.05217391304347826 0.11625 0.5413043478260869 0.01125
0 0.05217391304347826 0.09083333333333334 0.08043478260869565 0.010833333333333334
0 0.05289855072463768 0.4058333333333333 0.5652173913043478 0.01125
0 0.05289855072463768 0.3804166666666667 0.07681159420289856 0.01375
0 0.22246376811594204 0.0125 0.13840579710144926 0.03333333333333333
0 0.3782608695652174 0.0125 0.13695652173913042 0.03333333333333333
0 0.4811594202898551 0.29041666666666666 0.13768115942028986 0.028333333333333332
0 0.4811594202898551 0.26958333333333334 0.20797101449275363 0.01125
0 0.4811594202898551 0.2529166666666667 0.32681159420289857 0.01125
0 0.48188405797101447 0.22666666666666666 0.06086956521739131 0.014166666666666666
0 0.532608695652174 0.0125 0.13405797101449277 0.03333333333333333
0 0.9108695652173913 0.29041666666666666 0.1391304347826087 0.028333333333333332
0 0.9108695652173913 0.26958333333333334 0.14782608695652175 0.01125
0 0.9108695652173913 0.2529166666666667 0.3391304347826087 0.01125
0 0.9123188405797101 0.22708333333333333 0.08333333333333333 0.01375
0 0.9159420289855073 0.1375 0.12391304347826088 0.028333333333333332
0 0.9159420289855073 0.09083333333333334 0.05289855072463768 0.01125
0 0.9173913043478261 0.11625 0.5043478260869565 0.01125
0 1.3398550724637681 0.29041666666666666 0.1282608695652174 0.028333333333333332
0 1.3398550724637681 0.22708333333333333 0.07608695652173914 0.01375
0 1.3405797101449275 0.26958333333333334 0.24565217391304348 0.01125
0 1.3413043478260869 0.2529166666666667 0.28405797101449276 0.00875
