0 0.04420289855072464 0.0125 0.15869565217391304 0.03333333333333333
0 0.05144927536231884 0.44375 0.1355072463768116 0.028333333333333332
0 0.05144927536231884 0.3070833333333333 0.12391304347826088 0.028333333333333332
0 0.05144927536231884 0.26958333333333334 0.22826086956521738 0.01125
0 0.05144927536231884 0.15416666666666667 0.15 0.028333333333333332
0 0.05217391304347826 0.4225 0.558695652173913 0.01125
0 0.05217391304347826 0.39666666666666667 0.06594202898550725 0.014166666666666666
0 0.05217391304347826 0.13291666666666666 0.2463768115942029 0.01125
0 0.05217391304347826 0.11625 0.2891304347826087 0.01125
0 0.05217391304347826 0.09041666666666667 0.0782608695652174 0.011666666666666667
0 0.05289855072463768 0.28625 0.3108695652173913 0.01125
0 0.05289855072463768 0.24375 0.06811594202898551 0.01375
0 0.22028985507246376 0.0125 0.14130434782608695 0.03333333333333333
0 0.3789855072463768 0.0125 0.14782608695652175 0.03333333333333333
0 0.4811594202898551 0.3070833333333333 0.14565217391304347 0.028333333333333332
0 0.4811594202898551 0.28625 0.21811594202898552 0.01125
0 0.4811594202898551 0.15416666666666667 0.13695652173913042 0.028333333333333332
0 0.4811594202898551 0.13291666666666666 0.2217391304347826 0.01125
0 0.4811594202898551 0.11625 0.29782608695652174 0.01125
0 0.48188405797101447 0.26958333333333334 0.32318840579710145 0.01125
0 0.4826086956521739 0.24375 0.06811594202898551 0.010833333333333334
0 0.4826086956521739 0.09083333333333334 0.07318840579710145 0.010833333333333334
0 0.9101449275362319 0.24375 0.06304347826086956 0.01375
0 0.9101449275362319 0.09083333333333334 0.05434782608695652 0.010833333333333334
0 0.9108695652173913 0.3070833333333333 0.14202898550724638 0.028333333333333332
0 0.9108695652173913 0.28625 0.21594202898550724 0.01125
0 0.9108695652173913 0.15416666666666667 0.12971014492753624 0.028333333333333332
0 0.9108695652173913 0.13291666666666666 0.19855072463768117 0.00875
0 0.9108695652173913 0.11625 0.32608695652173914 0.01125
0 0.9115942028985508 0.26958333333333334 0.3318840579710145 0.01125
0 0.9159420289855073 0.44375 0.1355072463768116 0.028333333333333332
0 0.9166666666666666 0.4225 0.5253623188405797 0.01125
0 0.9181159420289855 0.39708333333333334 0.08478260869565217 0.010833333333333334
0 1.3398550724637681 0.3070833333333333 0.13115942028985508 0.028333333333333332
0 1.3398550724637681 0.24375 0.07246376811594203 0.010833333333333334
0 1.3398550724637681 0.15416666666666667 0.1463768115942029 0.028333333333333332
0 1.3398550724637681 0.13291666666666666 0.3072463768115942 0.01125
0 1.3398550724637681 0.09083333333333334 0.06884057971014493 0.01375
0 1.3405797101449275 0.26958333333333334 0.32753623188405795 0.01125
0 1.3405797101449275 0.11625 0.24492753623188407 0.01125
0 1.3413043478260869 0.28625 0.2463768115942029 0.01125
