0 0.04420289855072464 0.0125 0.14492753623188406 0.03333333333333333
0 0.05144927536231884 0.4270833333333333 0.14782608695652175 0.028333333333333332
0 0.05144927536231884 0.29041666666666666 0.14782608695652175 0.028333333333333332
0 0.05144927536231884 0.15416666666666667 0.15 0.028333333333333332
0 0.05217391304347826 0.4058333333333333 0.5514492753623188 0.01125
0 0.05217391304347826 0.13291666666666666 0.19420289855072465 0.01125
0 0.05217391304347826 0.11625 0.3050724637681159 0.01125
0 0.05289855072463768 0.3804166666666667 0.07391304347826087 0.010833333333333334
0 0.05289855072463768 0.26958333333333334 0.5688405797101449 0.01125
0 0.05289855072463768 0.24375 0.0536231884057971 0.010833333333333334
0 0.05289855072463768 0.09083333333333334 0.06884057971014493 0.010833333333333334
0 0.20652173913043478 0.0125 0.12536231884057972 0.03333333333333333
0 0.48043478260869565 0.11625 0.29782608695652174 0.01125
0 0.4811594202898551 0.15416666666666667 0.14202898550724638 0.028333333333333332
0 0.48188405797101447 0.13291666666666666 0.21159420289855072 0.01125
0 0.4826086956521739 0.09083333333333334 0.07246376811594203 0.01375
0 0.9108695652173913 0.15416666666666667 0.14130434782608695 0.028333333333333332
0 0.9108695652173913 0.13291666666666666 0.3108695652173913 0.01125
0 0.9115942028985508 0.11625 0.1956521739130435 0.01125
0 0.9123188405797101 0.09083333333333334 0.06739130434782609 0.01375
0 0.9159420289855073 0.29041666666666666 0.14420289855072463 0.028333333333333332
0 0.9166666666666666 0.26958333333333334 0.5355072463768116 0.01125
0 0.9181159420289855 0.24375 0.06159420289855073 0.010833333333333334
0 1.3398550724637681 0.15416666666666667 0.15579710144927536 0.028333333333333332
0 1.3398550724637681 0.11625 0.3239130434782609 0.01125
0 1.3413043478260869 0.13291666666666666 0.19710144927536233 0.01125
0 1.3420289855072465 0.09083333333333334 0.07101449275362319 0.010833333333333334
