0 0.04420289855072464 0.0125 0.1391304347826087 0.03333333333333333
0 0.050724637681159424 0.26958333333333334 0.5217391304347826 0.01125
0 0.05144927536231884 0.29041666666666666 0.16014492753623188 0.028333333333333332
0 0.05144927536231884 0.15416666666666667 0.14492753623188406 0.028333333333333332
0 0.05144927536231884 0.11625 0.22753623188405797 0.01125
0 0.05144927536231884 0.09083333333333334 0.06666666666666667 0.01125
0 0.05217391304347826 0.13291666666666666 0.2811594202898551 0.01125
0 0.05289855072463768 0.24375 0.06304347826086956 0.01375
0 0.20072463768115942 0.0125 0.14347826086956522 0.03333333333333333
0 0.3615942028985507 0.0125 0.15144927536231884 0.03333333333333333
0 0.4811594202898551 0.15416666666666667 0.15217391304347827 0.028333333333333332
0 0.4811594202898551 0.13291666666666666 0.24420289855072463 0.01125
0 0.4811594202898551 0.11625 0.2746376811594203 0.01125
0 0.4826086956521739 0.09083333333333334 0.07536231884057971 0.01125
0 0.5304347826086957 0.0125 0.14420289855072463 0.03333333333333333
0 0.9108695652173913 0.15416666666666667 0.13333333333333333 0.028333333333333332
0 0.9115942028985508 0.13291666666666666 0.3391304347826087 0.01125
0 0.9115942028985508 0.11625 0.1956521739130435 0.01125
0 0.9115942028985508 0.09041666666666667 0.058695652173913045 0.011666666666666667
0 1.3398550724637681 0.15416666666666667 0.1463768115942029 0.028333333333333332
0 1.3405797101449275 0.13291666666666666 0.18043478260869567 0.01125
0 1.3405797101449275 0.11625 0.34057971014492755 0.01125
0 1.3420289855072465 0.09083333333333334 0.07753623188405798 0.01375
