0 0.04420289855072464 0.0125 0.14057971014492754 0.03333333333333333
0 0.05144927536231884 0.4270833333333333 0.14420289855072463 0.028333333333333332
0 0.05144927536231884 0.4058333333333333 0.5340579710144927 0.01125
0 0.05144927536231884 0.29041666666666666 0.14202898550724638 0.028333333333333332
0 0.05144927536231884 0.15416666666666667 0.14782608695652175 0.028333333333333332
0 0.05144927536231884 0.13291666666666666 0.336231884057971 0.01125
0 0.05144927536231884 0.09083333333333334 0.06884057971014493 0.01375
0 0.05217391304347826 0.3804166666666667 0.06739130434782609 0.01375
0 0.05217391304347826 0.26958333333333334 0.5268115942028986 0.01125
0 0.05217391304347826 0.11625 0.1746376811594203 0.01125
0 0.05289855072463768 0.24375 0.07391304347826087 0.01375
0 0.20217391304347826 0.0125 0.15507246376811595 0.03333333333333333
0 0.3746376811594203 0.0125 0.15072463768115943 0.03333333333333333
0 0.4811594202898551 0.15416666666666667 0.14202898550724638 0.028333333333333332
0 0.4811594202898551 0.11625 0.22753623188405797 0.01125
0 0.4811594202898551 0.09083333333333334 0.06594202898550725 0.01125
0 0.48188405797101447 0.13291666666666666 0.25507246376811593 0.01125
0 0.5427536231884058 0.0125 0.13478260869565217 0.03333333333333333
0 0.9108695652173913 0.15416666666666667 0.15434782608695652 0.028333333333333332
0 0.9115942028985508 0.13291666666666666 0.18695652173913044 0.01125
0 0.9115942028985508 0.11625 0.3355072463768116 0.01125
0 0.9123188405797101 0.09083333333333334 0.06666666666666667 0.010833333333333334
0 0.9159420289855073 0.4270833333333333 0.12971014492753624 0.028333333333333332
0 0.9159420289855073 0.4058333333333333 0.5688405797101449 0.01125
0 0.9173913043478261 0.38 0.06521739130434782 0.011666666666666667
0 0.9202898550724637 0.38333333333333336 0.016666666666666666 0.004166666666666667
0 1.3398550724637681 0.15416666666666667 0.13478260869565217 0.028333333333333332
0 1.3398550724637681 0.11625 0.16014492753623188 0.01125
0 1.3413043478260869 0.13291666666666666 0.35507246376811596 0.01125
0 1.3420289855072465 0.09083333333333334 0.07391304347826087 0.01375
