0 0.04420289855072464 0.0125 0.12753623188405797 0.03333333333333333
0 0.05144927536231884 0.44375 0.14782608695652175 0.028333333333333332
0 0.05144927536231884 0.39708333333333334 0.06159420289855073 0.01125
0 0.05144927536231884 0.3070833333333333 0.14130434782608695 0.028333333333333332
0 0.05144927536231884 0.15416666666666667 0.15797101449275364 0.028333333333333332
0 0.05144927536231884 0.09083333333333334 0.06811594202898551 0.01375
0 0.05217391304347826 0.4225 0.527536231884058 0.01125
0 0.05217391304347826 0.28625 0.5340579710144927 0.01125
0 0.05217391304347826 0.26 0.07101449275362319 0.014166666666666666
0 0.05217391304347826 0.11625 0.29057971014492756 0.01125
0 0.05289855072463768 0.13291666666666666 0.24710144927536232 0.01125
0 0.1891304347826087 0.0125 0.14782608695652175 0.03333333333333333
0 0.35434782608695653 0.0125 0.14420289855072463 0.03333333333333333
0 0.4811594202898551 0.15416666666666667 0.11884057971014493 0.028333333333333332
0 0.4811594202898551 0.13291666666666666 0.1782608695652174 0.01125
0 0.4811594202898551 0.11625 0.34057971014492755 0.01125
0 0.4826086956521739 0.09083333333333334 0.058695652173913045 0.01375
0 0.5159420289855072 0.0125 0.15942028985507245 0.03333333333333333
0 0.9108695652173913 0.17083333333333334 0.1471014492753623 0.028333333333333332
0 0.9108695652173913 0.14958333333333335 0.1536231884057971 0.01125
0 0.9108695652173913 0.13291666666666666 0.18840579710144928 0.01125
0 0.9108695652173913 0.11625 0.21159420289855072 0.01125
0 0.9108695652173913 0.09041666666666667 0.07391304347826087 0.011666666666666667
0 0.9159420289855073 0.3070833333333333 0.14855072463768115 0.028333333333333332
0 0.9166666666666666 0.28625 0.5398550724637681 0.01125
0 0.9181159420289855 0.2604166666666667 0.07101449275362319 0.010833333333333334
0 1.3398550724637681 0.17083333333333334 0.13768115942028986 0.028333333333333332
0 1.3405797101449275 0.15208333333333332 0.042028985507246375 0.00875
0 1.3405797101449275 0.13291666666666666 0.30579710144927535 0.01125
0 1.3413043478260869 0.11625 0.2108695652173913 0.01125
0 1.3420289855072465 0.09083333333333334 0.05434782608695652 0.01375
