0 0.04420289855072464 0.0125 0.11956521739130435 0.03333333333333333
0 0.05144927536231884 0.29041666666666666 0.13478260869565217 0.028333333333333332
0 0.05144927536231884 0.1375 0.1536231884057971 0.028333333333333332
0 0.05144927536231884 0.11625 0.5615942028985508 0.01125
0 0.05217391304347826 0.26958333333333334 0.21521739130434783 0.01125
0 0.05217391304347826 0.2529166666666667 0.3130434782608696 0.01125
0 0.05217391304347826 0.09041666666666667 0.06956521739130435 0.014166666666666666
0 0.05289855072463768 0.22708333333333333 0.07391304347826087 0.01375
0 0.18115942028985507 0.0125 0.15289855072463768 0.03333333333333333
0 0.48043478260869565 0.22708333333333333 0.06594202898550725 0.01375
0 0.4811594202898551 0.29041666666666666 0.12971014492753624 0.028333333333333332
0 0.4811594202898551 0.26958333333333334 0.22391304347826088 0.01125
0 0.48188405797101447 0.2529166666666667 0.3094202898550725 0.01125
0 0.9101449275362319 0.22708333333333333 0.06376811594202898 0.01375
0 0.9108695652173913 0.29041666666666666 0.12318840579710146 0.028333333333333332
0 0.9108695652173913 0.26958333333333334 0.22246376811594204 0.01125
0 0.9115942028985508 0.2529166666666667 0.32608695652173914 0.01125
0 1.3398550724637681 0.29041666666666666 0.12753623188405797 0.028333333333333332
0 1.3405797101449275 0.2529166666666667 0.2572463768115942 0.01125
0 1.3413043478260869 0.26958333333333334 0.3101449275362319 0.01125
0 1.3420289855072465 0.22708333333333333 0.0572463768115942 0.01375
