0 0.04420289855072464 0.0125 0.16376811594202897 0.03333333333333333
0 0.05144927536231884 0.4270833333333333 0.13840579710144926 0.028333333333333332
0 0.05144927536231884 0.3804166666666667 0.05652173913043478 0.01375
0 0.05144927536231884 0.29041666666666666 0.1398550724637681 0.028333333333333332
0 0.05144927536231884 0.15416666666666667 0.1398550724637681 0.028333333333333332
0 0.05144927536231884 0.09083333333333334 0.07898550724637682 0.01125
0 0.05217391304347826 0.26958333333333334 0.5528985507246377 0.01125
0 0.05217391304347826 0.13291666666666666 0.2847826086956522 0.01125
0 0.05217391304347826 0.11625 0.28043478260869564 0.01125
0 0.05289855072463768 0.4058333333333333 0.5905797101449275 0.01125
0 0.05289855072463768 0.24375 0.06739130434782609 0.010833333333333334
0 0.22536231884057972 0.0125 0.1463768115942029 0.03333333333333333
0 0.48043478260869565 0.11625 0.27246376811594203 0.01125
0 0.4811594202898551 0.15416666666666667 0.13405797101449277 0.028333333333333332
0 0.48188405797101447 0.13291666666666666 0.23333333333333334 0.01125
0 0.48188405797101447 0.09041666666666667 0.07028985507246377 0.012083333333333333
0 0.9108695652173913 0.15416666666666667 0.13623188405797101 0.028333333333333332
0 0.9108695652173913 0.13291666666666666 0.37971014492753624 0.01125
0 0.9115942028985508 0.11625 0.1572463768115942 0.01125
0 0.9123188405797101 0.09083333333333334 0.06811594202898551 0.01375
0 0.9159420289855073 0.29041666666666666 0.14130434782608695 0.028333333333333332
0 0.9159420289855073 0.24375 0.06594202898550725 0.01375
0 0.9166666666666666 0.26958333333333334 0.5362318840579711 0.01125
0 1.3398550724637681 0.15416666666666667 0.13478260869565217 0.028333333333333332
0 1.3398550724637681 0.09083333333333334 0.07391304347826087 0.010833333333333334
0 1.3405797101449275 0.13291666666666666 0.2971014492753623 0.01125
0 1.3405797101449275 0.11625 0.19492753623188405 0.01125
