0 0.04420289855072464 0.0125 0.1536231884057971 0.03333333333333333
0 0.05144927536231884 0.4270833333333333 0.14347826086956522 0.028333333333333332
0 0.05144927536231884 0.36375 0.058695652173913045 0.01375
0 0.05144927536231884 0.27375 0.14782608695652175 0.028333333333333332
0 0.05144927536231884 0.1375 0.12536231884057972 0.028333333333333332
0 0.05144927536231884 0.11625 0.5347826086956522 0.01125
0 0.05217391304347826 0.38916666666666666 0.13840579710144926 0.00875
0 0.05217391304347826 0.09083333333333334 0.0644927536231884 0.010833333333333334
0 0.05289855072463768 0.4058333333333333 0.3992753623188406 0.01125
0 0.05289855072463768 0.2529166666666667 0.4963768115942029 0.01125
0 0.05289855072463768 0.22708333333333333 0.06811594202898551 0.010833333333333334
0 0.21521739130434783 0.0125 0.1644927536231884 0.03333333333333333
0 0.4811594202898551 0.4270833333333333 0.1565217391304348 0.028333333333333332
0 0.4811594202898551 0.38916666666666666 0.3442028985507246 0.01125
0 0.48188405797101447 0.4058333333333333 0.2246376811594203 0.01125
0 0.48188405797101447 0.36333333333333334 0.08115942028985507 0.011666666666666667
0 0.9108695652173913 0.4270833333333333 0.1282608695652174 0.028333333333333332
0 0.9115942028985508 0.4058333333333333 0.2217391304347826 0.01125
0 0.9115942028985508 0.38916666666666666 0.3463768115942029 0.01125
0 0.9123188405797101 0.36375 0.07536231884057971 0.010833333333333334
0 0.9159420289855073 0.1375 0.13043478260869565 0.028333333333333332
0 0.9173913043478261 0.11625 0.5369565217391304 0.01125
0 0.9181159420289855 0.09083333333333334 0.04710144927536232 0.01375
0 1.3398550724637681 0.4270833333333333 0.16014492753623188 0.028333333333333332
0 1.3398550724637681 0.4058333333333333 0.17318840579710146 0.01125
0 1.3413043478260869 0.38916666666666666 0.3289855072463768 0.01125
0 1.3413043478260869 0.36333333333333334 0.07028985507246377 0.014166666666666666
