0 0.04420289855072464 0.0125 0.15289855072463768 0.03333333333333333
0 0.05144927536231884 0.4270833333333333 0.14782608695652175 0.028333333333333332
0 0.05144927536231884 0.4058333333333333 0.5101449275362319 0.01125
0 0.05144927536231884 0.3804166666666667 0.06594202898550725 0.01125
0 0.05144927536231884 0.29041666666666666 0.1391304347826087 0.028333333333333332
0 0.05144927536231884 0.1375 0.1572463768115942 0.028333333333333332
0 0.05217391304347826 0.2529166666666667 0.3471014492753623 0.01125
0 0.05289855072463768 0.26958333333333334 0.20579710144927535 0.01125
0 0.05289855072463768 0.22708333333333333 0.06666666666666667 0.010833333333333334
0 0.05289855072463768 0.11625 0.4934782608695652 0.01125
0 0.05289855072463768 0.09083333333333334 0.07391304347826087 0.01375
0 0.2144927536231884 0.0125 0.1427536231884058 0.03333333333333333
0 0.4811594202898551 0.29041666666666666 0.12971014492753624 0.028333333333333332
0 0.4811594202898551 0.26958333333333334 0.2971014492753623 0.01125
0 0.4811594202898551 0.2529166666666667 0.26014492753623186 0.01125
0 0.4826086956521739 0.22708333333333333 0.07391304347826087 0.01125
0 0.9108695652173913 0.29041666666666666 0.13478260869565217 0.028333333333333332
0 0.9115942028985508 0.26958333333333334 0.20507246376811594 0.01125
0 0.9115942028985508 0.2529166666666667 0.2920289855072464 0.01125
0 0.9115942028985508 0.22666666666666666 0.07898550724637682 0.014166666666666666
0 0.9159420289855073 0.4270833333333333 0.13695652173913042 0.028333333333333332
0 0.9166666666666666 0.4058333333333333 0.5152173913043478 0.01125
0 0.9173913043478261 0.38 0.0891304347826087 0.011666666666666667
0 1.3398550724637681 0.29041666666666666 0.1471014492753623 0.028333333333333332
0 1.3398550724637681 0.2529166666666667 0.2318840579710145 0.01125
0 1.3405797101449275 0.26958333333333334 0.32028985507246377 0.01125
0 1.3420289855072465 0.22708333333333333 0.07318840579710145 0.010833333333333334
