0 0.04420289855072464 0.0125 0.1565217391304348 0.03333333333333333
0 0.05144927536231884 0.4270833333333333 0.1565217391304348 0.028333333333333332
0 0.05144927536231884 0.29041666666666666 0.1355072463768116 0.028333333333333332
0 0.05144927536231884 0.1375 0.15 0.028333333333333332
0 0.05217391304347826 0.4058333333333333 0.5376811594202898 0.01125
0 0.05217391304347826 0.26958333333333334 0.20869565217391303 0.01125
0 0.05217391304347826 0.2529166666666667 0.32681159420289857 0.01125
0 0.05217391304347826 0.22708333333333333 0.0746376811594203 0.01375
0 0.05217391304347826 0.11625 0.5115942028985507 0.01125
0 0.05289855072463768 0.3804166666666667 0.07681159420289856 0.01375
0 0.05289855072463768 0.09083333333333334 0.060144927536231886 0.01375
0 0.21811594202898552 0.0125 0.1289855072463768 0.03333333333333333
0 0.3644927536231884 0.0125 0.1565217391304348 0.03333333333333333
0 0.4811594202898551 0.29041666666666666 0.14202898550724638 0.028333333333333332
0 0.4811594202898551 0.26958333333333334 0.3471014492753623 0.01125
0 0.4811594202898551 0.2529166666666667 0.18478260869565216 0.01125
0 0.48188405797101447 0.22666666666666666 0.06666666666666667 0.014166666666666666
0 0.5384057971014493 0.0125 0.12608695652173912 0.03333333333333333
0 0.6818840579710145 0.0125 0.13478260869565217 0.03333333333333333
0 0.9108695652173913 0.29041666666666666 0.1318840579710145 0.028333333333333332
0 0.9108695652173913 0.26958333333333334 0.26956521739130435 0.01125
0 0.9115942028985508 0.2529166666666667 0.2572463768115942 0.01125
0 0.9123188405797101 0.22708333333333333 0.07101449275362319 0.01375
0 0.9159420289855073 0.4270833333333333 0.15072463768115943 0.028333333333333332
0 0.9166666666666666 0.4058333333333333 0.5478260869565217 0.01125
0 0.9181159420289855 0.3804166666666667 0.06521739130434782 0.01375
0 1.3398550724637681 0.29041666666666666 0.1463768115942029 0.028333333333333332
0 1.3398550724637681 0.22708333333333333 0.06666666666666667 0.01375
0 1.3405797101449275 0.26958333333333334 0.2536231884057971 0.01125
0 1.3405797101449275 0.2529166666666667 0.2391304347826087 0.01125
