0 0.04420289855072464 0.0125 0.14782608695652175 0.03333333333333333
0 0.05144927536231884 0.4270833333333333 0.1355072463768116 0.028333333333333332
0 0.05144927536231884 0.29041666666666666 0.1355072463768116 0.028333333333333332
0 0.05144927536231884 0.15416666666666667 0.13840579710144926 0.028333333333333332
0 0.05144927536231884 0.09083333333333334 0.06231884057971015 0.01375
0 0.05217391304347826 0.4058333333333333 0.5550724637681159 0.01125
0 0.05217391304347826 0.38 0.06231884057971015 0.011666666666666667
0 0.05217391304347826 0.26958333333333334 0.5514492753623188 0.01125
0 0.05217391304347826 0.24333333333333335 0.06376811594202898 0.014166666666666666
0 0.05217391304347826 0.13291666666666666 0.3471014492753623 0.01125
0 0.05217391304347826 0.11625 0.21304347826086956 0.01125
0 0.05507246376811594 0.24708333333333332 0.016666666666666666 0.00375
0 0.20942028985507247 0.0125 0.13695652173913042 0.03333333333333333
0 0.36376811594202896 0.0125 0.1318840579710145 0.03333333333333333
0 0.4811594202898551 0.15416666666666667 0.1492753623188406 0.028333333333333332
0 0.4811594202898551 0.09083333333333334 0.07753623188405798 0.01375
0 0.48188405797101447 0.13291666666666666 0.2028985507246377 0.01125
0 0.48188405797101447 0.11625 0.3115942028985507 0.01125
0 0.9108695652173913 0.15416666666666667 0.13768115942028986 0.028333333333333332
0 0.9108695652173913 0.13291666666666666 0.2246376811594203 0.01125
0 0.9115942028985508 0.11625 0.2920289855072464 0.01125
0 0.9115942028985508 0.09041666666666667 0.07971014492753623 0.014166666666666666
0 0.9159420289855073 0.29041666666666666 0.1289855072463768 0.028333333333333332
0 0.9159420289855073 0.24375 0.07536231884057971 0.01375
0 0.9166666666666666 0.26958333333333334 0.5376811594202898 0.01125
0 1.3398550724637681 0.15416666666666667 0.1471014492753623 0.028333333333333332
0 1.3413043478260869 0.13291666666666666 0.27391304347826084 0.01125
0 1.3413043478260869 0.11625 0.25579710144927537 0.01125
0 1.3413043478260869 0.09083333333333334 0.057971014492753624 0.01125
