0 0.04420289855072464 0.0125 0.15 0.03333333333333333
0 0.05144927536231884 0.44375 0.13478260869565217 0.028333333333333332
0 0.05144927536231884 0.3070833333333333 0.1427536231884058 0.028333333333333332
0 0.05144927536231884 0.15416666666666667 0.15 0.028333333333333332
0 0.05217391304347826 0.11625 0.3463768115942029 0.01125
0 0.05217391304347826 0.09083333333333334 0.08405797101449275 0.010833333333333334
0 0.05289855072463768 0.4225 0.5608695652173913 0.01125
0 0.05289855072463768 0.39708333333333334 0.07318840579710145 0.01375
0 0.05289855072463768 0.28625 0.5376811594202898 0.01125
0 0.05289855072463768 0.2604166666666667 0.06594202898550725 0.01375
0 0.05289855072463768 0.13291666666666666 0.18840579710144928 0.01125
0 0.21159420289855072 0.0125 0.1391304347826087 0.03333333333333333
0 0.3681159420289855 0.0125 0.14855072463768115 0.03333333333333333
0 0.4811594202898551 0.17083333333333334 0.13695652173913042 0.028333333333333332
0 0.4811594202898551 0.15208333333333332 0.020289855072463767 0.00875
0 0.48188405797101447 0.13291666666666666 0.34057971014492755 0.01125
0 0.48188405797101447 0.11625 0.14420289855072463 0.01125
0 0.48188405797101447 0.09041666666666667 0.06956521739130435 0.014166666666666666
0 0.5340579710144927 0.0125 0.13768115942028986 0.03333333333333333
0 0.9108695652173913 0.15416666666666667 0.14565217391304347 0.028333333333333332
0 0.9108695652173913 0.13291666666666666 0.24782608695652175 0.01125
0 0.9108695652173913 0.11625 0.2927536231884058 0.01125
0 0.9123188405797101 0.09083333333333334 0.06956521739130435 0.010833333333333334
0 1.3398550724637681 0.15416666666666667 0.13695652173913042 0.028333333333333332
0 1.3398550724637681 0.11625 0.2463768115942029 0.01125
0 1.3405797101449275 0.09041666666666667 0.06811594202898551 0.011666666666666667
0 1.3413043478260869 0.13291666666666666 0.2608695652173913 0.01125
0 1.3442028985507246 0.09375 0.016666666666666666 0.004166666666666667
