0 0.04420289855072464 0.0125 0.1492753623188406 0.03333333333333333
0 0.05144927536231884 0.4270833333333333 0.14130434782608695 0.028333333333333332
0 0.05144927536231884 0.36375 0.07391304347826087 0.01125
0 0.05144927536231884 0.27375 0.14782608695652175 0.028333333333333332
0 0.05144927536231884 0.22708333333333333 0.07391304347826087 0.01375
0 0.05144927536231884 0.1375 0.14057971014492754 0.028333333333333332
0 0.05217391304347826 0.4058333333333333 0.22971014492753622 0.01125
0 0.05217391304347826 0.38916666666666666 0.31231884057971016 0.01125
0 0.05217391304347826 0.2529166666666667 0.5978260869565217 0.01125
0 0.05217391304347826 0.11625 0.5615942028985508 0.01125
0 0.05289855072463768 0.09083333333333334 0.09057971014492754 0.01375
0 0.2108695652173913 0.0125 0.1355072463768116 0.03333333333333333
0 0.36376811594202896 0.0125 0.14347826086956522 0.03333333333333333
0 0.4811594202898551 0.4270833333333333 0.15434782608695652 0.028333333333333332
0 0.4811594202898551 0.4058333333333333 0.19202898550724637 0.01125
0 0.4811594202898551 0.38916666666666666 0.32028985507246377 0.01125
0 0.48188405797101447 0.36333333333333334 0.07536231884057971 0.011666666666666667
0 0.9108695652173913 0.4270833333333333 0.1492753623188406 0.028333333333333332
0 0.9108695652173913 0.4058333333333333 0.06956521739130435 0.01125
0 0.9115942028985508 0.38916666666666666 0.3992753623188406 0.01125
0 0.9115942028985508 0.36333333333333334 0.07608695652173914 0.014166666666666666
0 0.9159420289855073 0.27375 0.1398550724637681 0.028333333333333332
0 0.9166666666666666 0.2529166666666667 0.5340579710144927 0.01125
0 0.9173913043478261 0.22666666666666666 0.06956521739130435 0.014166666666666666
0 1.3398550724637681 0.4270833333333333 0.15 0.028333333333333332
0 1.3398550724637681 0.36375 0.07246376811594203 0.01125
0 1.3405797101449275 0.4058333333333333 0.19130434782608696 0.01125
0 1.3405797101449275 0.38916666666666666 0.31666666666666665 0.01125
