0 0.04420289855072464 0.0125 0.14347826086956522 0.03333333333333333
0 0.050724637681159424 0.11625 0.5181159420289855 0.01125
0 0.05144927536231884 0.1375 0.1391304347826087 0.028333333333333332
0 0.05289855072463768 0.09083333333333334 0.05507246376811594 0.010833333333333334
0 0.20507246376811594 0.0125 0.14420289855072463 0.03333333333333333
0 0.36666666666666664 0.0125 0.1492753623188406 0.03333333333333333
0 0.5333333333333333 0.0125 0.1492753623188406 0.03333333333333333
0 0.9159420289855073 0.1375 0.15217391304347827 0.028333333333333332
0 0.9159420289855073 0.11625 0.5057971014492754 0.01125
0 0.9181159420289855 0.09083333333333334 0.057971014492753624 0.01375
