0 0.04420289855072464 0.0125 0.15289855072463768 0.03333333333333333
0 0.05144927536231884 0.4270833333333333 0.13768115942028986 0.028333333333333332
0 0.05144927536231884 0.36375 0.0644927536231884 0.010833333333333334
0 0.05144927536231884 0.27375 0.13768115942028986 0.028333333333333332
0 0.05144927536231884 0.1375 0.14420289855072463 0.028333333333333332
0 0.05217391304347826 0.4058333333333333 0.26014492753623186 0.01125
0 0.05217391304347826 0.38916666666666666 0.29492753623188406 0.01125
0 0.05217391304347826 0.2529166666666667 0.558695652173913 0.01125
0 0.05217391304347826 0.11625 0.5311594202898551 0.01125
0 0.05289855072463768 0.22708333333333333 0.0644927536231884 0.01375
0 0.05289855072463768 0.09083333333333334 0.06376811594202898 0.01375
0 0.2144927536231884 0.0125 0.1463768115942029 0.03333333333333333
0 0.4811594202898551 0.4270833333333333 0.1289855072463768 0.028333333333333332
0 0.4811594202898551 0.38916666666666666 0.3355072463768116 0.01125
0 0.48188405797101447 0.4058333333333333 0.22971014492753622 0.01125
0 0.4826086956521739 0.36375 0.07318840579710145 0.01375
0 0.9101449275362319 0.36375 0.0644927536231884 0.010833333333333334
0 0.9108695652173913 0.4270833333333333 0.13768115942028986 0.028333333333333332
0 0.9108695652173913 0.4058333333333333 0.24492753623188407 0.01125
0 0.9108695652173913 0.38916666666666666 0.2753623188405797 0.01125
0 0.9159420289855073 0.1375 0.13115942028985508 0.028333333333333332
0 0.9166666666666666 0.11625 0.5202898550724637 0.01125
0 0.9181159420289855 0.09083333333333334 0.07028985507246377 0.01375
0 1.3398550724637681 0.4270833333333333 0.15 0.028333333333333332
0 1.3405797101449275 0.38916666666666666 0.2797101449275362 0.01125
0 1.3405797101449275 0.36333333333333334 0.07608695652173914 0.012083333333333333
0 1.3413043478260869 0.4058333333333333 0.28043478260869564 0.01125
