0 0.04420289855072464 0.0125 0.14782608695652175 0.03333333333333333
0 0.05144927536231884 0.4270833333333333 0.15289855072463768 0.028333333333333332
0 0.05144927536231884 0.4058333333333333 0.23768115942028986 0.01125
0 0.05144927536231884 0.27375 0.1565217391304348 0.028333333333333332
0 0.05144927536231884 0.1375 0.13840579710144926 0.028333333333333332
0 0.05144927536231884 0.11625 0.5768115942028985 0.01125
0 0.05144927536231884 0.09083333333333334 0.0746376811594203 0.01375
0 0.05217391304347826 0.38916666666666666 0.29130434782608694 0.01125
0 0.05289855072463768 0.36375 0.06884057971014493 0.01375
0 0.05289855072463768 0.2529166666666667 0.5376811594202898 0.01125
0 0.05289855072463768 0.22708333333333333 0.06594202898550725 0.010833333333333334
0 0.20942028985507247 0.0125 0.16521739130434782 0.03333333333333333
0 0.39202898550724635 0.0125 0.13260869565217392 0.03333333333333333
0 0.4811594202898551 0.4270833333333333 0.12753623188405797 0.028333333333333332
0 0.4811594202898551 0.4058333333333333 0.17173913043478262 0.01125
0 0.4811594202898551 0.38916666666666666 0.34347826086956523 0.01125
0 0.4826086956521739 0.36375 0.07608695652173914 0.01375
0 0.5420289855072464 0.0125 0.1463768115942029 0.03333333333333333
0 0.9108695652173913 0.4270833333333333 0.13623188405797101 0.028333333333333332
0 0.9108695652173913 0.4058333333333333 0.24130434782608695 0.01125
0 0.9108695652173913 0.38916666666666666 0.27318840579710146 0.01125
0 0.9123188405797101 0.36375 0.07101449275362319 0.01375
0 0.9159420289855073 0.1375 0.14565217391304347 0.028333333333333332
0 0.9166666666666666 0.09083333333333334 0.07608695652173914 0.010833333333333334
0 0.9173913043478261 0.11625 0.5340579710144927 0.01125
0 1.3398550724637681 0.4270833333333333 0.15 0.028333333333333332
0 1.3398550724637681 0.38916666666666666 0.286231884057971 0.01125
0 1.3398550724637681 0.36375 0.07101449275362319 0.01375
0 1.3405797101449275 0.4058333333333333 0.2217391304347826 0.01125
