0 0.04420289855072464 0.0125 0.1427536231884058 0.03333333333333333
0 0.05144927536231884 0.27375 0.13115942028985508 0.028333333333333332
0 0.05144927536231884 0.2529166666666667 0.5514492753623188 0.01125
0 0.05144927536231884 0.22708333333333333 0.08333333333333333 0.01375
0 0.05144927536231884 0.1375 0.14420289855072463 0.028333333333333332
0 0.05144927536231884 0.09083333333333334 0.06086956521739131 0.01375
0 0.05217391304347826 0.11625 0.5601449275362319 0.01125
0 0.20434782608695654 0.0125 0.15797101449275364 0.03333333333333333
0 0.37971014492753624 0.0125 0.15 0.03333333333333333
0 0.9159420289855073 0.27375 0.13478260869565217 0.028333333333333332
0 0.9159420289855073 0.22708333333333333 0.07318840579710145 0.01375
0 0.9173913043478261 0.2529166666666667 0.48188405797101447 0.01125
