0 0.04420289855072464 0.0125 0.1463768115942029 0.03333333333333333
0 0.05144927536231884 0.4270833333333333 0.14420289855072463 0.028333333333333332
0 0.05144927536231884 0.4058333333333333 0.5347826086956522 0.01125
0 0.05144927536231884 0.29041666666666666 0.13623188405797101 0.028333333333333332
0 0.05144927536231884 0.26958333333333334 0.5217391304347826 0.01125
0 0.05144927536231884 0.15416666666666667 0.12318840579710146 0.028333333333333332
0 0.05217391304347826 0.3804166666666667 0.06739130434782609 0.01375
0 0.05217391304347826 0.13291666666666666 0.2782608695652174 0.01125
0 0.05217391304347826 0.11625 0.28405797101449276 0.01125
0 0.05217391304347826 0.09083333333333334 0.06159420289855073 0.010833333333333334
0 0.05289855072463768 0.24375 0.058695652173913045 0.01125
0 0.20797101449275363 0.0125 0.1492753623188406 0.03333333333333333
0 0.3746376811594203 0.0125 0.13768115942028986 0.03333333333333333
0 0.4811594202898551 0.15416666666666667 0.15 0.028333333333333332
0 0.4811594202898551 0.13291666666666666 0.2971014492753623 0.01125
0 0.4811594202898551 0.11625 0.2289855072463768 0.01125
0 0.4826086956521739 0.09083333333333334 0.08260869565217391 0.01375
0 0.5297101449275362 0.0125 0.14855072463768115 0.03333333333333333
0 0.6956521739130435 0.0125 0.13333333333333333 0.03333333333333333
0 0.9108695652173913 0.15416666666666667 0.13478260869565217 0.028333333333333332
0 0.9108695652173913 0.11625 0.2942028985507246 0.01125
0 0.9115942028985508 0.13291666666666666 0.26159420289855073 0.01125
0 0.9123188405797101 0.09083333333333334 0.06304347826086956 0.010833333333333334
0 0.9159420289855073 0.4270833333333333 0.15 0.028333333333333332
0 0.9173913043478261 0.4058333333333333 0.5108695652173914 0.01125
0 0.9181159420289855 0.3804166666666667 0.08043478260869565 0.01125
0 1.3398550724637681 0.15416666666666667 0.13043478260869565 0.028333333333333332
0 1.3398550724637681 0.13291666666666666 0.18405797101449275 0.01125
0 1.3398550724637681 0.09083333333333334 0.06884057971014493 0.01375
0 1.3405797101449275 0.11625 0.32028985507246377 0.01125
0 1.355072463768116 0.09083333333333334 0.015942028985507246 0.0033333333333333335
