0 0.04420289855072464 0.0125 0.14565217391304347 0.03333333333333333
0 0.05144927536231884 0.4270833333333333 0.13840579710144926 0.028333333333333332
0 0.05144927536231884 0.4058333333333333 0.20144927536231885 0.01125
0 0.05144927536231884 0.27375 0.16521739130434782 0.028333333333333332
0 0.05144927536231884 0.1375 0.12681159420289856 0.028333333333333332
0 0.05144927536231884 0.11625 0.5550724637681159 0.01125
0 0.05217391304347826 0.38916666666666666 0.3239130434782609 0.01125
0 0.05217391304347826 0.2529166666666667 0.5608695652173913 0.01125
0 0.05289855072463768 0.36375 0.05434782608695652 0.010833333333333334
0 0.05289855072463768 0.22708333333333333 0.07318840579710145 0.01375
0 0.05289855072463768 0.09083333333333334 0.057971014492753624 0.010833333333333334
0 0.2072463768115942 0.0125 0.14347826086956522 0.03333333333333333
0 0.3681159420289855 0.0125 0.1427536231884058 0.03333333333333333
0 0.4811594202898551 0.4270833333333333 0.14565217391304347 0.028333333333333332
0 0.4811594202898551 0.38916666666666666 0.21159420289855072 0.01125
0 0.48188405797101447 0.4058333333333333 0.3108695652173913 0.01125
0 0.4826086956521739 0.36375 0.06594202898550725 0.01375
0 0.9101449275362319 0.36375 0.06956521739130435 0.01375
0 0.9108695652173913 0.4270833333333333 0.14492753623188406 0.028333333333333332
0 0.9108695652173913 0.4058333333333333 0.21304347826086956 0.01125
0 0.9108695652173913 0.38916666666666666 0.3398550724637681 0.01125
0 0.9159420289855073 0.27375 0.1471014492753623 0.028333333333333332
0 0.9159420289855073 0.22708333333333333 0.06811594202898551 0.010833333333333334
0 0.9166666666666666 0.2529166666666667 0.5224637681159421 0.01125
0 1.3398550724637681 0.4270833333333333 0.14565217391304347 0.028333333333333332
0 1.3398550724637681 0.4058333333333333 0.2326086956521739 0.01125
0 1.3398550724637681 0.38916666666666666 0.29130434782608694 0.01125
0 1.3420289855072465 0.36375 0.07536231884057971 0.01375
