0 0.04420289855072464 0.0125 0.1398550724637681 0.03333333333333333
0 0.05144927536231884 0.4270833333333333 0.14347826086956522 0.028333333333333332
0 0.05144927536231884 0.4058333333333333 0.21811594202898552 0.01125
0 0.05144927536231884 0.38916666666666666 0.3115942028985507 0.01125
0 0.05144927536231884 0.27375 0.13260869565217392 0.028333333333333332
0 0.05144927536231884 0.1375 0.1565217391304348 0.028333333333333332
0 0.05144927536231884 0.09083333333333334 0.06739130434782609 0.010833333333333334
0 0.05217391304347826 0.2529166666666667 0.5362318840579711 0.01125
0 0.05217391304347826 0.11625 0.5463768115942029 0.01125
0 0.05289855072463768 0.36375 0.07971014492753623 0.01125
0 0.05289855072463768 0.22708333333333333 0.0746376811594203 0.01375
0 0.20144927536231885 0.0125 0.15869565217391304 0.03333333333333333
0 0.4811594202898551 0.4270833333333333 0.13695652173913042 0.028333333333333332
0 0.4811594202898551 0.36375 0.06739130434782609 0.010833333333333334
0 0.48188405797101447 0.4058333333333333 0.18695652173913044 0.01125
0 0.48188405797101447 0.38916666666666666 0.3347826086956522 0.01125
0 0.9108695652173913 0.44375 0.13623188405797101 0.028333333333333332
0 0.9108695652173913 0.4225 0.02753623188405797 0.00875
0 0.9108695652173913 0.4058333333333333 0.3442028985507246 0.01125
0 0.9108695652173913 0.38916666666666666 0.16231884057971013 0.01125
0 0.9115942028985508 0.36333333333333334 0.06666666666666667 0.014166666666666666
0 0.9144927536231884 0.3670833333333333 0.016666666666666666 0.00375
0 0.9159420289855073 0.27375 0.14420289855072463 0.028333333333333332
0 0.9166666666666666 0.2529166666666667 0.5427536231884058 0.01125
0 0.9181159420289855 0.22708333333333333 0.060144927536231886 0.01375
0 1.3398550724637681 0.4270833333333333 0.14565217391304347 0.028333333333333332
0 1.3405797101449275 0.4058333333333333 0.24855072463768116 0.01125
0 1.3413043478260869 0.38916666666666666 0.3036231884057971 0.01125
0 1.3413043478260869 0.36375 0.06304347826086956 0.01125
