0 0.04420289855072464 0.0125 0.15144927536231884 0.03333333333333333
0 0.05144927536231884 0.44375 0.13260869565217392 0.028333333333333332
0 0.05144927536231884 0.39708333333333334 0.06884057971014493 0.010833333333333334
0 0.05144927536231884 0.3070833333333333 0.14130434782608695 0.028333333333333332
0 0.05144927536231884 0.2604166666666667 0.07753623188405798 0.01375
0 0.05144927536231884 0.15416666666666667 0.14782608695652175 0.028333333333333332
0 0.05144927536231884 0.09083333333333334 0.05 0.01375
0 0.05217391304347826 0.4225 0.5695652173913044 0.01125
0 0.05217391304347826 0.28625 0.5195652173913043 0.01125
0 0.05217391304347826 0.11625 0.3253623188405797 0.01125
0 0.05289855072463768 0.13291666666666666 0.21159420289855072 0.01125
0 0.21304347826086956 0.0125 0.15 0.03333333333333333
0 0.3804347826086957 0.0125 0.13695652173913042 0.03333333333333333
0 0.48043478260869565 0.14958333333333335 0.1355072463768116 0.01125
0 0.4811594202898551 0.17083333333333334 0.14855072463768115 0.028333333333333332
0 0.4811594202898551 0.13291666666666666 0.22608695652173913 0.01125
0 0.4811594202898551 0.11625 0.2318840579710145 0.01125
0 0.4826086956521739 0.09083333333333334 0.06666666666666667 0.01375
0 0.9108695652173913 0.17083333333333334 0.13623188405797101 0.028333333333333332
0 0.9108695652173913 0.14958333333333335 0.0644927536231884 0.01125
0 0.9108695652173913 0.11625 0.15579710144927536 0.01125
0 0.9115942028985508 0.13291666666666666 0.32318840579710145 0.01125
0 0.9123188405797101 0.09083333333333334 0.07391304347826087 0.010833333333333334
0 0.9159420289855073 0.3070833333333333 0.16231884057971013 0.028333333333333332
0 0.9173913043478261 0.28625 0.5202898550724637 0.01125
0 0.9181159420289855 0.2604166666666667 0.06811594202898551 0.01125
0 1.3398550724637681 0.15416666666666667 0.15217391304347827 0.028333333333333332
0 1.3405797101449275 0.09041666666666667 0.06739130434782609 0.011666666666666667
0 1.3413043478260869 0.13291666666666666 0.21811594202898552 0.01125
0 1.3413043478260869 0.11625 0.3217391304347826 0.01125
