0 0.04420289855072464 0.0125 0.15289855072463768 0.03333333333333333
0 0.05144927536231884 0.4270833333333333 0.1471014492753623 0.028333333333333332
0 0.05144927536231884 0.4058333333333333 0.1644927536231884 0.01125
0 0.05144927536231884 0.27375 0.13405797101449277 0.028333333333333332
0 0.05144927536231884 0.1375 0.14782608695652175 0.028333333333333332
0 0.05217391304347826 0.38916666666666666 0.3427536231884058 0.01125
0 0.05217391304347826 0.2529166666666667 0.5840579710144927 0.01125
0 0.05217391304347826 0.11625 0.5413043478260869 0.01125
0 0.05217391304347826 0.09041666666666667 0.08188405797101449 0.012083333333333333
0 0.05289855072463768 0.36375 0.06086956521739131 0.01375
0 0.05289855072463768 0.22708333333333333 0.06304347826086956 0.010833333333333334
0 0.2144927536231884 0.0125 0.14565217391304347 0.03333333333333333
0 0.377536231884058 0.0125 0.1282608695652174 0.03333333333333333
0 0.4811594202898551 0.4270833333333333 0.1355072463768116 0.028333333333333332
0 0.4811594202898551 0.4058333333333333 0.21231884057971015 0.01125
0 0.48188405797101447 0.38916666666666666 0.31666666666666665 0.01125
0 0.4826086956521739 0.36375 0.06594202898550725 0.01375
0 0.5231884057971015 0.0125 0.13623188405797101 0.03333333333333333
0 0.9101449275362319 0.4058333333333333 0.3847826086956522 0.01125
0 0.9101449275362319 0.36375 0.07318840579710145 0.01375
0 0.9108695652173913 0.44375 0.15217391304347827 0.028333333333333332
0 0.9108695652173913 0.4225 0.10942028985507246 0.00875
0 0.9108695652173913 0.38916666666666666 0.07753623188405798 0.01125
0 0.9159420289855073 0.27375 0.14202898550724638 0.028333333333333332
0 0.9166666666666666 0.2529166666666667 0.5666666666666667 0.01125
0 0.9166666666666666 0.22708333333333333 0.08260869565217391 0.01375
0 1.3398550724637681 0.4270833333333333 0.13768115942028986 0.028333333333333332
0 1.3405797101449275 0.4058333333333333 0.18115942028985507 0.01125
0 1.3405797101449275 0.36333333333333334 0.06739130434782609 0.011666666666666667
0 1.3413043478260869 0.38916666666666666 0.34202898550724636 0.01125
