0 0.04420289855072464 0.0125 0.15144927536231884 0.03333333333333333
0 0.05144927536231884 0.4270833333333333 0.1391304347826087 0.028333333333333332
0 0.05144927536231884 0.38916666666666666 0.3427536231884058 0.01125
0 0.05144927536231884 0.36375 0.08623188405797101 0.01375
0 0.05144927536231884 0.27375 0.1492753623188406 0.028333333333333332
0 0.05144927536231884 0.2529166666666667 0.5572463768115942 0.01125
0 0.05144927536231884 0.1375 0.15217391304347827 0.028333333333333332
0 0.05144927536231884 0.11625 0.5130434782608696 0.01125
0 0.05289855072463768 0.4058333333333333 0.15507246376811595 0.01125
0 0.05289855072463768 0.22708333333333333 0.0644927536231884 0.01375
0 0.05289855072463768 0.09083333333333334 0.0746376811594203 0.01375
0 0.21304347826086956 0.0125 0.15289855072463768 0.03333333333333333
0 0.4811594202898551 0.4270833333333333 0.12246376811594203 0.028333333333333332
0 0.48188405797101447 0.4058333333333333 0.1644927536231884 0.01125
0 0.48188405797101447 0.38916666666666666 0.34782608695652173 0.01125
0 0.48188405797101447 0.36333333333333334 0.06159420289855073 0.011666666666666667
0 0.9108695652173913 0.4270833333333333 0.12971014492753624 0.028333333333333332
0 0.9108695652173913 0.4058333333333333 0.3427536231884058 0.01125
0 0.9108695652173913 0.38916666666666666 0.20434782608695654 0.01125
0 0.9123188405797101 0.36375 0.06521739130434782 0.01125
0 0.9159420289855073 0.27375 0.15289855072463768 0.028333333333333332
0 0.9159420289855073 0.22708333333333333 0.07608695652173914 0.01375
0 0.9173913043478261 0.2529166666666667 0.5224637681159421 0.01125
0 1.3398550724637681 0.4270833333333333 0.14782608695652175 0.028333333333333332
0 1.3398550724637681 0.4058333333333333 0.27898550724637683 0.01125
0 1.3398550724637681 0.38916666666666666 0.23405797101449274 0.01125
0 1.3420289855072465 0.36375 0.06594202898550725 0.01375
