0 0.04420289855072464 0.0125 0.1471014492753623 0.03333333333333333
0 0.050724637681159424 0.2529166666666667 0.5434782608695652 0.01125
0 0.05144927536231884 0.4270833333333333 0.13405797101449277 0.028333333333333332
0 0.05144927536231884 0.27375 0.1492753623188406 0.028333333333333332
0 0.05144927536231884 0.1375 0.13478260869565217 0.028333333333333332
0 0.05144927536231884 0.11625 0.5601449275362319 0.01125
0 0.05217391304347826 0.38916666666666666 0.19927536231884058 0.01125
0 0.05217391304347826 0.36333333333333334 0.08115942028985507 0.011666666666666667
0 0.05217391304347826 0.22666666666666666 0.0746376811594203 0.011666666666666667
0 0.05289855072463768 0.4058333333333333 0.32318840579710145 0.01125
0 0.05289855072463768 0.09083333333333334 0.06376811594202898 0.01375
0 0.05507246376811594 0.36666666666666664 0.017391304347826087 0.004166666666666667
0 0.20869565217391303 0.0125 0.13260869565217392 0.03333333333333333
0 0.358695652173913 0.0125 0.15942028985507245 0.03333333333333333
0 0.4811594202898551 0.4270833333333333 0.1398550724637681 0.028333333333333332
0 0.4811594202898551 0.4058333333333333 0.26231884057971017 0.01125
0 0.48188405797101447 0.38916666666666666 0.2855072463768116 0.01125
0 0.4826086956521739 0.36375 0.0644927536231884 0.01375
0 0.5355072463768116 0.0125 0.1471014492753623 0.03333333333333333
0 0.7 0.0125 0.12681159420289856 0.03333333333333333
0 0.9101449275362319 0.38916666666666666 0.3333333333333333 0.01125
0 0.9101449275362319 0.36375 0.0644927536231884 0.010833333333333334
0 0.9108695652173913 0.4270833333333333 0.15797101449275364 0.028333333333333332
0 0.9115942028985508 0.4058333333333333 0.19057971014492753 0.01125
0 0.9159420289855073 0.1375 0.16376811594202897 0.028333333333333332
0 0.9159420289855073 0.09083333333333334 0.0746376811594203 0.010833333333333334
0 0.9166666666666666 0.11625 0.55 0.01125
0 1.3398550724637681 0.4270833333333333 0.14782608695652175 0.028333333333333332
0 1.3405797101449275 0.4058333333333333 0.18695652173913044 0.01125
0 1.3405797101449275 0.38916666666666666 0.34782608695652173 0.01125
0 1.3405797101449275 0.36333333333333334 0.07101449275362319 0.011666666666666667
