0 0.04420289855072464 0.0125 0.14202898550724638 0.03333333333333333
0 0.05144927536231884 0.32375 0.13405797101449277 0.028333333333333332
0 0.05144927536231884 0.2604166666666667 0.06594202898550725 0.01375
0 0.05144927536231884 0.15416666666666667 0.14420289855072463 0.028333333333333332
0 0.05217391304347826 0.30291666666666667 0.15144927536231884 0.01125
0 0.05217391304347826 0.11625 0.3427536231884058 0.01125
0 0.05289855072463768 0.28625 0.3391304347826087 0.01125
0 0.05289855072463768 0.13291666666666666 0.1572463768115942 0.01125
0 0.05289855072463768 0.09083333333333334 0.0644927536231884 0.01375
0 0.2036231884057971 0.0125 0.1492753623188406 0.03333333333333333
0 0.4811594202898551 0.32375 0.12318840579710146 0.028333333333333332
0 0.4811594202898551 0.30291666666666667 0.20507246376811594 0.01125
0 0.4811594202898551 0.28625 0.3173913043478261 0.01125
0 0.4811594202898551 0.15416666666666667 0.13768115942028986 0.028333333333333332
0 0.4811594202898551 0.13291666666666666 0.19855072463768117 0.01125
0 0.4811594202898551 0.11625 0.3239130434782609 0.01125
0 0.48188405797101447 0.09041666666666667 0.09420289855072464 0.014166666666666666
0 0.4826086956521739 0.2604166666666667 0.06594202898550725 0.01375
0 0.9101449275362319 0.2604166666666667 0.07101449275362319 0.01375
0 0.9108695652173913 0.32375 0.12753623188405797 0.028333333333333332
0 0.9108695652173913 0.30291666666666667 0.25217391304347825 0.01125
0 0.9108695652173913 0.28625 0.2920289855072464 0.01125
0 0.9108695652173913 0.17083333333333334 0.14202898550724638 0.028333333333333332
0 0.9108695652173913 0.14958333333333335 0.04492753623188406 0.00875
0 0.9108695652173913 0.11625 0.18840579710144928 0.01125
0 0.9108695652173913 0.09041666666666667 0.06666666666666667 0.011666666666666667
0 0.9115942028985508 0.13291666666666666 0.31521739130434784 0.01125
0 1.3398550724637681 0.32375 0.13623188405797101 0.028333333333333332
0 1.3398550724637681 0.17083333333333334 0.15 0.028333333333333332
0 1.3405797101449275 0.28625 0.3384057971014493 0.01125
0 1.3405797101449275 0.11625 0.17173913043478262 0.00875
0 1.3413043478260869 0.30291666666666667 0.17318840579710146 0.01125
0 1.3413043478260869 0.14958333333333335 0.02608695652173913 0.00875
0 1.3413043478260869 0.13291666666666666 0.32753623188405795 0.01125
0 1.3420289855072465 0.2604166666666667 0.07028985507246377 0.01375
0 1.3420289855072465 0.09083333333333334 0.07318840579710145 0.01375
