0 0.04420289855072464 0.0125 0.1471014492753623 0.03333333333333333
0 0.05144927536231884 0.4270833333333333 0.14420289855072463 0.028333333333333332
0 0.05144927536231884 0.4058333333333333 0.19057971014492753 0.01125
0 0.05144927536231884 0.36375 0.06594202898550725 0.01375
0 0.05144927536231884 0.27375 0.1427536231884058 0.028333333333333332
0 0.05144927536231884 0.1375 0.13768115942028986 0.028333333333333332
0 0.05217391304347826 0.11625 0.5304347826086957 0.01125
0 0.05289855072463768 0.38916666666666666 0.32608695652173914 0.01125
0 0.05289855072463768 0.2529166666666667 0.5797101449275363 0.01125
0 0.05289855072463768 0.22708333333333333 0.07608695652173914 0.01375
0 0.05289855072463768 0.09083333333333334 0.07608695652173914 0.01375
0 0.20869565217391303 0.0125 0.14420289855072463 0.03333333333333333
0 0.37028985507246376 0.0125 0.14782608695652175 0.03333333333333333
0 0.4811594202898551 0.4270833333333333 0.1246376811594203 0.028333333333333332
0 0.4811594202898551 0.4058333333333333 0.23333333333333334 0.01125
0 0.4811594202898551 0.36375 0.07173913043478261 0.010833333333333334
0 0.48188405797101447 0.38916666666666666 0.3050724637681159 0.01125
0 0.9108695652173913 0.4270833333333333 0.15 0.028333333333333332
0 0.9108695652173913 0.4058333333333333 0.22536231884057972 0.01125
0 0.9108695652173913 0.38916666666666666 0.3282608695652174 0.01125
0 0.9123188405797101 0.36375 0.0746376811594203 0.01375
0 0.9159420289855073 0.1375 0.15 0.028333333333333332
0 0.9159420289855073 0.09083333333333334 0.06811594202898551 0.01375
0 0.9173913043478261 0.11625 0.5898550724637681 0.01125
0 1.3398550724637681 0.4270833333333333 0.15144927536231884 0.028333333333333332
0 1.3398550724637681 0.4058333333333333 0.2543478260869565 0.01125
0 1.3413043478260869 0.38916666666666666 0.2768115942028985 0.01125
0 1.3420289855072465 0.36375 0.06376811594202898 0.01125
