0 0.04420289855072464 0.0125 0.14347826086956522 0.03333333333333333
0 0.050724637681159424 0.2529166666666667 0.336231884057971 0.01125
0 0.05144927536231884 0.4270833333333333 0.13405797101449277 0.028333333333333332
0 0.05144927536231884 0.3804166666666667 0.07536231884057971 0.010833333333333334
0 0.05144927536231884 0.29041666666666666 0.13695652173913042 0.028333333333333332
0 0.05144927536231884 0.26958333333333334 0.1746376811594203 0.01125
0 0.05144927536231884 0.1375 0.14420289855072463 0.028333333333333332
0 0.05217391304347826 0.4058333333333333 0.5760869565217391 0.01125
0 0.05217391304347826 0.11625 0.5565217391304348 0.01125
0 0.05289855072463768 0.22708333333333333 0.0644927536231884 0.01375
0 0.05289855072463768 0.09083333333333334 0.04927536231884058 0.010833333333333334
0 0.20507246376811594 0.0125 0.1463768115942029 0.03333333333333333
0 0.36884057971014494 0.0125 0.13115942028985508 0.03333333333333333
0 0.4811594202898551 0.29041666666666666 0.1492753623188406 0.028333333333333332
0 0.4811594202898551 0.2529166666666667 0.2717391304347826 0.01125
0 0.48188405797101447 0.26958333333333334 0.2514492753623188 0.01125
0 0.4826086956521739 0.22708333333333333 0.07391304347826087 0.01375
0 0.5173913043478261 0.0125 0.14420289855072463 0.03333333333333333
0 0.9108695652173913 0.29041666666666666 0.13840579710144926 0.028333333333333332
0 0.9108695652173913 0.26958333333333334 0.28043478260869564 0.01125
0 0.9115942028985508 0.2529166666666667 0.26159420289855073 0.01125
0 0.9123188405797101 0.22708333333333333 0.0572463768115942 0.01375
0 0.9159420289855073 0.1375 0.13333333333333333 0.028333333333333332
0 0.9159420289855073 0.09083333333333334 0.06884057971014493 0.010833333333333334
0 0.9166666666666666 0.11625 0.5101449275362319 0.01125
0 1.3398550724637681 0.29041666666666666 0.13333333333333333 0.028333333333333332
0 1.3398550724637681 0.22708333333333333 0.058695652173913045 0.010833333333333334
0 1.3405797101449275 0.2529166666666667 0.26231884057971017 0.01125
0 1.3413043478260869 0.26958333333333334 0.27898550724637683 0.01125
