0 0.04420289855072464 0.0125 0.15144927536231884 0.03333333333333333
0 0.05144927536231884 0.44375 0.15579710144927536 0.028333333333333332
0 0.05144927536231884 0.3070833333333333 0.1471014492753623 0.028333333333333332
0 0.05144927536231884 0.15416666666666667 0.15289855072463768 0.028333333333333332
0 0.05217391304347826 0.28625 0.4971014492753623 0.01125
0 0.05217391304347826 0.26 0.07391304347826087 0.011666666666666667
0 0.05217391304347826 0.13291666666666666 0.3391304347826087 0.01125
0 0.05217391304347826 0.09041666666666667 0.06666666666666667 0.014166666666666666
0 0.05289855072463768 0.4225 0.5420289855072464 0.01125
0 0.05289855072463768 0.39708333333333334 0.07536231884057971 0.01375
0 0.05289855072463768 0.11625 0.15 0.01125
0 0.05507246376811594 0.09375 0.017391304347826087 0.004166666666666667
0 0.21304347826086956 0.0125 0.1572463768115942 0.03333333333333333
0 0.38768115942028986 0.0125 0.15 0.03333333333333333
0 0.4811594202898551 0.15416666666666667 0.14420289855072463 0.028333333333333332
0 0.4811594202898551 0.13291666666666666 0.20507246376811594 0.01125
0 0.4811594202898551 0.11625 0.3079710144927536 0.01125
0 0.4826086956521739 0.09083333333333334 0.06884057971014493 0.010833333333333334
0 0.9108695652173913 0.17083333333333334 0.14782608695652175 0.028333333333333332
0 0.9108695652173913 0.14958333333333335 0.04565217391304348 0.00875
0 0.9108695652173913 0.13291666666666666 0.3130434782608696 0.01125
0 0.9108695652173913 0.11625 0.14057971014492754 0.01125
0 0.9115942028985508 0.09041666666666667 0.06231884057971015 0.014166666666666666
0 0.9144927536231884 0.09375 0.016666666666666666 0.004166666666666667
0 0.9159420289855073 0.44375 0.15434782608695652 0.028333333333333332
0 0.9159420289855073 0.4225 0.5282608695652173 0.01125
0 0.9166666666666666 0.39708333333333334 0.06376811594202898 0.01375
0 1.3398550724637681 0.15416666666666667 0.15144927536231884 0.028333333333333332
0 1.3398550724637681 0.13291666666666666 0.18985507246376812 0.01125
0 1.3413043478260869 0.11625 0.32028985507246377 0.01125
0 1.3420289855072465 0.09083333333333334 0.07246376811594203 0.010833333333333334
