0 0.04420289855072464 0.0125 0.13478260869565217 0.03333333333333333
0 0.05144927536231884 0.4270833333333333 0.13840579710144926 0.028333333333333332
0 0.05144927536231884 0.4058333333333333 0.5485507246376812 0.01125
0 0.05144927536231884 0.29041666666666666 0.13695652173913042 0.028333333333333332
0 0.05144927536231884 0.15416666666666667 0.13695652173913042 0.028333333333333332
0 0.05144927536231884 0.09083333333333334 0.07608695652173914 0.01375
0 0.05217391304347826 0.26958333333333334 0.5384057971014493 0.01125
0 0.05289855072463768 0.3804166666666667 0.06304347826086956 0.01375
0 0.05289855072463768 0.24375 0.06739130434782609 0.01375
0 0.05289855072463768 0.13291666666666666 0.1956521739130435 0.01125
0 0.05289855072463768 0.11625 0.32028985507246377 0.01125
0 0.1963768115942029 0.0125 0.15217391304347827 0.03333333333333333
0 0.36594202898550726 0.0125 0.16376811594202897 0.03333333333333333
0 0.4811594202898551 0.15416666666666667 0.1471014492753623 0.028333333333333332
0 0.4811594202898551 0.13291666666666666 0.30434782608695654 0.01125
0 0.4811594202898551 0.11625 0.23840579710144927 0.01125
0 0.4826086956521739 0.09083333333333334 0.0463768115942029 0.01375
0 0.5471014492753623 0.0125 0.14782608695652175 0.03333333333333333
0 0.7123188405797102 0.0125 0.14782608695652175 0.03333333333333333
0 0.9101449275362319 0.09083333333333334 0.06884057971014493 0.010833333333333334
0 0.9108695652173913 0.15416666666666667 0.1355072463768116 0.028333333333333332
0 0.9108695652173913 0.13291666666666666 0.2956521739130435 0.01125
0 0.9108695652173913 0.11625 0.26521739130434785 0.01125
0 0.9159420289855073 0.29041666666666666 0.1471014492753623 0.028333333333333332
0 0.9166666666666666 0.26958333333333334 0.49130434782608695 0.01125
0 0.9181159420289855 0.24375 0.08695652173913043 0.010833333333333334
0 1.3398550724637681 0.15416666666666667 0.14130434782608695 0.028333333333333332
0 1.3398550724637681 0.13291666666666666 0.22971014492753622 0.01125
0 1.3398550724637681 0.09083333333333334 0.07246376811594203 0.01375
0 1.3405797101449275 0.11625 0.30144927536231886 0.01125
