0 0.04420289855072464 0.0125 0.14855072463768115 0.03333333333333333
0 0.05144927536231884 0.4270833333333333 0.13695652173913042 0.028333333333333332
0 0.05144927536231884 0.4058333333333333 0.5057971014492754 0.01125
0 0.05144927536231884 0.29041666666666666 0.14130434782608695 0.028333333333333332
0 0.05144927536231884 0.1375 0.14420289855072463 0.028333333333333332
0 0.05144927536231884 0.11625 0.5565217391304348 0.01125
0 0.05217391304347826 0.26958333333333334 0.23550724637681159 0.01125
0 0.05217391304347826 0.2529166666666667 0.322463768115942 0.01125
0 0.05289855072463768 0.3804166666666667 0.07391304347826087 0.01375
0 0.05289855072463768 0.22708333333333333 0.06811594202898551 0.01375
0 0.05289855072463768 0.09083333333333334 0.06811594202898551 0.01375
0 0.21014492753623187 0.0125 0.15072463768115943 0.03333333333333333
0 0.3782608695652174 0.0125 0.1427536231884058 0.03333333333333333
0 0.4811594202898551 0.29041666666666666 0.14202898550724638 0.028333333333333332
0 0.4811594202898551 0.26958333333333334 0.17608695652173914 0.01125
0 0.4811594202898551 0.2529166666666667 0.3239130434782609 0.01125
0 0.48188405797101447 0.22666666666666666 0.07608695652173914 0.014166666666666666
0 0.48478260869565215 0.23 0.016666666666666666 0.004166666666666667
0 0.9101449275362319 0.22708333333333333 0.07173913043478261 0.010833333333333334
0 0.9108695652173913 0.29041666666666666 0.14420289855072463 0.028333333333333332
0 0.9115942028985508 0.26958333333333334 0.2028985507246377 0.01125
0 0.9115942028985508 0.2529166666666667 0.3391304347826087 0.01125
0 0.9159420289855073 0.1375 0.15434782608695652 0.028333333333333332
0 0.9166666666666666 0.11625 0.5463768115942029 0.01125
0 0.9181159420289855 0.09083333333333334 0.07101449275362319 0.010833333333333334
0 1.3398550724637681 0.29041666666666666 0.14347826086956522 0.028333333333333332
0 1.3405797101449275 0.2529166666666667 0.30579710144927535 0.01125
0 1.3413043478260869 0.26958333333333334 0.16521739130434782 0.01125
0 1.3420289855072465 0.22708333333333333 0.0644927536231884 0.01375
