0 0.04420289855072464 0.0125 0.13768115942028986 0.03333333333333333
0 0.05144927536231884 0.44375 0.14855072463768115 0.028333333333333332
0 0.05144927536231884 0.4225 0.5449275362318841 0.01125
0 0.05144927536231884 0.3070833333333333 0.1536231884057971 0.028333333333333332
0 0.05144927536231884 0.15416666666666667 0.14420289855072463 0.028333333333333332
0 0.05144927536231884 0.13291666666666666 0.3173913043478261 0.01125
0 0.05144927536231884 0.09083333333333334 0.07391304347826087 0.01375
0 0.05217391304347826 0.26 0.07898550724637682 0.014166666666666666
0 0.05289855072463768 0.39708333333333334 0.07101449275362319 0.01375
0 0.05289855072463768 0.28625 0.49420289855072463 0.01125
0 0.05289855072463768 0.11625 0.21811594202898552 0.01125
0 0.19927536231884058 0.0125 0.14782608695652175 0.03333333333333333
0 0.3644927536231884 0.0125 0.13768115942028986 0.03333333333333333
0 0.4811594202898551 0.17083333333333334 0.14782608695652175 0.028333333333333332
0 0.4811594202898551 0.13291666666666666 0.27246376811594203 0.01125
0 0.4811594202898551 0.11625 0.1391304347826087 0.01125
0 0.4811594202898551 0.09083333333333334 0.06811594202898551 0.010833333333333334
0 0.48188405797101447 0.14958333333333335 0.11159420289855072 0.01125
0 0.5195652173913043 0.0125 0.1536231884057971 0.03333333333333333
0 0.9101449275362319 0.09083333333333334 0.06884057971014493 0.01375
0 0.9108695652173913 0.15416666666666667 0.12536231884057972 0.028333333333333332
0 0.9108695652173913 0.13291666666666666 0.20434782608695654 0.01125
0 0.9108695652173913 0.11625 0.3188405797101449 0.01125
0 0.9159420289855073 0.3070833333333333 0.13768115942028986 0.028333333333333332
0 0.9166666666666666 0.2604166666666667 0.07536231884057971 0.01375
0 0.9173913043478261 0.28625 0.5528985507246377 0.01125
0 1.3398550724637681 0.17083333333333334 0.13840579710144926 0.028333333333333332
0 1.3405797101449275 0.14958333333333335 0.14565217391304347 0.01125
0 1.3405797101449275 0.13291666666666666 0.2753623188405797 0.01125
0 1.3405797101449275 0.11625 0.0963768115942029 0.01125
0 1.3420289855072465 0.09083333333333334 0.0536231884057971 0.010833333333333334
