0 0.04420289855072464 0.0125 0.15072463768115943 0.03333333333333333
0 0.05144927536231884 0.4270833333333333 0.1398550724637681 0.028333333333333332
0 0.05144927536231884 0.4058333333333333 0.24130434782608695 0.01125
0 0.05144927536231884 0.38916666666666666 0.2594202898550725 0.01125
0 0.05144927536231884 0.27375 0.13260869565217392 0.028333333333333332
0 0.05144927536231884 0.22708333333333333 0.08115942028985507 0.01125
0 0.05144927536231884 0.1375 0.12753623188405797 0.028333333333333332
0 0.05217391304347826 0.36333333333333334 0.06956521739130435 0.011666666666666667
0 0.05217391304347826 0.11625 0.5318840579710145 0.01125
0 0.05217391304347826 0.09041666666666667 0.08115942028985507 0.014166666666666666
0 0.05289855072463768 0.2529166666666667 0.5195652173913043 0.01125
0 0.21231884057971015 0.0125 0.12173913043478261 0.03333333333333333
0 0.4811594202898551 0.4270833333333333 0.16304347826086957 0.028333333333333332
0 0.4811594202898551 0.4058333333333333 0.1782608695652174 0.01125
0 0.4811594202898551 0.38916666666666666 0.3289855072463768 0.01125
0 0.48188405797101447 0.36333333333333334 0.07608695652173914 0.011666666666666667
0 0.9108695652173913 0.4270833333333333 0.14202898550724638 0.028333333333333332
0 0.9108695652173913 0.4058333333333333 0.2985507246376812 0.01125
0 0.9115942028985508 0.38916666666666666 0.22826086956521738 0.01125
0 0.9123188405797101 0.36375 0.06956521739130435 0.01375
0 0.9159420289855073 0.27375 0.14130434782608695 0.028333333333333332
0 0.9159420289855073 0.22708333333333333 0.07391304347826087 0.01375
0 0.9166666666666666 0.2529166666666667 0.5355072463768116 0.01125
0 1.3398550724637681 0.4270833333333333 0.12753623188405797 0.028333333333333332
0 1.3398550724637681 0.36375 0.06594202898550725 0.01375
0 1.3405797101449275 0.4058333333333333 0.26666666666666666 0.01125
0 1.3405797101449275 0.38916666666666666 0.3079710144927536 0.01125
