0 0.04420289855072464 0.0125 0.1427536231884058 0.03333333333333333
0 0.050724637681159424 0.11625 0.5369565217391304 0.01125
0 0.05144927536231884 0.4270833333333333 0.13333333333333333 0.028333333333333332
0 0.05144927536231884 0.27375 0.1427536231884058 0.028333333333333332
0 0.05144927536231884 0.1375 0.14855072463768115 0.028333333333333332
0 0.05217391304347826 0.4058333333333333 0.29492753623188406 0.01125
0 0.05217391304347826 0.38916666666666666 0.263768115942029 0.01125
0 0.05217391304347826 0.36333333333333334 0.07608695652173914 0.011666666666666667
0 0.05217391304347826 0.2529166666666667 0.5202898550724637 0.01125
0 0.05289855072463768 0.22708333333333333 0.08478260869565217 0.01375
0 0.05289855072463768 0.09083333333333334 0.07971014492753623 0.01375
0 0.20434782608695654 0.0125 0.15579710144927536 0.03333333333333333
0 0.48043478260869565 0.36375 0.08188405797101449 0.01125
0 0.4811594202898551 0.4270833333333333 0.14782608695652175 0.028333333333333332
0 0.4811594202898551 0.4058333333333333 0.2811594202898551 0.01125
0 0.4811594202898551 0.38916666666666666 0.2217391304347826 0.01125
0 0.9108695652173913 0.4270833333333333 0.14202898550724638 0.028333333333333332
0 0.9108695652173913 0.4058333333333333 0.18188405797101448 0.01125
0 0.9108695652173913 0.38916666666666666 0.3333333333333333 0.01125
0 0.9123188405797101 0.36375 0.07173913043478261 0.01375
0 0.9159420289855073 0.27375 0.1391304347826087 0.028333333333333332
0 0.9173913043478261 0.2529166666666667 0.5202898550724637 0.01125
0 0.9181159420289855 0.22708333333333333 0.07101449275362319 0.01375
0 1.3398550724637681 0.4270833333333333 0.1318840579710145 0.028333333333333332
0 1.3398550724637681 0.36375 0.06594202898550725 0.01125
0 1.3405797101449275 0.4058333333333333 0.18333333333333332 0.01125
0 1.3405797101449275 0.38916666666666666 0.3130434782608696 0.01125
