0 0.04420289855072464 0.0125 0.13405797101449277 0.03333333333333333
0 0.05144927536231884 0.4270833333333333 0.13623188405797101 0.028333333333333332
0 0.05144927536231884 0.4058333333333333 0.5811594202898551 0.01125
0 0.05144927536231884 0.29041666666666666 0.13840579710144926 0.028333333333333332
0 0.05144927536231884 0.1375 0.14202898550724638 0.028333333333333332
0 0.05144927536231884 0.11625 0.5014492753623189 0.01125
0 0.05217391304347826 0.38 0.06884057971014493 0.014166666666666666
0 0.05217391304347826 0.22666666666666666 0.0644927536231884 0.014166666666666666
0 0.05289855072463768 0.26958333333333334 0.30869565217391304 0.01125
0 0.05289855072463768 0.2529166666666667 0.25579710144927537 0.01125
0 0.05289855072463768 0.09083333333333334 0.07391304347826087 0.01375
0 0.05507246376811594 0.38333333333333336 0.017391304347826087 0.004166666666666667
0 0.1956521739130435 0.0125 0.15144927536231884 0.03333333333333333
0 0.3644927536231884 0.0125 0.15072463768115943 0.03333333333333333
0 0.4811594202898551 0.29041666666666666 0.13478260869565217 0.028333333333333332
0 0.4811594202898551 0.26958333333333334 0.1826086956521739 0.01125
0 0.48188405797101447 0.2529166666666667 0.3 0.01125
0 0.4826086956521739 0.22708333333333333 0.07391304347826087 0.01375
0 0.9108695652173913 0.29041666666666666 0.1608695652173913 0.028333333333333332
0 0.9108695652173913 0.26958333333333334 0.3318840579710145 0.01125
0 0.9108695652173913 0.2529166666666667 0.2036231884057971 0.01125
0 0.9123188405797101 0.22708333333333333 0.058695652173913045 0.01375
0 0.9159420289855073 0.1375 0.15289855072463768 0.028333333333333332
0 0.9159420289855073 0.09083333333333334 0.06811594202898551 0.01375
0 0.9166666666666666 0.11625 0.5398550724637681 0.01125
0 1.3398550724637681 0.29041666666666666 0.1463768115942029 0.028333333333333332
0 1.3405797101449275 0.2529166666666667 0.28043478260869564 0.01125
0 1.3413043478260869 0.26958333333333334 0.2688405797101449 0.01125
0 1.3413043478260869 0.22708333333333333 0.06159420289855073 0.01375
