0 0.04420289855072464 0.0125 0.14492753623188406 0.03333333333333333
0 0.05144927536231884 0.4270833333333333 0.14202898550724638 0.028333333333333332
0 0.05144927536231884 0.4058333333333333 0.13623188405797101 0.01125
0 0.05144927536231884 0.27375 0.14782608695652175 0.028333333333333332
0 0.05144927536231884 0.2529166666666667 0.5557971014492754 0.01125
0 0.05144927536231884 0.22708333333333333 0.07608695652173914 0.010833333333333334
0 0.05144927536231884 0.1375 0.13768115942028986 0.028333333333333332
0 0.05144927536231884 0.09083333333333334 0.07101449275362319 0.010833333333333334
0 0.05289855072463768 0.38916666666666666 0.39420289855072466 0.01125
0 0.05289855072463768 0.36375 0.08333333333333333 0.010833333333333334
0 0.05289855072463768 0.11625 0.5442028985507247 0.01125
0 0.20652173913043478 0.0125 0.15 0.03333333333333333
0 0.3739130434782609 0.0125 0.15 0.03333333333333333
0 0.4811594202898551 0.4270833333333333 0.13115942028985508 0.028333333333333332
0 0.48188405797101447 0.4058333333333333 0.2108695652173913 0.01125
0 0.48188405797101447 0.38916666666666666 0.33115942028985507 0.01125
0 0.4826086956521739 0.36375 0.07681159420289856 0.01375
0 0.5413043478260869 0.0125 0.16014492753623188 0.03333333333333333
0 0.7188405797101449 0.0125 0.1355072463768116 0.03333333333333333
0 0.9108695652173913 0.4270833333333333 0.1427536231884058 0.028333333333333332
0 0.9108695652173913 0.4058333333333333 0.28043478260869564 0.01125
0 0.9108695652173913 0.38916666666666666 0.25579710144927537 0.01125
0 0.9123188405797101 0.36375 0.05507246376811594 0.01375
0 0.9159420289855073 0.27375 0.13260869565217392 0.028333333333333332
0 0.9166666666666666 0.2529166666666667 0.5420289855072464 0.01125
0 0.9181159420289855 0.22708333333333333 0.0644927536231884 0.010833333333333334
0 1.3398550724637681 0.4270833333333333 0.14420289855072463 0.028333333333333332
0 1.3405797101449275 0.4058333333333333 0.3355072463768116 0.01125
0 1.3413043478260869 0.38916666666666666 0.19420289855072465 0.01125
0 1.3420289855072465 0.36375 0.07028985507246377 0.010833333333333334
