0 0.04420289855072464 0.0125 0.14855072463768115 0.03333333333333333
0 0.05144927536231884 0.44375 0.14202898550724638 0.028333333333333332
0 0.05144927536231884 0.3070833333333333 0.14492753623188406 0.028333333333333332
0 0.05144927536231884 0.15416666666666667 0.1427536231884058 0.028333333333333332
0 0.05144927536231884 0.11625 0.3282608695652174 0.01125
0 0.05144927536231884 0.09083333333333334 0.050724637681159424 0.010833333333333334
0 0.05217391304347826 0.4225 0.5717391304347826 0.01125
0 0.05217391304347826 0.13291666666666666 0.24855072463768116 0.01125
0 0.05289855072463768 0.39708333333333334 0.08333333333333333 0.01375
0 0.05289855072463768 0.28625 0.5036231884057971 0.01125
0 0.05289855072463768 0.2604166666666667 0.06666666666666667 0.01375
0 0.21014492753623187 0.0125 0.1608695652173913 0.03333333333333333
0 0.48043478260869565 0.09083333333333334 0.07173913043478261 0.010833333333333334
0 0.4811594202898551 0.17083333333333334 0.13405797101449277 0.028333333333333332
0 0.4811594202898551 0.14958333333333335 0.1108695652173913 0.01125
0 0.4811594202898551 0.13291666666666666 0.3492753623188406 0.01125
0 0.4811594202898551 0.11625 0.08043478260869565 0.00875
0 0.9108695652173913 0.15416666666666667 0.14057971014492754 0.028333333333333332
0 0.9115942028985508 0.13291666666666666 0.18840579710144928 0.01125
0 0.9115942028985508 0.11625 0.2985507246376812 0.01125
0 0.9123188405797101 0.09083333333333334 0.08043478260869565 0.01125
0 0.9159420289855073 0.44375 0.1471014492753623 0.028333333333333332
0 0.9173913043478261 0.4225 0.5594202898550724 0.01125
0 0.9181159420289855 0.39708333333333334 0.0572463768115942 0.01375
0 1.3398550724637681 0.15416666666666667 0.13478260869565217 0.028333333333333332
0 1.3398550724637681 0.09083333333333334 0.07391304347826087 0.01375
0 1.3405797101449275 0.11625 0.3210144927536232 0.01125
0 1.3413043478260869 0.13291666666666666 0.20942028985507247 0.01125
