0 0.04420289855072464 0.0125 0.12753623188405797 0.03333333333333333
0 0.050724637681159424 0.2529166666666667 0.5115942028985507 0.01125
0 0.05144927536231884 0.4270833333333333 0.13623188405797101 0.028333333333333332
0 0.05144927536231884 0.27375 0.14202898550724638 0.028333333333333332
0 0.05144927536231884 0.1375 0.14420289855072463 0.028333333333333332
0 0.05217391304347826 0.38916666666666666 0.3347826086956522 0.01125
0 0.05217391304347826 0.36333333333333334 0.06521739130434782 0.011666666666666667
0 0.05217391304347826 0.11625 0.5528985507246377 0.01125
0 0.05289855072463768 0.4058333333333333 0.22246376811594204 0.01125
0 0.05289855072463768 0.22708333333333333 0.06376811594202898 0.01375
0 0.05289855072463768 0.09083333333333334 0.08623188405797101 0.01375
0 0.1891304347826087 0.0125 0.15942028985507245 0.03333333333333333
0 0.36594202898550726 0.0125 0.14565217391304347 0.03333333333333333
0 0.4811594202898551 0.4270833333333333 0.14782608695652175 0.028333333333333332
0 0.4811594202898551 0.4058333333333333 0.2710144927536232 0.01125
0 0.48188405797101447 0.38916666666666666 0.26594202898550723 0.01125
0 0.48188405797101447 0.36333333333333334 0.0644927536231884 0.012083333333333333
0 0.9101449275362319 0.38916666666666666 0.3333333333333333 0.01125
0 0.9108695652173913 0.4270833333333333 0.1536231884057971 0.028333333333333332
0 0.9108695652173913 0.36375 0.06884057971014493 0.010833333333333334
0 0.9115942028985508 0.4058333333333333 0.18840579710144928 0.01125
0 0.9159420289855073 0.27375 0.1398550724637681 0.028333333333333332
0 0.9159420289855073 0.22708333333333333 0.07898550724637682 0.01375
0 0.9159420289855073 0.1375 0.1427536231884058 0.028333333333333332
0 0.9159420289855073 0.11625 0.5043478260869565 0.01125
0 0.9166666666666666 0.2529166666666667 0.5260869565217391 0.01125
0 0.9173913043478261 0.09041666666666667 0.08188405797101449 0.011666666666666667
0 1.3398550724637681 0.4270833333333333 0.15289855072463768 0.028333333333333332
0 1.3398550724637681 0.4058333333333333 0.2326086956521739 0.01125
0 1.3398550724637681 0.38916666666666666 0.3173913043478261 0.01125
0 1.3420289855072465 0.36375 0.06376811594202898 0.010833333333333334
