0 0.04420289855072464 0.0125 0.14855072463768115 0.03333333333333333
0 0.05144927536231884 0.15416666666666667 0.13623188405797101 0.028333333333333332
0 0.05144927536231884 0.13291666666666666 0.3159420289855073 0.01125
0 0.05217391304347826 0.11625 0.23550724637681159 0.01125
0 0.05289855072463768 0.09083333333333334 0.043478260869565216 0.01375
0 0.21014492753623187 0.0125 0.16231884057971013 0.03333333333333333
0 0.3898550724637681 0.0125 0.15072463768115943 0.03333333333333333
0 0.4811594202898551 0.15416666666666667 0.1289855072463768 0.028333333333333332
0 0.48188405797101447 0.13291666666666666 0.2811594202898551 0.01125
0 0.48188405797101447 0.11625 0.2217391304347826 0.01125
0 0.4826086956521739 0.09083333333333334 0.07753623188405798 0.01375
0 0.5579710144927537 0.0125 0.1463768115942029 0.03333333333333333
0 0.9108695652173913 0.15416666666666667 0.13840579710144926 0.028333333333333332
0 0.9108695652173913 0.11625 0.24782608695652175 0.01125
0 0.9108695652173913 0.09041666666666667 0.06594202898550725 0.014166666666666666
0 0.9115942028985508 0.13291666666666666 0.31376811594202897 0.01125
0 1.3398550724637681 0.15416666666666667 0.13333333333333333 0.028333333333333332
0 1.3398550724637681 0.11625 0.33043478260869563 0.01125
0 1.3405797101449275 0.09041666666666667 0.06376811594202898 0.014166666666666666
0 1.3413043478260869 0.13291666666666666 0.19057971014492753 0.01125
