0 0.04420289855072464 0.0125 0.15 0.03333333333333333
0 0.05144927536231884 0.44375 0.13623188405797101 0.028333333333333332
0 0.05144927536231884 0.3070833333333333 0.13478260869565217 0.028333333333333332
0 0.05144927536231884 0.2604166666666667 0.06956521739130435 0.01125
0 0.05144927536231884 0.17083333333333334 0.13333333333333333 0.028333333333333332
0 0.05144927536231884 0.13291666666666666 0.27608695652173915 0.01125
0 0.05144927536231884 0.11625 0.19057971014492753 0.01125
0 0.05217391304347826 0.4225 0.5847826086956521 0.01125
0 0.05217391304347826 0.28625 0.5420289855072464 0.01125
0 0.05289855072463768 0.39708333333333334 0.05289855072463768 0.01375
0 0.05289855072463768 0.14958333333333335 0.07028985507246377 0.00875
0 0.05289855072463768 0.09083333333333334 0.06739130434782609 0.01375
0 0.21159420289855072 0.0125 0.15144927536231884 0.03333333333333333
0 0.3804347826086957 0.0125 0.14130434782608695 0.03333333333333333
0 0.4811594202898551 0.15416666666666667 0.1492753623188406 0.028333333333333332
0 0.4811594202898551 0.09083333333333334 0.06231884057971015 0.010833333333333334
0 0.48188405797101447 0.13291666666666666 0.4 0.01125
0 0.48188405797101447 0.11625 0.14130434782608695 0.01125
0 0.5391304347826087 0.0125 0.1536231884057971 0.03333333333333333
0 0.9101449275362319 0.09083333333333334 0.06594202898550725 0.010833333333333334
0 0.9108695652173913 0.15416666666666667 0.13115942028985508 0.028333333333333332
0 0.9108695652173913 0.13291666666666666 0.19927536231884058 0.01125
0 0.9108695652173913 0.11625 0.3318840579710145 0.01125
0 1.3398550724637681 0.15416666666666667 0.16014492753623188 0.028333333333333332
0 1.3398550724637681 0.13291666666666666 0.1753623188405797 0.00875
0 1.3398550724637681 0.11625 0.34492753623188405 0.01125
0 1.3420289855072465 0.09083333333333334 0.07173913043478261 0.010833333333333334
