0 0.04420289855072464 0.0125 0.14855072463768115 0.03333333333333333
0 0.05144927536231884 0.4270833333333333 0.12753623188405797 0.028333333333333332
0 0.05144927536231884 0.38916666666666666 0.31231884057971016 0.01125
0 0.05144927536231884 0.27375 0.14565217391304347 0.028333333333333332
0 0.05144927536231884 0.2529166666666667 0.5268115942028986 0.01125
0 0.05144927536231884 0.1375 0.14202898550724638 0.028333333333333332
0 0.05144927536231884 0.09083333333333334 0.07536231884057971 0.01375
0 0.05217391304347826 0.36333333333333334 0.0927536231884058 0.014166666666666666
0 0.05217391304347826 0.11625 0.5514492753623188 0.01125
0 0.05289855072463768 0.4058333333333333 0.23695652173913043 0.01125
0 0.05289855072463768 0.22708333333333333 0.0644927536231884 0.01375
0 0.21014492753623187 0.0125 0.15434782608695652 0.03333333333333333
0 0.4811594202898551 0.4270833333333333 0.14057971014492754 0.028333333333333332
0 0.4811594202898551 0.4058333333333333 0.20797101449275363 0.01125
0 0.4811594202898551 0.38916666666666666 0.33405797101449275 0.01125
0 0.4826086956521739 0.36375 0.07318840579710145 0.01375
0 0.9108695652173913 0.4270833333333333 0.14420289855072463 0.028333333333333332
0 0.9115942028985508 0.4058333333333333 0.2318840579710145 0.01125
0 0.9115942028985508 0.38916666666666666 0.3007246376811594 0.01125
0 0.9123188405797101 0.36375 0.07681159420289856 0.01375
0 0.9159420289855073 0.27375 0.14202898550724638 0.028333333333333332
0 0.9173913043478261 0.2529166666666667 0.5710144927536231 0.01125
0 0.9181159420289855 0.22708333333333333 0.05652173913043478 0.01375
0 1.3398550724637681 0.4270833333333333 0.13043478260869565 0.028333333333333332
0 1.3398550724637681 0.38916666666666666 0.24710144927536232 0.01125
0 1.3405797101449275 0.4058333333333333 0.26956521739130435 0.01125
0 1.3413043478260869 0.36375 0.06521739130434782 0.01125
