0 0.04420289855072464 0.0125 0.16304347826086957 0.03333333333333333
0 0.05144927536231884 0.15416666666666667 0.14565217391304347 0.028333333333333332
0 0.05217391304347826 0.13291666666666666 0.24710144927536232 0.01125
0 0.05217391304347826 0.11625 0.2811594202898551 0.01125
0 0.05289855072463768 0.09083333333333334 0.06159420289855073 0.01125
0 0.2246376811594203 0.0125 0.13623188405797101 0.03333333333333333
0 0.3782608695652174 0.0125 0.1608695652173913 0.03333333333333333
0 0.4811594202898551 0.15416666666666667 0.12753623188405797 0.028333333333333332
0 0.4811594202898551 0.13291666666666666 0.2898550724637681 0.01125
0 0.48188405797101447 0.11625 0.2565217391304348 0.01125
0 0.48188405797101447 0.09041666666666667 0.0782608695652174 0.014166666666666666
0 0.5565217391304348 0.0125 0.1463768115942029 0.03333333333333333
0 0.9108695652173913 0.15416666666666667 0.14130434782608695 0.028333333333333332
0 0.9108695652173913 0.13291666666666666 0.1934782608695652 0.01125
0 0.9115942028985508 0.11625 0.32971014492753625 0.01125
0 0.9123188405797101 0.09083333333333334 0.06666666666666667 0.01375
0 1.3398550724637681 0.15416666666666667 0.15 0.028333333333333332
0 1.3398550724637681 0.13291666666666666 0.1782608695652174 0.01125
0 1.3413043478260869 0.11625 0.31666666666666665 0.01125
0 1.3420289855072465 0.09083333333333334 0.059420289855072465 0.01375
