0 0.04420289855072464 0.0125 0.13768115942028986 0.03333333333333333
0 0.05144927536231884 0.4270833333333333 0.11956521739130435 0.028333333333333332
0 0.05144927536231884 0.4058333333333333 0.5376811594202898 0.01125
0 0.05144927536231884 0.29041666666666666 0.13478260869565217 0.028333333333333332
0 0.05144927536231884 0.15416666666666667 0.13405797101449277 0.028333333333333332
0 0.05144927536231884 0.13291666666666666 0.2702898550724638 0.01125
0 0.05217391304347826 0.26958333333333334 0.5260869565217391 0.01125
0 0.05217391304347826 0.11625 0.2811594202898551 0.01125
0 0.05289855072463768 0.3804166666666667 0.07246376811594203 0.01375
0 0.05289855072463768 0.24375 0.05144927536231884 0.01125
0 0.05289855072463768 0.09083333333333334 0.06811594202898551 0.010833333333333334
0 0.19927536231884058 0.0125 0.15289855072463768 0.03333333333333333
0 0.4811594202898551 0.15416666666666667 0.14492753623188406 0.028333333333333332
0 0.4811594202898551 0.11625 0.34057971014492755 0.01125
0 0.48188405797101447 0.13291666666666666 0.19202898550724637 0.01125
0 0.4826086956521739 0.09083333333333334 0.06956521739130435 0.010833333333333334
0 0.9108695652173913 0.15416666666666667 0.14202898550724638 0.028333333333333332
0 0.9108695652173913 0.13291666666666666 0.20579710144927535 0.01125
0 0.9108695652173913 0.11625 0.32608695652173914 0.01125
0 0.9123188405797101 0.09083333333333334 0.06159420289855073 0.010833333333333334
0 0.9159420289855073 0.4270833333333333 0.14420289855072463 0.028333333333333332
0 0.9173913043478261 0.4058333333333333 0.5608695652173913 0.01125
0 0.9173913043478261 0.38 0.058695652173913045 0.011666666666666667
0 1.3398550724637681 0.15416666666666667 0.1318840579710145 0.028333333333333332
0 1.3398550724637681 0.11625 0.3355072463768116 0.01125
0 1.3413043478260869 0.13291666666666666 0.12681159420289856 0.01125
0 1.3420289855072465 0.09083333333333334 0.06884057971014493 0.01375
