0 0.04420289855072464 0.0125 0.14347826086956522 0.03333333333333333
0 0.05144927536231884 0.4270833333333333 0.1289855072463768 0.028333333333333332
0 0.05144927536231884 0.27375 0.12971014492753624 0.028333333333333332
0 0.05144927536231884 0.22708333333333333 0.07681159420289856 0.01125
0 0.05144927536231884 0.1375 0.12608695652173912 0.028333333333333332
0 0.05217391304347826 0.38916666666666666 0.32971014492753625 0.01125
0 0.05217391304347826 0.2529166666666667 0.5826086956521739 0.01125
0 0.05217391304347826 0.11625 0.5376811594202898 0.01125
0 0.05289855072463768 0.4058333333333333 0.19420289855072465 0.01125
0 0.05289855072463768 0.36375 0.06884057971014493 0.01375
0 0.05289855072463768 0.09083333333333334 0.06666666666666667 0.01375
0 0.20507246376811594 0.0125 0.1471014492753623 0.03333333333333333
0 0.4811594202898551 0.4270833333333333 0.13043478260869565 0.028333333333333332
0 0.4811594202898551 0.4058333333333333 0.18768115942028984 0.01125
0 0.48188405797101447 0.38916666666666666 0.32681159420289857 0.01125
0 0.4826086956521739 0.36375 0.08405797101449275 0.01375
0 0.9108695652173913 0.4270833333333333 0.1391304347826087 0.028333333333333332
0 0.9108695652173913 0.38916666666666666 0.27898550724637683 0.01125
0 0.9108695652173913 0.36333333333333334 0.0746376811594203 0.011666666666666667
0 0.9115942028985508 0.4058333333333333 0.26594202898550723 0.01125
0 0.9159420289855073 0.1375 0.1391304347826087 0.028333333333333332
0 0.9159420289855073 0.09083333333333334 0.07246376811594203 0.01375
0 0.9166666666666666 0.11625 0.5695652173913044 0.01125
0 1.3398550724637681 0.4270833333333333 0.1463768115942029 0.028333333333333332
0 1.3398550724637681 0.36375 0.06376811594202898 0.01375
0 1.3413043478260869 0.4058333333333333 0.1673913043478261 0.01125
0 1.3413043478260869 0.38916666666666666 0.3384057971014493 0.01125
