0 0.04420289855072464 0.0125 0.13478260869565217 0.03333333333333333
0 0.05144927536231884 0.4270833333333333 0.12971014492753624 0.028333333333333332
0 0.05144927536231884 0.4058333333333333 0.2579710144927536 0.01125
0 0.05144927536231884 0.38916666666666666 0.26594202898550723 0.01125
0 0.05144927536231884 0.36375 0.08478260869565217 0.01375
0 0.05144927536231884 0.27375 0.14492753623188406 0.028333333333333332
0 0.05144927536231884 0.1375 0.15507246376811595 0.028333333333333332
0 0.05144927536231884 0.11625 0.5434782608695652 0.01125
0 0.05144927536231884 0.09083333333333334 0.05289855072463768 0.01375
0 0.05217391304347826 0.2529166666666667 0.5202898550724637 0.01125
0 0.05289855072463768 0.22708333333333333 0.06376811594202898 0.010833333333333334
0 0.1963768115942029 0.0125 0.12246376811594203 0.03333333333333333
0 0.336231884057971 0.0125 0.15942028985507245 0.03333333333333333
0 0.48043478260869565 0.36375 0.07608695652173914 0.01375
0 0.4811594202898551 0.4270833333333333 0.11956521739130435 0.028333333333333332
0 0.4811594202898551 0.4058333333333333 0.213768115942029 0.01125
0 0.4811594202898551 0.38916666666666666 0.322463768115942 0.01125
0 0.5130434782608696 0.0125 0.16666666666666666 0.03333333333333333
0 0.9108695652173913 0.4270833333333333 0.15289855072463768 0.028333333333333332
0 0.9108695652173913 0.38916666666666666 0.336231884057971 0.01125
0 0.9115942028985508 0.4058333333333333 0.24420289855072463 0.01125
0 0.9115942028985508 0.36333333333333334 0.07101449275362319 0.014166666666666666
0 0.9159420289855073 0.27375 0.14347826086956522 0.028333333333333332
0 0.9159420289855073 0.22708333333333333 0.06811594202898551 0.010833333333333334
0 0.9173913043478261 0.2529166666666667 0.5210144927536232 0.01125
0 1.3398550724637681 0.4270833333333333 0.1427536231884058 0.028333333333333332
0 1.3398550724637681 0.38916666666666666 0.3239130434782609 0.01125
0 1.3405797101449275 0.4058333333333333 0.1927536231884058 0.01125
0 1.3420289855072465 0.36375 0.06159420289855073 0.01375
