0 0.04420289855072464 0.0125 0.14565217391304347 0.03333333333333333
0 0.05144927536231884 0.3070833333333333 0.13115942028985508 0.028333333333333332
0 0.05144927536231884 0.26958333333333334 0.2898550724637681 0.01125
0 0.05144927536231884 0.24375 0.06594202898550725 0.01375
0 0.05144927536231884 0.15416666666666667 0.1492753623188406 0.028333333333333332
0 0.05144927536231884 0.13291666666666666 0.22753623188405797 0.01125
0 0.05144927536231884 0.11625 0.3101449275362319 0.01125
0 0.05217391304347826 0.28625 0.24057971014492754 0.01125
0 0.05217391304347826 0.09083333333333334 0.06376811594202898 0.010833333333333334
0 0.2072463768115942 0.0125 0.1565217391304348 0.03333333333333333
0 0.38115942028985506 0.0125 0.16231884057971013 0.03333333333333333
0 0.4811594202898551 0.3070833333333333 0.14347826086956522 0.028333333333333332
0 0.4811594202898551 0.28625 0.3471014492753623 0.01125
0 0.4811594202898551 0.26958333333333334 0.21594202898550724 0.01125
0 0.4811594202898551 0.15416666666666667 0.14855072463768115 0.028333333333333332
0 0.4811594202898551 0.11625 0.32028985507246377 0.01125
0 0.4811594202898551 0.09083333333333334 0.06304347826086956 0.010833333333333334
0 0.48188405797101447 0.13291666666666666 0.21594202898550724 0.01125
0 0.4826086956521739 0.24375 0.07318840579710145 0.01375
0 0.5608695652173913 0.0125 0.13768115942028986 0.03333333333333333
0 0.7159420289855073 0.0125 0.14492753623188406 0.03333333333333333
0 0.9108695652173913 0.3070833333333333 0.16376811594202897 0.028333333333333332
0 0.9108695652173913 0.15416666666666667 0.12318840579710146 0.028333333333333332
0 0.9108695652173913 0.11625 0.21231884057971015 0.01125
0 0.9115942028985508 0.28625 0.21956521739130436 0.01125
0 0.9115942028985508 0.26958333333333334 0.29927536231884055 0.01125
0 0.9115942028985508 0.13291666666666666 0.2514492753623188 0.01125
0 0.9123188405797101 0.24375 0.05434782608695652 0.01375
0 0.9123188405797101 0.09083333333333334 0.07971014492753623 0.010833333333333334
0 1.3398550724637681 0.3070833333333333 0.14347826086956522 0.028333333333333332
0 1.3398550724637681 0.15416666666666667 0.14130434782608695 0.028333333333333332
0 1.3398550724637681 0.13291666666666666 0.22753623188405797 0.01125
0 1.3398550724637681 0.09083333333333334 0.08043478260869565 0.010833333333333334
0 1.3405797101449275 0.24333333333333335 0.060144927536231886 0.014166666666666666
0 1.3405797101449275 0.11625 0.30217391304347824 0.01125
0 1.3413043478260869 0.28625 0.20652173913043478 0.01125
0 1.3413043478260869 0.26958333333333334 0.3318840579710145 0.01125
