0 0.04420289855072464 0.0125 0.1681159420289855 0.03333333333333333
0 0.05144927536231884 0.4270833333333333 0.12608695652173912 0.028333333333333332
0 0.05144927536231884 0.38916666666666666 0.2463768115942029 0.01125
0 0.05144927536231884 0.27375 0.12681159420289856 0.028333333333333332
0 0.05144927536231884 0.1375 0.1471014492753623 0.028333333333333332
0 0.05217391304347826 0.4058333333333333 0.26666666666666666 0.01125
0 0.05217391304347826 0.11625 0.518840579710145 0.01125
0 0.05289855072463768 0.36375 0.06594202898550725 0.01375
0 0.05289855072463768 0.2529166666666667 0.5144927536231884 0.01125
0 0.05289855072463768 0.22708333333333333 0.07753623188405798 0.010833333333333334
0 0.05289855072463768 0.09083333333333334 0.057971014492753624 0.010833333333333334
0 0.22971014492753622 0.0125 0.17246376811594202 0.03333333333333333
0 0.41956521739130437 0.0125 0.15072463768115943 0.03333333333333333
0 0.4811594202898551 0.4270833333333333 0.13405797101449277 0.028333333333333332
0 0.4811594202898551 0.38916666666666666 0.2942028985507246 0.01125
0 0.4811594202898551 0.36375 0.07101449275362319 0.01125
0 0.48188405797101447 0.4058333333333333 0.2398550724637681 0.01125
0 0.9108695652173913 0.4270833333333333 0.13333333333333333 0.028333333333333332
0 0.9108695652173913 0.38916666666666666 0.26594202898550723 0.01125
0 0.9115942028985508 0.4058333333333333 0.322463768115942 0.01125
0 0.9123188405797101 0.36375 0.06376811594202898 0.01375
0 0.9159420289855073 0.27375 0.1355072463768116 0.028333333333333332
0 0.9159420289855073 0.2529166666666667 0.5173913043478261 0.01125
0 0.9181159420289855 0.22708333333333333 0.06376811594202898 0.01375
0 1.3398550724637681 0.4270833333333333 0.13115942028985508 0.028333333333333332
0 1.3405797101449275 0.4058333333333333 0.26956521739130435 0.01125
0 1.3405797101449275 0.36333333333333334 0.07753623188405798 0.014166666666666666
0 1.3413043478260869 0.38916666666666666 0.2855072463768116 0.01125
