0 0.04420289855072464 0.0125 0.13478260869565217 0.03333333333333333
0 0.05144927536231884 0.4270833333333333 0.15144927536231884 0.028333333333333332
0 0.05144927536231884 0.38916666666666666 0.3173913043478261 0.01125
0 0.05144927536231884 0.36375 0.07028985507246377 0.01375
0 0.05144927536231884 0.27375 0.15144927536231884 0.028333333333333332
0 0.05144927536231884 0.2529166666666667 0.5456521739130434 0.01125
0 0.05144927536231884 0.1375 0.14057971014492754 0.028333333333333332
0 0.05144927536231884 0.09083333333333334 0.0782608695652174 0.010833333333333334
0 0.05217391304347826 0.4058333333333333 0.19202898550724637 0.01125
0 0.05217391304347826 0.22666666666666666 0.07246376811594203 0.014166666666666666
0 0.05217391304347826 0.11625 0.5579710144927537 0.01125
0 0.1963768115942029 0.0125 0.14420289855072463 0.03333333333333333
0 0.35797101449275365 0.0125 0.1681159420289855 0.03333333333333333
0 0.4811594202898551 0.4270833333333333 0.1398550724637681 0.028333333333333332
0 0.4811594202898551 0.4058333333333333 0.2572463768115942 0.01125
0 0.4811594202898551 0.38916666666666666 0.3036231884057971 0.01125
0 0.4826086956521739 0.36375 0.07536231884057971 0.01375
0 0.5434782608695652 0.0125 0.14202898550724638 0.03333333333333333
0 0.7028985507246377 0.0125 0.14855072463768115 0.03333333333333333
0 0.9108695652173913 0.4270833333333333 0.1398550724637681 0.028333333333333332
0 0.9108695652173913 0.38916666666666666 0.3471014492753623 0.01125
0 0.9108695652173913 0.36333333333333334 0.07028985507246377 0.011666666666666667
0 0.9115942028985508 0.4058333333333333 0.20144927536231885 0.01125
0 0.9159420289855073 0.27375 0.1492753623188406 0.028333333333333332
0 0.9159420289855073 0.22708333333333333 0.06594202898550725 0.010833333333333334
0 0.9166666666666666 0.2529166666666667 0.5442028985507247 0.01125
0 1.3398550724637681 0.4270833333333333 0.15579710144927536 0.028333333333333332
0 1.3405797101449275 0.4058333333333333 0.19492753623188405 0.01125
0 1.3413043478260869 0.38916666666666666 0.34057971014492755 0.01125
0 1.3420289855072465 0.36375 0.0536231884057971 0.010833333333333334
