0 0.04420289855072464 0.0125 0.15434782608695652 0.03333333333333333
0 0.05144927536231884 0.4270833333333333 0.1355072463768116 0.028333333333333332
0 0.05144927536231884 0.29041666666666666 0.13405797101449277 0.028333333333333332
0 0.05144927536231884 0.24375 0.07318840579710145 0.01375
0 0.05144927536231884 0.15416666666666667 0.13695652173913042 0.028333333333333332
0 0.05144927536231884 0.13291666666666666 0.2398550724637681 0.01125
0 0.05217391304347826 0.26958333333333334 0.5144927536231884 0.01125
0 0.05289855072463768 0.4058333333333333 0.5405797101449276 0.01125
0 0.05289855072463768 0.3804166666666667 0.08333333333333333 0.01375
0 0.05289855072463768 0.11625 0.2463768115942029 0.01125
0 0.05289855072463768 0.09083333333333334 0.07173913043478261 0.010833333333333334
0 0.21594202898550724 0.0125 0.15 0.03333333333333333
0 0.38333333333333336 0.0125 0.15144927536231884 0.03333333333333333
0 0.48043478260869565 0.11625 0.3391304347826087 0.01125
0 0.4811594202898551 0.15416666666666667 0.14420289855072463 0.028333333333333332
0 0.4811594202898551 0.13291666666666666 0.19855072463768117 0.01125
0 0.4826086956521739 0.09083333333333334 0.07898550724637682 0.01375
0 0.9108695652173913 0.15416666666666667 0.13405797101449277 0.028333333333333332
0 0.9108695652173913 0.13291666666666666 0.34782608695652173 0.01125
0 0.9108695652173913 0.09083333333333334 0.07101449275362319 0.01125
0 0.9115942028985508 0.11625 0.1927536231884058 0.01125
0 0.9159420289855073 0.4270833333333333 0.1282608695652174 0.028333333333333332
0 0.9166666666666666 0.4058333333333333 0.5347826086956522 0.01125
0 0.9181159420289855 0.3804166666666667 0.06956521739130435 0.01375
0 1.3398550724637681 0.15416666666666667 0.15072463768115943 0.028333333333333332
0 1.3405797101449275 0.13291666666666666 0.18768115942028984 0.01125
0 1.3405797101449275 0.11625 0.34347826086956523 0.01125
0 1.3420289855072465 0.09083333333333334 0.06884057971014493 0.010833333333333334
