0 0.04420289855072464 0.0125 0.14782608695652175 0.03333333333333333
0 0.05144927536231884 0.44375 0.14565217391304347 0.028333333333333332
0 0.05144927536231884 0.4225 0.5384057971014493 0.01125
0 0.05144927536231884 0.29041666666666666 0.1565217391304348 0.028333333333333332
0 0.05144927536231884 0.2529166666666667 0.31231884057971016 0.01125
0 0.05144927536231884 0.1375 0.15072463768115943 0.028333333333333332
0 0.05217391304347826 0.26958333333333334 0.25072463768115943 0.01125
0 0.05217391304347826 0.11625 0.5318840579710145 0.01125
0 0.05217391304347826 0.09041666666666667 0.06159420289855073 0.011666666666666667
0 0.05289855072463768 0.39708333333333334 0.0746376811594203 0.010833333333333334
0 0.05289855072463768 0.22708333333333333 0.06956521739130435 0.010833333333333334
0 0.20942028985507247 0.0125 0.15507246376811595 0.03333333333333333
0 0.48043478260869565 0.22708333333333333 0.07028985507246377 0.01375
0 0.4811594202898551 0.29041666666666666 0.15144927536231884 0.028333333333333332
0 0.4811594202898551 0.26958333333333334 0.30579710144927535 0.01125
0 0.4811594202898551 0.2529166666666667 0.21231884057971015 0.01125
0 0.9108695652173913 0.3070833333333333 0.15579710144927536 0.028333333333333332
0 0.9108695652173913 0.28625 0.1 0.01125
0 0.9108695652173913 0.26958333333333334 0.3333333333333333 0.01125
0 0.9115942028985508 0.2529166666666667 0.07608695652173914 0.01125
0 0.9123188405797101 0.22708333333333333 0.08115942028985507 0.01125
0 0.9159420289855073 0.44375 0.15579710144927536 0.028333333333333332
0 0.9173913043478261 0.4225 0.5420289855072464 0.01125
0 0.9181159420289855 0.39708333333333334 0.06304347826086956 0.01375
0 1.3398550724637681 0.3070833333333333 0.13768115942028986 0.028333333333333332
0 1.3405797101449275 0.26958333333333334 0.30579710144927535 0.01125
0 1.3405797101449275 0.22666666666666666 0.06304347826086956 0.014166666666666666
0 1.3413043478260869 0.28625 0.04855072463768116 0.00875
0 1.3413043478260869 0.2529166666666667 0.18188405797101448 0.01125
