0 0.04420289855072464 0.0125 0.14565217391304347 0.03333333333333333
0 0.05144927536231884 0.4270833333333333 0.1355072463768116 0.028333333333333332
0 0.05144927536231884 0.4058333333333333 0.24202898550724639 0.01125
0 0.05144927536231884 0.36375 0.06521739130434782 0.01375
0 0.05144927536231884 0.27375 0.13405797101449277 0.028333333333333332
0 0.05144927536231884 0.1375 0.13623188405797101 0.028333333333333332
0 0.05144927536231884 0.09083333333333334 0.08043478260869565 0.01375
0 0.05217391304347826 0.38916666666666666 0.2514492753623188 0.01125
0 0.05289855072463768 0.2529166666666667 0.5014492753623189 0.01125
0 0.05289855072463768 0.22708333333333333 0.07608695652173914 0.01375
0 0.05289855072463768 0.11625 0.5746376811594203 0.01125
0 0.2072463768115942 0.0125 0.1427536231884058 0.03333333333333333
0 0.3673913043478261 0.0125 0.1463768115942029 0.03333333333333333
0 0.4811594202898551 0.4270833333333333 0.12101449275362319 0.028333333333333332
0 0.48188405797101447 0.4058333333333333 0.27753623188405796 0.01125
0 0.48188405797101447 0.38916666666666666 0.24057971014492754 0.01125
0 0.4826086956521739 0.36375 0.06521739130434782 0.01375
0 0.9108695652173913 0.4270833333333333 0.1492753623188406 0.028333333333333332
0 0.9108695652173913 0.4058333333333333 0.19130434782608696 0.01125
0 0.9108695652173913 0.38916666666666666 0.31956521739130433 0.01125
0 0.9123188405797101 0.36375 0.07246376811594203 0.01125
0 0.9159420289855073 0.27375 0.1463768115942029 0.028333333333333332
0 0.9159420289855073 0.22708333333333333 0.0746376811594203 0.01375
0 0.9166666666666666 0.2529166666666667 0.5340579710144927 0.01125
0 1.3398550724637681 0.4270833333333333 0.11521739130434783 0.028333333333333332
0 1.3405797101449275 0.36333333333333334 0.06884057971014493 0.012083333333333333
0 1.3413043478260869 0.4058333333333333 0.2797101449275362 0.01125
0 1.3413043478260869 0.38916666666666666 0.26014492753623186 0.01125
