0 0.04420289855072464 0.0125 0.1391304347826087 0.03333333333333333
0 0.05144927536231884 0.44375 0.14202898550724638 0.028333333333333332
0 0.05144927536231884 0.3070833333333333 0.13695652173913042 0.028333333333333332
0 0.05144927536231884 0.1375 0.1471014492753623 0.028333333333333332
0 0.05217391304347826 0.4225 0.5144927536231884 0.01125
0 0.05217391304347826 0.28625 0.1753623188405797 0.01125
0 0.05217391304347826 0.26958333333333334 0.29637681159420287 0.01125
0 0.05217391304347826 0.2554166666666667 0.07391304347826087 0.00625
0 0.05289855072463768 0.39708333333333334 0.06594202898550725 0.01375
0 0.05289855072463768 0.22708333333333333 0.06884057971014493 0.01125
0 0.05289855072463768 0.11625 0.5231884057971015 0.01125
0 0.05289855072463768 0.09083333333333334 0.06376811594202898 0.01375
0 0.20072463768115942 0.0125 0.15507246376811595 0.03333333333333333
0 0.4811594202898551 0.3070833333333333 0.1463768115942029 0.028333333333333332
0 0.4811594202898551 0.28625 0.1289855072463768 0.01125
0 0.4811594202898551 0.22708333333333333 0.07681159420289856 0.01375
0 0.48188405797101447 0.26958333333333334 0.2717391304347826 0.01125
0 0.48188405797101447 0.2529166666666667 0.14782608695652175 0.01125
0 0.9108695652173913 0.29041666666666666 0.1318840579710145 0.028333333333333332
0 0.9108695652173913 0.26958333333333334 0.28695652173913044 0.01125
0 0.9108695652173913 0.22708333333333333 0.07898550724637682 0.01125
0 0.9115942028985508 0.2529166666666667 0.25217391304347825 0.01125
0 0.9159420289855073 0.44375 0.13405797101449277 0.028333333333333332
0 0.9166666666666666 0.4225 0.5 0.01125
0 0.9173913043478261 0.39666666666666667 0.08333333333333333 0.011666666666666667
0 1.3398550724637681 0.29041666666666666 0.14202898550724638 0.028333333333333332
0 1.3405797101449275 0.2529166666666667 0.19057971014492753 0.01125
0 1.3413043478260869 0.26958333333333334 0.2833333333333333 0.01125
0 1.3420289855072465 0.22708333333333333 0.07246376811594203 0.010833333333333334
