0 0.04420289855072464 0.0125 0.1492753623188406 0.03333333333333333
0 0.05144927536231884 0.15416666666666667 0.1471014492753623 0.028333333333333332
0 0.05144927536231884 0.11625 0.1891304347826087 0.01125
0 0.05289855072463768 0.13291666666666666 0.3108695652173913 0.01125
0 0.05289855072463768 0.09083333333333334 0.06884057971014493 0.010833333333333334
0 0.2108695652173913 0.0125 0.13623188405797101 0.03333333333333333
0 0.3644927536231884 0.0125 0.15869565217391304 0.03333333333333333
0 0.4811594202898551 0.15416666666666667 0.14782608695652175 0.028333333333333332
0 0.4811594202898551 0.13291666666666666 0.29927536231884055 0.01125
0 0.48188405797101447 0.11625 0.2463768115942029 0.01125
0 0.4826086956521739 0.09083333333333334 0.0746376811594203 0.010833333333333334
0 0.9108695652173913 0.17083333333333334 0.13840579710144926 0.028333333333333332
0 0.9115942028985508 0.14958333333333335 0.09782608695652174 0.01125
0 0.9115942028985508 0.13291666666666666 0.3173913043478261 0.01125
0 0.9115942028985508 0.11625 0.10072463768115943 0.00875
0 0.9123188405797101 0.09083333333333334 0.07101449275362319 0.01375
0 1.3398550724637681 0.15416666666666667 0.14855072463768115 0.028333333333333332
0 1.3398550724637681 0.09083333333333334 0.07318840579710145 0.010833333333333334
0 1.3413043478260869 0.13291666666666666 0.24420289855072463 0.01125
0 1.3413043478260869 0.11625 0.3108695652173913 0.01125
