0 0.04420289855072464 0.0125 0.12173913043478261 0.03333333333333333
0 0.05144927536231884 0.4270833333333333 0.1355072463768116 0.028333333333333332
0 0.05144927536231884 0.4058333333333333 0.20579710144927535 0.01125
0 0.05144927536231884 0.36375 0.0572463768115942 0.010833333333333334
0 0.05144927536231884 0.27375 0.1427536231884058 0.028333333333333332
0 0.05144927536231884 0.2529166666666667 0.5420289855072464 0.01125
0 0.05144927536231884 0.1375 0.1572463768115942 0.028333333333333332
0 0.05144927536231884 0.09083333333333334 0.07898550724637682 0.01375
0 0.05217391304347826 0.38916666666666666 0.30217391304347824 0.01125
0 0.05217391304347826 0.11625 0.5384057971014493 0.01125
0 0.05289855072463768 0.22708333333333333 0.06739130434782609 0.010833333333333334
0 0.18333333333333332 0.0125 0.1608695652173913 0.03333333333333333
0 0.3615942028985507 0.0125 0.15289855072463768 0.03333333333333333
0 0.4811594202898551 0.4270833333333333 0.14565217391304347 0.028333333333333332
0 0.4811594202898551 0.4058333333333333 0.06231884057971015 0.00875
0 0.4811594202898551 0.38916666666666666 0.4007246376811594 0.01125
0 0.4826086956521739 0.36375 0.06086956521739131 0.01375
0 0.5318840579710145 0.0125 0.15144927536231884 0.03333333333333333
0 0.9108695652173913 0.4270833333333333 0.14130434782608695 0.028333333333333332
0 0.9108695652173913 0.4058333333333333 0.22753623188405797 0.01125
0 0.9108695652173913 0.38916666666666666 0.3181159420289855 0.01125
0 0.9115942028985508 0.36333333333333334 0.08405797101449275 0.014166666666666666
0 0.9144927536231884 0.36666666666666664 0.016666666666666666 0.004166666666666667
0 0.9159420289855073 0.27375 0.14347826086956522 0.028333333333333332
0 0.9166666666666666 0.2529166666666667 0.5210144927536232 0.01125
0 0.9181159420289855 0.22708333333333333 0.08188405797101449 0.01375
0 1.3398550724637681 0.4270833333333333 0.14347826086956522 0.028333333333333332
0 1.3405797101449275 0.4058333333333333 0.2920289855072464 0.01125
0 1.3413043478260869 0.38916666666666666 0.2608695652173913 0.01125
0 1.3420289855072465 0.36375 0.059420289855072465 0.010833333333333334
