0 0.04420289855072464 0.0125 0.15072463768115943 0.03333333333333333
0 0.05144927536231884 0.4270833333333333 0.14492753623188406 0.028333333333333332
0 0.05144927536231884 0.29041666666666666 0.12246376811594203 0.028333333333333332
0 0.05144927536231884 0.15416666666666667 0.14130434782608695 0.028333333333333332
0 0.05144927536231884 0.09083333333333334 0.07536231884057971 0.01375
0 0.05217391304347826 0.4058333333333333 0.5239130434782608 0.01125
0 0.05217391304347826 0.38 0.07173913043478261 0.012083333333333333
0 0.05217391304347826 0.26958333333333334 0.5369565217391304 0.01125
0 0.05217391304347826 0.11625 0.3289855072463768 0.01125
0 0.05289855072463768 0.24375 0.07391304347826087 0.01375
0 0.05289855072463768 0.13291666666666666 0.20144927536231885 0.01125
0 0.21231884057971015 0.0125 0.14130434782608695 0.03333333333333333
0 0.3710144927536232 0.0125 0.14855072463768115 0.03333333333333333
0 0.4811594202898551 0.15416666666666667 0.1398550724637681 0.028333333333333332
0 0.4811594202898551 0.13291666666666666 0.17101449275362318 0.01125
0 0.4811594202898551 0.11625 0.33115942028985507 0.01125
0 0.4826086956521739 0.09083333333333334 0.06159420289855073 0.01375
0 0.5369565217391304 0.0125 0.15579710144927536 0.03333333333333333
0 0.7101449275362319 0.0125 0.14782608695652175 0.03333333333333333
0 0.9101449275362319 0.11625 0.20579710144927535 0.01125
0 0.9108695652173913 0.15416666666666667 0.13333333333333333 0.028333333333333332
0 0.9108695652173913 0.13291666666666666 0.32971014492753625 0.01125
0 0.9115942028985508 0.09041666666666667 0.06304347826086956 0.011666666666666667
0 0.9159420289855073 0.4270833333333333 0.1492753623188406 0.028333333333333332
0 0.9166666666666666 0.4058333333333333 0.5666666666666667 0.01125
0 0.9181159420289855 0.3804166666666667 0.07101449275362319 0.010833333333333334
0 1.3398550724637681 0.15416666666666667 0.1536231884057971 0.028333333333333332
0 1.3398550724637681 0.11625 0.34782608695652173 0.01125
0 1.3405797101449275 0.13291666666666666 0.1673913043478261 0.01125
0 1.3420289855072465 0.09083333333333334 0.06811594202898551 0.01375
