0 0.04420289855072464 0.0125 0.1427536231884058 0.03333333333333333
0 0.050724637681159424 0.11625 0.3427536231884058 0.01125
0 0.05144927536231884 0.44375 0.1398550724637681 0.028333333333333332
0 0.05144927536231884 0.3070833333333333 0.12246376811594203 0.028333333333333332
0 0.05144927536231884 0.2604166666666667 0.08333333333333333 0.01125
0 0.05144927536231884 0.15416666666666667 0.15434782608695652 0.028333333333333332
0 0.05217391304347826 0.4225 0.5572463768115942 0.01125
0 0.05217391304347826 0.28625 0.5217391304347826 0.01125
0 0.05217391304347826 0.13291666666666666 0.1826086956521739 0.01125
0 0.05217391304347826 0.09083333333333334 0.057971014492753624 0.010833333333333334
0 0.05289855072463768 0.39708333333333334 0.06884057971014493 0.010833333333333334
0 0.20434782608695654 0.0125 0.14202898550724638 0.03333333333333333
0 0.36376811594202896 0.0125 0.1492753623188406 0.03333333333333333
0 0.4811594202898551 0.15416666666666667 0.15434782608695652 0.028333333333333332
0 0.4811594202898551 0.13291666666666666 0.23695652173913043 0.01125
0 0.48188405797101447 0.11625 0.3050724637681159 0.01125
0 0.4826086956521739 0.09083333333333334 0.0644927536231884 0.01375
0 0.9101449275362319 0.09083333333333334 0.08260869565217391 0.010833333333333334
0 0.9108695652173913 0.15416666666666667 0.12101449275362319 0.028333333333333332
0 0.9108695652173913 0.13291666666666666 0.2427536231884058 0.01125
0 0.9108695652173913 0.11625 0.3239130434782609 0.01125
0 0.9159420289855073 0.3070833333333333 0.13840579710144926 0.028333333333333332
0 0.9159420289855073 0.2604166666666667 0.07536231884057971 0.01375
0 0.9166666666666666 0.28625 0.5456521739130434 0.01125
0 1.3398550724637681 0.17083333333333334 0.14492753623188406 0.028333333333333332
0 1.3398550724637681 0.14958333333333335 0.12246376811594203 0.01125
0 1.3398550724637681 0.09083333333333334 0.058695652173913045 0.01375
0 1.3405797101449275 0.11625 0.13623188405797101 0.01125
0 1.3413043478260869 0.13291666666666666 0.2463768115942029 0.01125
