0 0.04420289855072464 0.0125 0.15072463768115943 0.03333333333333333
0 0.05144927536231884 0.44375 0.12246376811594203 0.028333333333333332
0 0.05144927536231884 0.39708333333333334 0.058695652173913045 0.010833333333333334
0 0.05144927536231884 0.3070833333333333 0.14057971014492754 0.028333333333333332
0 0.05144927536231884 0.17083333333333334 0.13478260869565217 0.028333333333333332
0 0.05217391304347826 0.4225 0.5543478260869565 0.01125
0 0.05217391304347826 0.28625 0.513768115942029 0.01125
0 0.05217391304347826 0.13291666666666666 0.23768115942028986 0.01125
0 0.05217391304347826 0.11625 0.1746376811594203 0.01125
0 0.05289855072463768 0.2604166666666667 0.06739130434782609 0.010833333333333334
0 0.05289855072463768 0.14958333333333335 0.12173913043478261 0.01125
0 0.05289855072463768 0.09083333333333334 0.07173913043478261 0.01375
0 0.21231884057971015 0.0125 0.15217391304347827 0.03333333333333333
0 0.3818840579710145 0.0125 0.1463768115942029 0.03333333333333333
0 0.4811594202898551 0.15416666666666667 0.14202898550724638 0.028333333333333332
0 0.4811594202898551 0.13291666666666666 0.22028985507246376 0.01125
0 0.4811594202898551 0.09083333333333334 0.07681159420289856 0.01375
0 0.48188405797101447 0.11625 0.30217391304347824 0.01125
0 0.5456521739130434 0.0125 0.15507246376811595 0.03333333333333333
0 0.7181159420289855 0.0125 0.13405797101449277 0.03333333333333333
0 0.9108695652173913 0.15416666666666667 0.1572463768115942 0.028333333333333332
0 0.9108695652173913 0.13291666666666666 0.2710144927536232 0.01125
0 0.9115942028985508 0.11625 0.2246376811594203 0.01125
0 0.9115942028985508 0.09041666666666667 0.060144927536231886 0.014166666666666666
0 0.9144927536231884 0.09375 0.016666666666666666 0.004166666666666667
0 0.9159420289855073 0.44375 0.1427536231884058 0.028333333333333332
0 0.9173913043478261 0.4225 0.5688405797101449 0.01125
0 0.9181159420289855 0.39708333333333334 0.06884057971014493 0.01375
0 1.3398550724637681 0.15416666666666667 0.13260869565217392 0.028333333333333332
0 1.3405797101449275 0.11625 0.21521739130434783 0.00875
0 1.3405797101449275 0.09041666666666667 0.06956521739130435 0.014166666666666666
0 1.3413043478260869 0.13291666666666666 0.29130434782608694 0.01125
