0 0.04420289855072464 0.0125 0.14202898550724638 0.03333333333333333
0 0.05144927536231884 0.4270833333333333 0.1391304347826087 0.028333333333333332
0 0.05144927536231884 0.27375 0.12971014492753624 0.028333333333333332
0 0.05144927536231884 0.1375 0.13478260869565217 0.028333333333333332
0 0.05217391304347826 0.4058333333333333 0.2985507246376812 0.01125
0 0.05217391304347826 0.38916666666666666 0.23405797101449274 0.01125
0 0.05217391304347826 0.2529166666666667 0.5565217391304348 0.01125
0 0.05217391304347826 0.09083333333333334 0.06521739130434782 0.01375
0 0.05289855072463768 0.36375 0.07101449275362319 0.01375
0 0.05289855072463768 0.22708333333333333 0.057971014492753624 0.01375
0 0.05289855072463768 0.11625 0.5333333333333333 0.01125
0 0.2036231884057971 0.0125 0.14347826086956522 0.03333333333333333
0 0.3644927536231884 0.0125 0.14347826086956522 0.03333333333333333
0 0.48043478260869565 0.36375 0.06666666666666667 0.01375
0 0.4811594202898551 0.4270833333333333 0.14492753623188406 0.028333333333333332
0 0.4811594202898551 0.38916666666666666 0.3427536231884058 0.01125
0 0.48188405797101447 0.4058333333333333 0.15579710144927536 0.01125
0 0.5253623188405797 0.0125 0.15 0.03333333333333333
0 0.9101449275362319 0.36375 0.08768115942028985 0.01375
0 0.9108695652173913 0.4270833333333333 0.13260869565217392 0.028333333333333332
0 0.9108695652173913 0.4058333333333333 0.23405797101449274 0.01125
0 0.9115942028985508 0.38916666666666666 0.2855072463768116 0.01125
0 0.9159420289855073 0.27375 0.13043478260869565 0.028333333333333332
0 0.9166666666666666 0.2529166666666667 0.5318840579710145 0.01125
0 0.9181159420289855 0.22708333333333333 0.05579710144927536 0.010833333333333334
0 1.3398550724637681 0.44375 0.1463768115942029 0.028333333333333332
0 1.3398550724637681 0.4225 0.05144927536231884 0.01125
0 1.3405797101449275 0.38916666666666666 0.13768115942028986 0.01125
0 1.3413043478260869 0.4058333333333333 0.31521739130434784 0.01125
0 1.3420289855072465 0.36375 0.07391304347826087 0.010833333333333334
