0 0.04420289855072464 0.0125 0.14492753623188406 0.03333333333333333
0 0.05144927536231884 0.27375 0.14782608695652175 0.028333333333333332
0 0.05144927536231884 0.1375 0.16521739130434782 0.028333333333333332
0 0.05144927536231884 0.11625 0.5514492753623188 0.01125
0 0.05144927536231884 0.09083333333333334 0.06159420289855073 0.010833333333333334
0 0.05217391304347826 0.2529166666666667 0.486231884057971 0.01125
0 0.05289855072463768 0.22708333333333333 0.07173913043478261 0.010833333333333334
0 0.20652173913043478 0.0125 0.1398550724637681 0.03333333333333333
0 0.9159420289855073 0.1375 0.13768115942028986 0.028333333333333332
0 0.9173913043478261 0.11625 0.5398550724637681 0.01125
0 0.9173913043478261 0.09041666666666667 0.07101449275362319 0.011666666666666667
