0 0.04420289855072464 0.0125 0.1427536231884058 0.03333333333333333
0 0.05144927536231884 0.27375 0.1536231884057971 0.028333333333333332
0 0.05144927536231884 0.1375 0.15 0.028333333333333332
0 0.05217391304347826 0.22666666666666666 0.06956521739130435 0.014166666666666666
0 0.05217391304347826 0.11625 0.5347826086956522 0.01125
0 0.05289855072463768 0.2529166666666667 0.5333333333333333 0.01125
0 0.05289855072463768 0.09083333333333334 0.05434782608695652 0.010833333333333334
0 0.20434782608695654 0.0125 0.1681159420289855 0.03333333333333333
0 0.3898550724637681 0.0125 0.1398550724637681 0.03333333333333333
0 0.5471014492753623 0.0125 0.16159420289855073 0.03333333333333333
0 0.7260869565217392 0.0125 0.15144927536231884 0.03333333333333333
0 0.9159420289855073 0.27375 0.12753623188405797 0.028333333333333332
0 0.9166666666666666 0.2529166666666667 0.5282608695652173 0.01125
0 0.9173913043478261 0.22666666666666666 0.06811594202898551 0.014166666666666666
