0 0.04420289855072464 0.0125 0.14492753623188406 0.03333333333333333
0 0.05144927536231884 0.1375 0.12608695652173912 0.028333333333333332
0 0.05217391304347826 0.11625 0.5231884057971015 0.01125
0 0.05289855072463768 0.09083333333333334 0.08478260869565217 0.01375
0 0.20652173913043478 0.0125 0.14347826086956522 0.03333333333333333
0 0.3673913043478261 0.0125 0.13840579710144926 0.03333333333333333
0 0.5231884057971015 0.0125 0.14202898550724638 0.03333333333333333
0 0.9159420289855073 0.1375 0.1471014492753623 0.028333333333333332
0 0.9173913043478261 0.11625 0.5369565217391304 0.01125
0 0.9181159420289855 0.09083333333333334 0.06739130434782609 0.01375
