0 0.04420289855072464 0.0125 0.15 0.03333333333333333
0 0.05144927536231884 0.44375 0.14347826086956522 0.028333333333333332
0 0.05144927536231884 0.39708333333333334 0.08333333333333333 0.01375
0 0.05144927536231884 0.3070833333333333 0.14202898550724638 0.028333333333333332
0 0.05144927536231884 0.2604166666666667 0.07318840579710145 0.01375
0 0.05144927536231884 0.15416666666666667 0.1391304347826087 0.028333333333333332
0 0.05217391304347826 0.4225 0.5956521739130435 0.01125
0 0.05217391304347826 0.13291666666666666 0.21666666666666667 0.01125
0 0.05217391304347826 0.11625 0.29057971014492756 0.01125
0 0.05289855072463768 0.28625 0.5115942028985507 0.01125
0 0.05289855072463768 0.09083333333333334 0.059420289855072465 0.010833333333333334
0 0.21159420289855072 0.0125 0.1565217391304348 0.03333333333333333
0 0.4811594202898551 0.15416666666666667 0.15217391304347827 0.028333333333333332
0 0.48188405797101447 0.13291666666666666 0.2289855072463768 0.01125
0 0.48188405797101447 0.11625 0.3108695652173913 0.01125
0 0.4826086956521739 0.09083333333333334 0.05652173913043478 0.010833333333333334
0 0.9101449275362319 0.09083333333333334 0.07608695652173914 0.01375
0 0.9108695652173913 0.15416666666666667 0.1398550724637681 0.028333333333333332
0 0.9108695652173913 0.11625 0.21594202898550724 0.01125
0 0.9115942028985508 0.13291666666666666 0.31231884057971016 0.01125
0 1.3398550724637681 0.17083333333333334 0.14492753623188406 0.028333333333333332
0 1.3398550724637681 0.13291666666666666 0.34202898550724636 0.01125
0 1.3413043478260869 0.14958333333333335 0.020289855072463767 0.00875
0 1.3413043478260869 0.11625 0.17391304347826086 0.01125
0 1.3413043478260869 0.09041666666666667 0.06159420289855073 0.014166666666666666
