0 0.04420289855072464 0.0125 0.16956521739130434 0.03333333333333333
0 0.05144927536231884 0.4270833333333333 0.1463768115942029 0.028333333333333332
0 0.05144927536231884 0.29041666666666666 0.14492753623188406 0.028333333333333332
0 0.05144927536231884 0.26958333333333334 0.17753623188405798 0.01125
0 0.05144927536231884 0.1375 0.14057971014492754 0.028333333333333332
0 0.05217391304347826 0.4058333333333333 0.5746376811594203 0.01125
0 0.05217391304347826 0.2529166666666667 0.29492753623188406 0.01125
0 0.05217391304347826 0.11625 0.5985507246376811 0.01125
0 0.05289855072463768 0.3804166666666667 0.058695652173913045 0.01375
0 0.05289855072463768 0.22708333333333333 0.07391304347826087 0.01375
0 0.05289855072463768 0.09083333333333334 0.06956521739130435 0.01375
0 0.23115942028985506 0.0125 0.13478260869565217 0.03333333333333333
0 0.4811594202898551 0.29041666666666666 0.1246376811594203 0.028333333333333332
0 0.4811594202898551 0.26958333333333334 0.2326086956521739 0.01125
0 0.4811594202898551 0.2529166666666667 0.30289855072463767 0.01125
0 0.4826086956521739 0.22708333333333333 0.06884057971014493 0.01375
0 0.9101449275362319 0.22708333333333333 0.06956521739130435 0.01375
0 0.9108695652173913 0.29041666666666666 0.13333333333333333 0.028333333333333332
0 0.9108695652173913 0.26958333333333334 0.1753623188405797 0.01125
0 0.9108695652173913 0.2529166666666667 0.33405797101449275 0.01125
0 0.9159420289855073 0.1375 0.1398550724637681 0.028333333333333332
0 0.9159420289855073 0.09083333333333334 0.08260869565217391 0.010833333333333334
0 0.9173913043478261 0.11625 0.5181159420289855 0.01125
0 1.3398550724637681 0.29041666666666666 0.14420289855072463 0.028333333333333332
0 1.3405797101449275 0.2529166666666667 0.29492753623188406 0.01125
0 1.3405797101449275 0.22666666666666666 0.06739130434782609 0.011666666666666667
0 1.3413043478260869 0.26958333333333334 0.2217391304347826 0.01125
