0 0.04420289855072464 0.0125 0.14492753623188406 0.03333333333333333
0 0.05144927536231884 0.15416666666666667 0.12753623188405797 0.028333333333333332
0 0.05144927536231884 0.09083333333333334 0.08115942028985507 0.01375
0 0.05217391304347826 0.13291666666666666 0.23840579710144927 0.01125
0 0.05217391304347826 0.11625 0.29782608695652174 0.01125
0 0.20652173913043478 0.0125 0.1391304347826087 0.03333333333333333
0 0.3630434782608696 0.0125 0.14347826086956522 0.03333333333333333
0 0.4811594202898551 0.15416666666666667 0.14492753623188406 0.028333333333333332
0 0.4811594202898551 0.11625 0.34492753623188405 0.01125
0 0.48188405797101447 0.13291666666666666 0.18405797101449275 0.01125
0 0.4826086956521739 0.09083333333333334 0.06739130434782609 0.01375
0 0.5239130434782608 0.0125 0.14202898550724638 0.03333333333333333
0 0.9101449275362319 0.13291666666666666 0.26014492753623186 0.01125
0 0.9101449275362319 0.09083333333333334 0.06231884057971015 0.010833333333333334
0 0.9108695652173913 0.15416666666666667 0.13043478260869565 0.028333333333333332
0 0.9108695652173913 0.11625 0.30144927536231886 0.01125
0 1.3398550724637681 0.15416666666666667 0.13840579710144926 0.028333333333333332
0 1.3405797101449275 0.13291666666666666 0.2 0.01125
0 1.3405797101449275 0.09041666666666667 0.06884057971014493 0.011666666666666667
0 1.3413043478260869 0.11625 0.32318840579710145 0.01125
