0 0.04420289855072464 0.0125 0.15 0.03333333333333333
0 0.050724637681159424 0.4058333333333333 0.1826086956521739 0.01125
0 0.05144927536231884 0.4270833333333333 0.15217391304347827 0.028333333333333332
0 0.05144927536231884 0.38916666666666666 0.34347826086956523 0.01125
0 0.05144927536231884 0.27375 0.12391304347826088 0.028333333333333332
0 0.05144927536231884 0.2529166666666667 0.5557971014492754 0.01125
0 0.05144927536231884 0.22708333333333333 0.07753623188405798 0.01375
0 0.05144927536231884 0.1375 0.15217391304347827 0.028333333333333332
0 0.05217391304347826 0.36375 0.06304347826086956 0.010833333333333334
0 0.05217391304347826 0.11625 0.5369565217391304 0.01125
0 0.05217391304347826 0.09041666666666667 0.06159420289855073 0.011666666666666667
0 0.05507246376811594 0.09375 0.017391304347826087 0.004166666666666667
0 0.21159420289855072 0.0125 0.14492753623188406 0.03333333333333333
0 0.4811594202898551 0.4270833333333333 0.13333333333333333 0.028333333333333332
0 0.4811594202898551 0.4058333333333333 0.2898550724637681 0.01125
0 0.4811594202898551 0.38916666666666666 0.2391304347826087 0.01125
0 0.4811594202898551 0.36375 0.059420289855072465 0.01375
0 0.9108695652173913 0.4270833333333333 0.14855072463768115 0.028333333333333332
0 0.9108695652173913 0.38916666666666666 0.3050724637681159 0.01125
0 0.9115942028985508 0.4058333333333333 0.1927536231884058 0.01125
0 0.9115942028985508 0.36333333333333334 0.07246376811594203 0.014166666666666666
0 0.9144927536231884 0.36666666666666664 0.016666666666666666 0.004166666666666667
0 0.9159420289855073 0.1375 0.14782608695652175 0.028333333333333332
0 0.9159420289855073 0.11625 0.5318840579710145 0.01125
0 0.9181159420289855 0.09083333333333334 0.06956521739130435 0.010833333333333334
0 1.3398550724637681 0.4270833333333333 0.1492753623188406 0.028333333333333332
0 1.3405797101449275 0.4058333333333333 0.2391304347826087 0.01125
0 1.3405797101449275 0.38916666666666666 0.3108695652173913 0.01125
0 1.3420289855072465 0.36375 0.06956521739130435 0.010833333333333334
