0 0.04420289855072464 0.0125 0.13043478260869565 0.03333333333333333
0 0.05144927536231884 0.44375 0.15797101449275364 0.028333333333333332
0 0.05144927536231884 0.29041666666666666 0.13623188405797101 0.028333333333333332
0 0.05144927536231884 0.26958333333333334 0.25869565217391305 0.01125
0 0.05144927536231884 0.22708333333333333 0.08260869565217391 0.010833333333333334
0 0.05144927536231884 0.1375 0.1427536231884058 0.028333333333333332
0 0.05144927536231884 0.11625 0.5253623188405797 0.01125
0 0.05217391304347826 0.4225 0.5739130434782609 0.01125
0 0.05217391304347826 0.2529166666666667 0.2710144927536232 0.01125
0 0.05289855072463768 0.39708333333333334 0.07028985507246377 0.01375
0 0.05289855072463768 0.09083333333333334 0.07536231884057971 0.01375
0 0.19202898550724637 0.0125 0.15289855072463768 0.03333333333333333
0 0.36231884057971014 0.0125 0.15144927536231884 0.03333333333333333
0 0.4811594202898551 0.3070833333333333 0.13623188405797101 0.028333333333333332
0 0.4811594202898551 0.28625 0.09855072463768116 0.01125
0 0.4811594202898551 0.26958333333333334 0.24855072463768116 0.01125
0 0.4811594202898551 0.2529166666666667 0.17028985507246377 0.01125
0 0.48188405797101447 0.22666666666666666 0.057971014492753624 0.014166666666666666
0 0.48478260869565215 0.23 0.016666666666666666 0.004166666666666667
0 0.9108695652173913 0.29041666666666666 0.15072463768115943 0.028333333333333332
0 0.9108695652173913 0.26958333333333334 0.20579710144927535 0.01125
0 0.9115942028985508 0.2529166666666667 0.3333333333333333 0.01125
0 0.9123188405797101 0.22708333333333333 0.06666666666666667 0.010833333333333334
0 0.9159420289855073 0.44375 0.1463768115942029 0.028333333333333332
0 0.9166666666666666 0.4225 0.5260869565217391 0.01125
0 0.9181159420289855 0.39708333333333334 0.07391304347826087 0.01375
0 1.3398550724637681 0.29041666666666666 0.14130434782608695 0.028333333333333332
0 1.3413043478260869 0.26958333333333334 0.1681159420289855 0.01125
0 1.3413043478260869 0.2529166666666667 0.34347826086956523 0.01125
0 1.3420289855072465 0.22708333333333333 0.07608695652173914 0.01375
