0 0.04420289855072464 0.0125 0.14057971014492754 0.03333333333333333
0 0.05144927536231884 0.4270833333333333 0.14565217391304347 0.028333333333333332
0 0.05144927536231884 0.29041666666666666 0.1318840579710145 0.028333333333333332
0 0.05144927536231884 0.2529166666666667 0.25072463768115943 0.01125
0 0.05144927536231884 0.1375 0.14130434782608695 0.028333333333333332
0 0.05217391304347826 0.38 0.06884057971014493 0.014166666666666666
0 0.05217391304347826 0.26958333333333334 0.2579710144927536 0.01125
0 0.05217391304347826 0.22666666666666666 0.06956521739130435 0.014166666666666666
0 0.05217391304347826 0.11625 0.5369565217391304 0.01125
0 0.05289855072463768 0.4058333333333333 0.5268115942028986 0.01125
0 0.05289855072463768 0.09083333333333334 0.07318840579710145 0.01375
0 0.05507246376811594 0.38333333333333336 0.017391304347826087 0.004166666666666667
0 0.20217391304347826 0.0125 0.14202898550724638 0.03333333333333333
0 0.3615942028985507 0.0125 0.1565217391304348 0.03333333333333333
0 0.4811594202898551 0.29041666666666666 0.14057971014492754 0.028333333333333332
0 0.48188405797101447 0.26958333333333334 0.21594202898550724 0.01125
0 0.48188405797101447 0.2529166666666667 0.34492753623188405 0.01125
0 0.4826086956521739 0.22708333333333333 0.06231884057971015 0.01375
0 0.7630434782608696 0.51 0.2144927536231884 0.01125
0 0.9101449275362319 0.22708333333333333 0.07536231884057971 0.010833333333333334
0 0.9108695652173913 0.29041666666666666 0.15579710144927536 0.028333333333333332
0 0.9108695652173913 0.26958333333333334 0.2594202898550725 0.01125
0 0.9115942028985508 0.2529166666666667 0.27246376811594203 0.01125
0 0.9159420289855073 0.4270833333333333 0.1398550724637681 0.028333333333333332
0 0.9173913043478261 0.4058333333333333 0.5797101449275363 0.01125
0 0.9181159420289855 0.3804166666666667 0.057971014492753624 0.01375
0 1.3398550724637681 0.29041666666666666 0.1391304347826087 0.028333333333333332
0 1.3405797101449275 0.26958333333333334 0.23478260869565218 0.01125
0 1.3413043478260869 0.2529166666666667 0.2942028985507246 0.01125
0 1.3420289855072465 0.22708333333333333 0.07246376811594203 0.010833333333333334
