0 0.04420289855072464 0.0125 0.14855072463768115 0.03333333333333333
0 0.05144927536231884 0.4270833333333333 0.13768115942028986 0.028333333333333332
0 0.05144927536231884 0.3804166666666667 0.08333333333333333 0.010833333333333334
0 0.05144927536231884 0.29041666666666666 0.14782608695652175 0.028333333333333332
0 0.05144927536231884 0.1375 0.1391304347826087 0.028333333333333332
0 0.05217391304347826 0.4058333333333333 0.5246376811594203 0.01125
0 0.05217391304347826 0.22666666666666666 0.06521739130434782 0.014166666666666666
0 0.05217391304347826 0.11625 0.5753623188405798 0.01125
0 0.05289855072463768 0.26958333333333334 0.17318840579710146 0.01125
0 0.05289855072463768 0.2529166666666667 0.33115942028985507 0.01125
0 0.05289855072463768 0.09083333333333334 0.07753623188405798 0.01375
0 0.21014492753623187 0.0125 0.14855072463768115 0.03333333333333333
0 0.3760869565217391 0.0125 0.1536231884057971 0.03333333333333333
0 0.4811594202898551 0.29041666666666666 0.1355072463768116 0.028333333333333332
0 0.4811594202898551 0.26958333333333334 0.1934782608695652 0.01125
0 0.4811594202898551 0.2529166666666667 0.3282608695652174 0.01125
0 0.48188405797101447 0.22666666666666666 0.06594202898550725 0.014166666666666666
0 0.5471014492753623 0.0125 0.15072463768115943 0.03333333333333333
0 0.7152173913043478 0.0125 0.16159420289855073 0.03333333333333333
0 0.9108695652173913 0.29041666666666666 0.1427536231884058 0.028333333333333332
0 0.9108695652173913 0.2529166666666667 0.3253623188405797 0.01125
0 0.9115942028985508 0.26958333333333334 0.20072463768115942 0.01125
0 0.9123188405797101 0.22708333333333333 0.07318840579710145 0.010833333333333334
0 0.9159420289855073 0.4270833333333333 0.14420289855072463 0.028333333333333332
0 0.9166666666666666 0.4058333333333333 0.5253623188405797 0.01125
0 0.9166666666666666 0.3804166666666667 0.07246376811594203 0.010833333333333334
0 1.3398550724637681 0.29041666666666666 0.1398550724637681 0.028333333333333332
0 1.3398550724637681 0.26958333333333334 0.20144927536231885 0.01125
0 1.3398550724637681 0.2529166666666667 0.322463768115942 0.01125
0 1.3398550724637681 0.22708333333333333 0.06086956521739131 0.010833333333333334
