0 0.04420289855072464 0.0125 0.13623188405797101 0.03333333333333333
0 0.05144927536231884 0.29041666666666666 0.14565217391304347 0.028333333333333332
0 0.05144927536231884 0.26958333333333334 0.5449275362318841 0.01125
0 0.05144927536231884 0.15416666666666667 0.13695652173913042 0.028333333333333332
0 0.05144927536231884 0.09083333333333334 0.08115942028985507 0.01125
0 0.05217391304347826 0.13291666666666666 0.23623188405797102 0.01125
0 0.05217391304347826 0.11625 0.3 0.01125
0 0.05289855072463768 0.24375 0.07391304347826087 0.010833333333333334
0 0.19782608695652174 0.0125 0.13043478260869565 0.03333333333333333
0 0.3456521739130435 0.0125 0.14057971014492754 0.03333333333333333
0 0.4811594202898551 0.15416666666666667 0.15434782608695652 0.028333333333333332
0 0.4811594202898551 0.11625 0.3253623188405797 0.01125
0 0.48188405797101447 0.13291666666666666 0.19202898550724637 0.01125
0 0.4826086956521739 0.09083333333333334 0.05507246376811594 0.01375
0 0.5036231884057971 0.0125 0.13405797101449277 0.03333333333333333
0 0.9101449275362319 0.11625 0.3463768115942029 0.01125
0 0.9108695652173913 0.15416666666666667 0.15434782608695652 0.028333333333333332
0 0.9115942028985508 0.13291666666666666 0.15434782608695652 0.01125
0 0.9123188405797101 0.09083333333333334 0.07318840579710145 0.010833333333333334
0 0.9159420289855073 0.29041666666666666 0.14130434782608695 0.028333333333333332
0 0.9159420289855073 0.24375 0.07101449275362319 0.010833333333333334
0 0.9166666666666666 0.26958333333333334 0.5463768115942029 0.01125
0 1.3398550724637681 0.15416666666666667 0.13768115942028986 0.028333333333333332
0 1.3405797101449275 0.13291666666666666 0.24492753623188407 0.01125
0 1.3413043478260869 0.11625 0.26956521739130435 0.01125
0 1.3420289855072465 0.09083333333333334 0.06594202898550725 0.01375
