0 0.04420289855072464 0.0125 0.14565217391304347 0.03333333333333333
0 0.05144927536231884 0.4270833333333333 0.13478260869565217 0.028333333333333332
0 0.05144927536231884 0.4058333333333333 0.5478260869565217 0.01125
0 0.05144927536231884 0.29041666666666666 0.14057971014492754 0.028333333333333332
0 0.05144927536231884 0.26958333333333334 0.5413043478260869 0.01125
0 0.05144927536231884 0.15416666666666667 0.14130434782608695 0.028333333333333332
0 0.05217391304347826 0.09083333333333334 0.05434782608695652 0.010833333333333334
0 0.05289855072463768 0.3804166666666667 0.07971014492753623 0.01375
0 0.05289855072463768 0.24375 0.08188405797101449 0.01375
0 0.05289855072463768 0.13291666666666666 0.23768115942028986 0.01125
0 0.05289855072463768 0.11625 0.33043478260869563 0.01125
0 0.2072463768115942 0.0125 0.14347826086956522 0.03333333333333333
0 0.3681159420289855 0.0125 0.15217391304347827 0.03333333333333333
0 0.4811594202898551 0.15416666666666667 0.12971014492753624 0.028333333333333332
0 0.4811594202898551 0.13291666666666666 0.2710144927536232 0.01125
0 0.4811594202898551 0.11625 0.27898550724637683 0.01125
0 0.4826086956521739 0.09083333333333334 0.05 0.01375
0 0.5376811594202898 0.0125 0.13623188405797101 0.03333333333333333
0 0.9101449275362319 0.09083333333333334 0.06739130434782609 0.01375
0 0.9108695652173913 0.15416666666666667 0.15869565217391304 0.028333333333333332
0 0.9108695652173913 0.11625 0.21304347826086956 0.01125
0 0.9115942028985508 0.13291666666666666 0.322463768115942 0.01125
0 0.9159420289855073 0.29041666666666666 0.15144927536231884 0.028333333333333332
0 0.9159420289855073 0.24375 0.07753623188405798 0.01375
0 0.9166666666666666 0.26958333333333334 0.5217391304347826 0.01125
0 1.3398550724637681 0.15416666666666667 0.1355072463768116 0.028333333333333332
0 1.3405797101449275 0.13291666666666666 0.19782608695652174 0.01125
0 1.3405797101449275 0.11625 0.3355072463768116 0.01125
0 1.3420289855072465 0.09083333333333334 0.06739130434782609 0.01125
