0 0.04420289855072464 0.0125 0.14782608695652175 0.03333333333333333
0 0.050724637681159424 0.11625 0.5608695652173913 0.01125
0 0.05144927536231884 0.4270833333333333 0.14492753623188406 0.028333333333333332
0 0.05144927536231884 0.4058333333333333 0.5246376811594203 0.01125
0 0.05144927536231884 0.29041666666666666 0.16231884057971013 0.028333333333333332
0 0.05144927536231884 0.2529166666666667 0.3094202898550725 0.01125
0 0.05144927536231884 0.1375 0.14565217391304347 0.028333333333333332
0 0.05144927536231884 0.09083333333333334 0.07173913043478261 0.01125
0 0.05217391304347826 0.26958333333333334 0.23333333333333334 0.01125
0 0.05289855072463768 0.3804166666666667 0.07391304347826087 0.01375
0 0.05289855072463768 0.22708333333333333 0.07028985507246377 0.010833333333333334
0 0.20942028985507247 0.0125 0.15797101449275364 0.03333333333333333
0 0.3847826086956522 0.0125 0.15 0.03333333333333333
0 0.4811594202898551 0.29041666666666666 0.1463768115942029 0.028333333333333332
0 0.4811594202898551 0.26958333333333334 0.33405797101449275 0.01125
0 0.48188405797101447 0.2529166666666667 0.18985507246376812 0.01125
0 0.4826086956521739 0.22708333333333333 0.07681159420289856 0.01375
0 0.5521739130434783 0.0125 0.15942028985507245 0.03333333333333333
0 0.9108695652173913 0.29041666666666666 0.14855072463768115 0.028333333333333332
0 0.9108695652173913 0.26958333333333334 0.28695652173913044 0.01125
0 0.9108695652173913 0.2529166666666667 0.29057971014492756 0.01125
0 0.9108695652173913 0.22708333333333333 0.06304347826086956 0.01125
0 0.9159420289855073 0.4270833333333333 0.1427536231884058 0.028333333333333332
0 0.9159420289855073 0.1375 0.1427536231884058 0.028333333333333332
0 0.9166666666666666 0.4058333333333333 0.48405797101449277 0.01125
0 0.9166666666666666 0.11625 0.4934782608695652 0.01125
0 0.9181159420289855 0.3804166666666667 0.06739130434782609 0.01375
0 0.9181159420289855 0.09083333333333334 0.07971014492753623 0.010833333333333334
0 1.3398550724637681 0.29041666666666666 0.12681159420289856 0.028333333333333332
0 1.3398550724637681 0.22708333333333333 0.0746376811594203 0.010833333333333334
0 1.3413043478260869 0.26958333333333334 0.2746376811594203 0.01125
0 1.3413043478260869 0.2529166666666667 0.2768115942028985 0.01125
