0 0.04420289855072464 0.0125 0.15072463768115943 0.03333333333333333
0 0.05144927536231884 0.4270833333333333 0.12971014492753624 0.028333333333333332
0 0.05144927536231884 0.4058333333333333 0.28043478260869564 0.01125
0 0.05144927536231884 0.38916666666666666 0.23550724637681159 0.01125
0 0.05144927536231884 0.27375 0.1391304347826087 0.028333333333333332
0 0.05144927536231884 0.22708333333333333 0.09492753623188406 0.010833333333333334
0 0.05144927536231884 0.1375 0.12971014492753624 0.028333333333333332
0 0.05217391304347826 0.2529166666666667 0.5239130434782608 0.01125
0 0.05289855072463768 0.36375 0.08260869565217391 0.010833333333333334
0 0.05289855072463768 0.11625 0.605072463768116 0.01125
0 0.05289855072463768 0.09083333333333334 0.0746376811594203 0.010833333333333334
0 0.21231884057971015 0.0125 0.14565217391304347 0.03333333333333333
0 0.3753623188405797 0.0125 0.13623188405797101 0.03333333333333333
0 0.4811594202898551 0.4270833333333333 0.14130434782608695 0.028333333333333332
0 0.4811594202898551 0.4058333333333333 0.27391304347826084 0.01125
0 0.4811594202898551 0.38916666666666666 0.2985507246376812 0.01125
0 0.4811594202898551 0.36375 0.07028985507246377 0.01375
0 0.5289855072463768 0.0125 0.15 0.03333333333333333
0 0.696376811594203 0.0125 0.1608695652173913 0.03333333333333333
0 0.9108695652173913 0.4270833333333333 0.13695652173913042 0.028333333333333332
0 0.9108695652173913 0.4058333333333333 0.3391304347826087 0.01125
0 0.9108695652173913 0.36333333333333334 0.06739130434782609 0.011666666666666667
0 0.9115942028985508 0.38916666666666666 0.18985507246376812 0.01125
0 0.9159420289855073 0.27375 0.1282608695652174 0.028333333333333332
0 0.9166666666666666 0.2529166666666667 0.5246376811594203 0.01125
0 0.9166666666666666 0.22708333333333333 0.06159420289855073 0.01125
0 1.3398550724637681 0.4270833333333333 0.14202898550724638 0.028333333333333332
0 1.3405797101449275 0.4058333333333333 0.23333333333333334 0.01125
0 1.3413043478260869 0.38916666666666666 0.32318840579710145 0.01125
0 1.3420289855072465 0.36375 0.0644927536231884 0.01375
