0 0.04420289855072464 0.0125 0.1355072463768116 0.03333333333333333
0 0.05144927536231884 0.4270833333333333 0.14565217391304347 0.028333333333333332
0 0.05144927536231884 0.4058333333333333 0.5398550724637681 0.01125
0 0.05144927536231884 0.29041666666666666 0.15434782608695652 0.028333333333333332
0 0.05144927536231884 0.1375 0.15144927536231884 0.028333333333333332
0 0.05144927536231884 0.09083333333333334 0.06521739130434782 0.01375
0 0.05217391304347826 0.26958333333333334 0.21739130434782608 0.01125
0 0.05217391304347826 0.2529166666666667 0.3101449275362319 0.01125
0 0.05289855072463768 0.3804166666666667 0.0782608695652174 0.01375
0 0.05289855072463768 0.22708333333333333 0.059420289855072465 0.010833333333333334
0 0.05289855072463768 0.11625 0.5782608695652174 0.01125
0 0.19710144927536233 0.0125 0.15 0.03333333333333333
0 0.3644927536231884 0.0125 0.15289855072463768 0.03333333333333333
0 0.4811594202898551 0.29041666666666666 0.14130434782608695 0.028333333333333332
0 0.4811594202898551 0.26958333333333334 0.24565217391304348 0.01125
0 0.4811594202898551 0.2529166666666667 0.3289855072463768 0.01125
0 0.48188405797101447 0.22666666666666666 0.07536231884057971 0.012083333333333333
0 0.5347826086956522 0.0125 0.1427536231884058 0.03333333333333333
0 0.9108695652173913 0.29041666666666666 0.14492753623188406 0.028333333333333332
0 0.9115942028985508 0.26958333333333334 0.19130434782608696 0.01125
0 0.9115942028985508 0.2529166666666667 0.33260869565217394 0.01125
0 0.9123188405797101 0.22708333333333333 0.05507246376811594 0.010833333333333334
0 0.9159420289855073 0.1375 0.15072463768115943 0.028333333333333332
0 0.9166666666666666 0.11625 0.5557971014492754 0.01125
0 0.9181159420289855 0.09083333333333334 0.07318840579710145 0.01375
0 1.3398550724637681 0.29041666666666666 0.1391304347826087 0.028333333333333332
0 1.3413043478260869 0.26958333333333334 0.20579710144927535 0.01125
0 1.3413043478260869 0.2529166666666667 0.28840579710144926 0.01125
0 1.3420289855072465 0.22708333333333333 0.06304347826086956 0.01375
