0 0.04420289855072464 0.0125 0.1391304347826087 0.03333333333333333
0 0.05144927536231884 0.4270833333333333 0.13043478260869565 0.028333333333333332
0 0.05144927536231884 0.3804166666666667 0.08695652173913043 0.010833333333333334
0 0.05144927536231884 0.29041666666666666 0.13333333333333333 0.028333333333333332
0 0.05144927536231884 0.26958333333333334 0.5615942028985508 0.01125
0 0.05144927536231884 0.24375 0.0644927536231884 0.01375
0 0.05144927536231884 0.15416666666666667 0.1289855072463768 0.028333333333333332
0 0.05144927536231884 0.09083333333333334 0.05579710144927536 0.010833333333333334
0 0.05217391304347826 0.4058333333333333 0.5666666666666667 0.01125
0 0.05217391304347826 0.13291666666666666 0.20217391304347826 0.01125
0 0.05217391304347826 0.11625 0.31231884057971016 0.01125
0 0.20072463768115942 0.0125 0.1398550724637681 0.03333333333333333
0 0.35797101449275365 0.0125 0.14420289855072463 0.03333333333333333
0 0.4811594202898551 0.15416666666666667 0.14420289855072463 0.028333333333333332
0 0.4811594202898551 0.11625 0.2318840579710145 0.01125
0 0.4811594202898551 0.09083333333333334 0.07101449275362319 0.01375
0 0.48188405797101447 0.13291666666666666 0.29637681159420287 0.01125
0 0.5195652173913043 0.0125 0.1463768115942029 0.03333333333333333
0 0.9108695652173913 0.15416666666666667 0.14130434782608695 0.028333333333333332
0 0.9108695652173913 0.11625 0.23043478260869565 0.01125
0 0.9115942028985508 0.13291666666666666 0.3050724637681159 0.01125
0 0.9123188405797101 0.09083333333333334 0.06884057971014493 0.010833333333333334
0 0.9159420289855073 0.4270833333333333 0.13478260869565217 0.028333333333333332
0 0.9166666666666666 0.4058333333333333 0.532608695652174 0.01125
0 0.9181159420289855 0.3804166666666667 0.0644927536231884 0.01375
0 1.3398550724637681 0.15416666666666667 0.15 0.028333333333333332
0 1.3405797101449275 0.11625 0.29637681159420287 0.01125
0 1.3413043478260869 0.13291666666666666 0.24420289855072463 0.01125
0 1.3420289855072465 0.09083333333333334 0.07173913043478261 0.01375
