0 0.04420289855072464 0.0125 0.14492753623188406 0.03333333333333333
0 0.05144927536231884 0.44375 0.13405797101449277 0.028333333333333332
0 0.05144927536231884 0.38916666666666666 0.20579710144927535 0.01125
0 0.05144927536231884 0.27375 0.1427536231884058 0.028333333333333332
0 0.05144927536231884 0.1375 0.14855072463768115 0.028333333333333332
0 0.05217391304347826 0.4058333333333333 0.3391304347826087 0.01125
0 0.05217391304347826 0.36375 0.06666666666666667 0.01375
0 0.05217391304347826 0.2529166666666667 0.5565217391304348 0.01125
0 0.05217391304347826 0.11625 0.5268115942028986 0.01125
0 0.05289855072463768 0.4225 0.030434782608695653 0.00875
0 0.05289855072463768 0.22708333333333333 0.06521739130434782 0.01125
0 0.05289855072463768 0.09083333333333334 0.0644927536231884 0.01375
0 0.20652173913043478 0.0125 0.16159420289855073 0.03333333333333333
0 0.3855072463768116 0.0125 0.1391304347826087 0.03333333333333333
0 0.4811594202898551 0.4270833333333333 0.1572463768115942 0.028333333333333332
0 0.4811594202898551 0.4058333333333333 0.21521739130434783 0.01125
0 0.4811594202898551 0.38916666666666666 0.3282608695652174 0.01125
0 0.4826086956521739 0.36375 0.06811594202898551 0.01375
0 0.5420289855072464 0.0125 0.14855072463768115 0.03333333333333333
0 0.7079710144927536 0.0125 0.17028985507246377 0.03333333333333333
0 0.9101449275362319 0.36375 0.07681159420289856 0.01375
0 0.9108695652173913 0.4270833333333333 0.14492753623188406 0.028333333333333332
0 0.9115942028985508 0.4058333333333333 0.25 0.01125
0 0.9115942028985508 0.38916666666666666 0.26159420289855073 0.01125
0 0.9159420289855073 0.1375 0.12753623188405797 0.028333333333333332
0 0.9173913043478261 0.11625 0.5217391304347826 0.01125
0 0.9181159420289855 0.09083333333333334 0.07246376811594203 0.010833333333333334
0 1.3398550724637681 0.4270833333333333 0.14057971014492754 0.028333333333333332
0 1.3398550724637681 0.36375 0.06594202898550725 0.01125
0 1.3413043478260869 0.4058333333333333 0.19855072463768117 0.01125
0 1.3413043478260869 0.38916666666666666 0.3217391304347826 0.01125
