0 0.04420289855072464 0.0125 0.1282608695652174 0.03333333333333333
0 0.050724637681159424 0.2529166666666667 0.5108695652173914 0.01125
0 0.05144927536231884 0.41041666666666665 0.15144927536231884 0.028333333333333332
0 0.05144927536231884 0.38916666666666666 0.5659420289855073 0.01125
0 0.05144927536231884 0.27375 0.1282608695652174 0.028333333333333332
0 0.05144927536231884 0.1375 0.13043478260869565 0.028333333333333332
0 0.05217391304347826 0.11625 0.5028985507246376 0.01125
0 0.05217391304347826 0.09041666666666667 0.07971014492753623 0.014166666666666666
0 0.05289855072463768 0.36375 0.07536231884057971 0.01375
0 0.05289855072463768 0.22708333333333333 0.06739130434782609 0.010833333333333334
0 0.18985507246376812 0.0125 0.1572463768115942 0.03333333333333333
0 0.3644927536231884 0.0125 0.14782608695652175 0.03333333333333333
0 0.5297101449275362 0.0125 0.13768115942028986 0.03333333333333333
0 0.9159420289855073 0.41041666666666665 0.13115942028985508 0.028333333333333332
0 0.9159420289855073 0.27375 0.13115942028985508 0.028333333333333332
0 0.9159420289855073 0.22708333333333333 0.05579710144927536 0.010833333333333334
0 0.9159420289855073 0.1375 0.12681159420289856 0.028333333333333332
0 0.9166666666666666 0.2529166666666667 0.5173913043478261 0.01125
0 0.9166666666666666 0.11625 0.5355072463768116 0.01125
0 0.9166666666666666 0.09083333333333334 0.05652173913043478 0.01375
0 0.9173913043478261 0.38916666666666666 0.5246376811594203 0.01125
0 0.9181159420289855 0.36375 0.05 0.010833333333333334
