0 0.04420289855072464 0.0125 0.15217391304347827 0.03333333333333333
0 0.05144927536231884 0.4270833333333333 0.14347826086956522 0.028333333333333332
0 0.05144927536231884 0.27375 0.14855072463768115 0.028333333333333332
0 0.05144927536231884 0.2529166666666667 0.5152173913043478 0.01125
0 0.05144927536231884 0.1375 0.13768115942028986 0.028333333333333332
0 0.05144927536231884 0.09083333333333334 0.07681159420289856 0.01375
0 0.05217391304347826 0.38916666666666666 0.34057971014492755 0.01125
0 0.05217391304347826 0.36333333333333334 0.06884057971014493 0.014166666666666666
0 0.05217391304347826 0.22666666666666666 0.059420289855072465 0.011666666666666667
0 0.05217391304347826 0.11625 0.4971014492753623 0.01125
0 0.05289855072463768 0.4058333333333333 0.20942028985507247 0.01125
0 0.05507246376811594 0.23 0.017391304347826087 0.004166666666666667
0 0.213768115942029 0.0125 0.15507246376811595 0.03333333333333333
0 0.38623188405797104 0.0125 0.13623188405797101 0.03333333333333333
0 0.48043478260869565 0.4058333333333333 0.18115942028985507 0.01125
0 0.4811594202898551 0.4270833333333333 0.13768115942028986 0.028333333333333332
0 0.4811594202898551 0.38916666666666666 0.3159420289855073 0.01125
0 0.4811594202898551 0.36375 0.07246376811594203 0.010833333333333334
0 0.5398550724637681 0.0125 0.1391304347826087 0.03333333333333333
0 0.9101449275362319 0.4058333333333333 0.2246376811594203 0.01125
0 0.9108695652173913 0.4270833333333333 0.15072463768115943 0.028333333333333332
0 0.9108695652173913 0.38916666666666666 0.33043478260869563 0.01125
0 0.9123188405797101 0.36375 0.06159420289855073 0.010833333333333334
0 0.9159420289855073 0.27375 0.14855072463768115 0.028333333333333332
0 0.9159420289855073 0.2529166666666667 0.5181159420289855 0.01125
0 0.9181159420289855 0.22708333333333333 0.06086956521739131 0.01125
0 1.3398550724637681 0.4270833333333333 0.13768115942028986 0.028333333333333332
0 1.3405797101449275 0.4058333333333333 0.2797101449275362 0.01125
0 1.3405797101449275 0.36375 0.07391304347826087 0.01375
0 1.3413043478260869 0.38916666666666666 0.26956521739130435 0.01125
