0 0.04420289855072464 0.0125 0.15434782608695652 0.03333333333333333
0 0.05144927536231884 0.4270833333333333 0.12391304347826088 0.028333333333333332
0 0.05144927536231884 0.3804166666666667 0.08115942028985507 0.010833333333333334
0 0.05144927536231884 0.29041666666666666 0.12681159420289856 0.028333333333333332
0 0.05144927536231884 0.26958333333333334 0.2036231884057971 0.01125
0 0.05144927536231884 0.2529166666666667 0.3333333333333333 0.01125
0 0.05144927536231884 0.1375 0.12608695652173912 0.028333333333333332
0 0.05217391304347826 0.4058333333333333 0.5579710144927537 0.01125
0 0.05217391304347826 0.11625 0.5572463768115942 0.01125
0 0.05289855072463768 0.22708333333333333 0.06666666666666667 0.01375
0 0.05289855072463768 0.09083333333333334 0.06956521739130435 0.01375
0 0.21594202898550724 0.0125 0.15144927536231884 0.03333333333333333
0 0.3847826086956522 0.0125 0.13623188405797101 0.03333333333333333
0 0.48043478260869565 0.22708333333333333 0.07318840579710145 0.010833333333333334
0 0.4811594202898551 0.29041666666666666 0.12681159420289856 0.028333333333333332
0 0.4811594202898551 0.26958333333333334 0.2833333333333333 0.01125
0 0.4811594202898551 0.2529166666666667 0.26304347826086955 0.01125
0 0.5384057971014493 0.0125 0.16376811594202897 0.03333333333333333
0 0.7195652173913043 0.0125 0.15507246376811595 0.03333333333333333
0 0.9101449275362319 0.2529166666666667 0.3239130434782609 0.01125
0 0.9101449275362319 0.22708333333333333 0.07753623188405798 0.01375
0 0.9108695652173913 0.29041666666666666 0.1427536231884058 0.028333333333333332
0 0.9115942028985508 0.26958333333333334 0.17898550724637682 0.01125
0 0.9159420289855073 0.1375 0.1318840579710145 0.028333333333333332
0 0.9166666666666666 0.11625 0.5471014492753623 0.01125
0 0.9173913043478261 0.09041666666666667 0.07753623188405798 0.014166666666666666
0 1.3398550724637681 0.29041666666666666 0.14492753623188406 0.028333333333333332
0 1.3405797101449275 0.26958333333333334 0.23115942028985506 0.01125
0 1.3405797101449275 0.2529166666666667 0.3072463768115942 0.01125
0 1.3420289855072465 0.22708333333333333 0.08043478260869565 0.010833333333333334
