0 0.04420289855072464 0.0125 0.15869565217391304 0.03333333333333333
0 0.050724637681159424 0.2529166666666667 0.21521739130434783 0.01125
0 0.050724637681159424 0.11625 0.5340579710144927 0.01125
0 0.05144927536231884 0.4270833333333333 0.12101449275362319 0.028333333333333332
0 0.05144927536231884 0.4058333333333333 0.5427536231884058 0.01125
0 0.05144927536231884 0.29041666666666666 0.1391304347826087 0.028333333333333332
0 0.05144927536231884 0.26958333333333334 0.3442028985507246 0.01125
0 0.05144927536231884 0.1375 0.1289855072463768 0.028333333333333332
0 0.05217391304347826 0.22708333333333333 0.08405797101449275 0.01375
0 0.05289855072463768 0.3804166666666667 0.08333333333333333 0.01375
0 0.05289855072463768 0.09083333333333334 0.07391304347826087 0.01375
0 0.22028985507246376 0.0125 0.14855072463768115 0.03333333333333333
0 0.48043478260869565 0.2529166666666667 0.2971014492753623 0.01125
0 0.4811594202898551 0.29041666666666666 0.1398550724637681 0.028333333333333332
0 0.4811594202898551 0.26958333333333334 0.19855072463768117 0.01125
0 0.4811594202898551 0.22708333333333333 0.06811594202898551 0.01375
0 0.9108695652173913 0.29041666666666666 0.12681159420289856 0.028333333333333332
0 0.9108695652173913 0.26958333333333334 0.3 0.01125
0 0.9108695652173913 0.2529166666666667 0.2753623188405797 0.01125
0 0.9108695652173913 0.22708333333333333 0.06521739130434782 0.01375
0 0.9159420289855073 0.1375 0.1398550724637681 0.028333333333333332
0 0.9159420289855073 0.11625 0.5376811594202898 0.01125
0 0.9173913043478261 0.09041666666666667 0.07391304347826087 0.014166666666666666
0 0.9202898550724637 0.09375 0.016666666666666666 0.004166666666666667
0 1.3398550724637681 0.29041666666666666 0.14347826086956522 0.028333333333333332
0 1.3405797101449275 0.26958333333333334 0.32318840579710145 0.01125
0 1.3405797101449275 0.2529166666666667 0.2 0.01125
0 1.3405797101449275 0.22666666666666666 0.07391304347826087 0.011666666666666667
0 1.3442028985507246 0.23 0.016666666666666666 0.004166666666666667
