0 0.04420289855072464 0.0125 0.17318840579710146 0.03333333333333333
0 0.05144927536231884 0.4270833333333333 0.1318840579710145 0.028333333333333332
0 0.05144927536231884 0.36375 0.0644927536231884 0.010833333333333334
0 0.05144927536231884 0.27375 0.12971014492753624 0.028333333333333332
0 0.05144927536231884 0.1375 0.11594202898550725 0.028333333333333332
0 0.05217391304347826 0.4058333333333333 0.25072463768115943 0.01125
0 0.05217391304347826 0.2529166666666667 0.586231884057971 0.01125
0 0.05217391304347826 0.22666666666666666 0.06811594202898551 0.011666666666666667
0 0.05289855072463768 0.38916666666666666 0.2746376811594203 0.01125
0 0.05289855072463768 0.11625 0.5739130434782609 0.01125
0 0.05289855072463768 0.09083333333333334 0.06811594202898551 0.010833333333333334
0 0.23478260869565218 0.0125 0.1427536231884058 0.03333333333333333
0 0.39492753623188404 0.0125 0.14565217391304347 0.03333333333333333
0 0.4811594202898551 0.4270833333333333 0.12608695652173912 0.028333333333333332
0 0.4811594202898551 0.4058333333333333 0.26304347826086955 0.01125
0 0.48188405797101447 0.38916666666666666 0.3007246376811594 0.01125
0 0.4826086956521739 0.36375 0.06884057971014493 0.01375
0 0.5579710144927537 0.0125 0.13840579710144926 0.03333333333333333
0 0.9108695652173913 0.4270833333333333 0.1471014492753623 0.028333333333333332
0 0.9115942028985508 0.4058333333333333 0.27753623188405796 0.01125
0 0.9115942028985508 0.38916666666666666 0.27753623188405796 0.01125
0 0.9115942028985508 0.36333333333333334 0.07536231884057971 0.014166666666666666
0 0.9144927536231884 0.36666666666666664 0.016666666666666666 0.004166666666666667
0 0.9159420289855073 0.1375 0.13405797101449277 0.028333333333333332
0 0.9166666666666666 0.11625 0.5565217391304348 0.01125
0 0.9181159420289855 0.09083333333333334 0.08405797101449275 0.010833333333333334
0 1.3398550724637681 0.4270833333333333 0.1471014492753623 0.028333333333333332
0 1.3398550724637681 0.4058333333333333 0.3036231884057971 0.01125
0 1.3405797101449275 0.38916666666666666 0.22753623188405797 0.00875
0 1.3420289855072465 0.36375 0.08260869565217391 0.010833333333333334
