0 0.04420289855072464 0.0125 0.13695652173913042 0.03333333333333333
0 0.05144927536231884 0.29041666666666666 0.14202898550724638 0.028333333333333332
0 0.05144927536231884 0.24375 0.06376811594202898 0.01375
0 0.05144927536231884 0.15416666666666667 0.15072463768115943 0.028333333333333332
0 0.05144927536231884 0.13291666666666666 0.19782608695652174 0.01125
0 0.05217391304347826 0.26958333333333334 0.527536231884058 0.01125
0 0.05217391304347826 0.11625 0.3079710144927536 0.01125
0 0.05289855072463768 0.09083333333333334 0.06086956521739131 0.01375
0 0.19855072463768117 0.0125 0.1398550724637681 0.03333333333333333
0 0.35579710144927534 0.0125 0.13478260869565217 0.03333333333333333
0 0.4811594202898551 0.15416666666666667 0.14420289855072463 0.028333333333333332
0 0.48188405797101447 0.13291666666666666 0.18333333333333332 0.01125
0 0.48188405797101447 0.11625 0.3173913043478261 0.01125
0 0.48188405797101447 0.09041666666666667 0.07391304347826087 0.014166666666666666
0 0.5079710144927536 0.0125 0.15797101449275364 0.03333333333333333
0 0.6833333333333333 0.0125 0.14855072463768115 0.03333333333333333
0 0.9108695652173913 0.15416666666666667 0.13623188405797101 0.028333333333333332
0 0.9108695652173913 0.13291666666666666 0.29927536231884055 0.01125
0 0.9108695652173913 0.11625 0.25072463768115943 0.01125
0 0.9123188405797101 0.09083333333333334 0.0746376811594203 0.01375
0 0.9159420289855073 0.29041666666666666 0.14420289855072463 0.028333333333333332
0 0.9173913043478261 0.26958333333333334 0.5818840579710145 0.01125
0 0.9173913043478261 0.24333333333333335 0.07173913043478261 0.014166666666666666
0 1.3398550724637681 0.15416666666666667 0.14202898550724638 0.028333333333333332
0 1.3398550724637681 0.11625 0.3333333333333333 0.01125
0 1.3398550724637681 0.09083333333333334 0.06521739130434782 0.01375
0 1.3413043478260869 0.13291666666666666 0.21521739130434783 0.01125
