0 0.04420289855072464 0.0125 0.1427536231884058 0.03333333333333333
0 0.05144927536231884 0.4270833333333333 0.14565217391304347 0.028333333333333332
0 0.05144927536231884 0.3804166666666667 0.07391304347826087 0.01375
0 0.05144927536231884 0.29041666666666666 0.14057971014492754 0.028333333333333332
0 0.05144927536231884 0.26958333333333334 0.5449275362318841 0.01125
0 0.05144927536231884 0.15416666666666667 0.13043478260869565 0.028333333333333332
0 0.05144927536231884 0.13291666666666666 0.2 0.01125
0 0.05217391304347826 0.4058333333333333 0.5398550724637681 0.01125
0 0.05217391304347826 0.24333333333333335 0.08260869565217391 0.012083333333333333
0 0.05217391304347826 0.11625 0.3094202898550725 0.01125
0 0.05289855072463768 0.09083333333333334 0.07536231884057971 0.01375
0 0.20434782608695654 0.0125 0.1536231884057971 0.03333333333333333
0 0.3753623188405797 0.0125 0.13768115942028986 0.03333333333333333
0 0.4811594202898551 0.15416666666666667 0.1282608695652174 0.028333333333333332
0 0.4811594202898551 0.13291666666666666 0.32318840579710145 0.01125
0 0.48188405797101447 0.11625 0.20942028985507247 0.01125
0 0.4826086956521739 0.09083333333333334 0.06666666666666667 0.01375
0 0.5304347826086957 0.0125 0.15072463768115943 0.03333333333333333
0 0.9101449275362319 0.11625 0.29347826086956524 0.01125
0 0.9108695652173913 0.15416666666666667 0.16231884057971013 0.028333333333333332
0 0.9115942028985508 0.13291666666666666 0.24710144927536232 0.01125
0 0.9115942028985508 0.09041666666666667 0.07753623188405798 0.014166666666666666
0 0.9159420289855073 0.4270833333333333 0.14347826086956522 0.028333333333333332
0 0.9159420289855073 0.4058333333333333 0.5115942028985507 0.01125
0 0.9166666666666666 0.3804166666666667 0.07681159420289856 0.01375
0 1.3398550724637681 0.15416666666666667 0.12173913043478261 0.028333333333333332
0 1.3405797101449275 0.13291666666666666 0.22028985507246376 0.01125
0 1.3413043478260869 0.11625 0.28043478260869564 0.01125
0 1.3420289855072465 0.09083333333333334 0.07028985507246377 0.01375
