0 0.04420289855072464 0.0125 0.14565217391304347 0.03333333333333333
0 0.05144927536231884 0.4270833333333333 0.15144927536231884 0.028333333333333332
0 0.05144927536231884 0.29041666666666666 0.14782608695652175 0.028333333333333332
0 0.05144927536231884 0.26958333333333334 0.22536231884057972 0.01125
0 0.05144927536231884 0.22708333333333333 0.07318840579710145 0.01125
0 0.05144927536231884 0.1375 0.13623188405797101 0.028333333333333332
0 0.05144927536231884 0.09083333333333334 0.06884057971014493 0.01375
0 0.05217391304347826 0.3804166666666667 0.06376811594202898 0.010833333333333334
0 0.05217391304347826 0.2529166666666667 0.32608695652173914 0.01125
0 0.05217391304347826 0.11625 0.5304347826086957 0.01125
0 0.05289855072463768 0.4058333333333333 0.5543478260869565 0.01125
0 0.2072463768115942 0.0125 0.14347826086956522 0.03333333333333333
0 0.3681159420289855 0.0125 0.15434782608695652 0.03333333333333333
0 0.48043478260869565 0.22708333333333333 0.07681159420289856 0.010833333333333334
0 0.4811594202898551 0.29041666666666666 0.1427536231884058 0.028333333333333332
0 0.4811594202898551 0.26958333333333334 0.23695652173913043 0.01125
0 0.4811594202898551 0.2529166666666667 0.30144927536231886 0.01125
0 0.5398550724637681 0.0125 0.15942028985507245 0.03333333333333333
0 0.7166666666666667 0.0125 0.1608695652173913 0.03333333333333333
0 0.9101449275362319 0.22708333333333333 0.07753623188405798 0.01375
0 0.9108695652173913 0.29041666666666666 0.12318840579710146 0.028333333333333332
0 0.9108695652173913 0.2529166666666667 0.3115942028985507 0.01125
0 0.9115942028985508 0.26958333333333334 0.16666666666666666 0.01125
0 0.9159420289855073 0.1375 0.15942028985507245 0.028333333333333332
0 0.9159420289855073 0.11625 0.5463768115942029 0.01125
0 0.9173913043478261 0.09041666666666667 0.06304347826086956 0.014166666666666666
0 1.3398550724637681 0.29041666666666666 0.14492753623188406 0.028333333333333332
0 1.3398550724637681 0.2529166666666667 0.19927536231884058 0.01125
0 1.3398550724637681 0.22708333333333333 0.06956521739130435 0.01375
0 1.3405797101449275 0.26958333333333334 0.35797101449275365 0.01125
