0 0.04420289855072464 0.0125 0.14347826086956522 0.03333333333333333
0 0.050724637681159424 0.26958333333333334 0.31956521739130433 0.01125
0 0.05144927536231884 0.44375 0.13695652173913042 0.028333333333333332
0 0.05144927536231884 0.4225 0.5601449275362319 0.01125
0 0.05144927536231884 0.29041666666666666 0.14347826086956522 0.028333333333333332
0 0.05144927536231884 0.1375 0.15579710144927536 0.028333333333333332
0 0.05144927536231884 0.09083333333333334 0.06811594202898551 0.010833333333333334
0 0.05217391304347826 0.2529166666666667 0.22826086956521738 0.01125
0 0.05217391304347826 0.22666666666666666 0.08695652173913043 0.014166666666666666
0 0.05217391304347826 0.11625 0.5717391304347826 0.01125
0 0.05289855072463768 0.39708333333333334 0.058695652173913045 0.01375
0 0.05507246376811594 0.23 0.017391304347826087 0.004166666666666667
0 0.20507246376811594 0.0125 0.1536231884057971 0.03333333333333333
0 0.3760869565217391 0.0125 0.15289855072463768 0.03333333333333333
0 0.4811594202898551 0.29041666666666666 0.1398550724637681 0.028333333333333332
0 0.4811594202898551 0.26958333333333334 0.2463768115942029 0.01125
0 0.48188405797101447 0.2529166666666667 0.28043478260869564 0.01125
0 0.4826086956521739 0.22708333333333333 0.06521739130434782 0.010833333333333334
0 0.5463768115942029 0.0125 0.1463768115942029 0.03333333333333333
0 0.9108695652173913 0.3070833333333333 0.14202898550724638 0.028333333333333332
0 0.9108695652173913 0.28625 0.1289855072463768 0.01125
0 0.9108695652173913 0.2529166666666667 0.07898550724637682 0.01125
0 0.9115942028985508 0.26958333333333334 0.35 0.01125
0 0.9123188405797101 0.22708333333333333 0.057971014492753624 0.01125
0 0.9159420289855073 0.44375 0.14347826086956522 0.028333333333333332
0 0.9173913043478261 0.4225 0.6202898550724638 0.01125
0 0.9181159420289855 0.39708333333333334 0.07536231884057971 0.01375
0 1.3398550724637681 0.3070833333333333 0.13478260869565217 0.028333333333333332
0 1.3405797101449275 0.28625 0.042028985507246375 0.01125
0 1.3405797101449275 0.2529166666666667 0.1572463768115942 0.01125
0 1.3413043478260869 0.26958333333333334 0.35289855072463766 0.01125
0 1.3420289855072465 0.22708333333333333 0.057971014492753624 0.01375
