0 0.04420289855072464 0.0125 0.15289855072463768 0.03333333333333333
0 0.05144927536231884 0.4270833333333333 0.14420289855072463 0.028333333333333332
0 0.05144927536231884 0.4058333333333333 0.19202898550724637 0.01125
0 0.05144927536231884 0.27375 0.1536231884057971 0.028333333333333332
0 0.05144927536231884 0.2529166666666667 0.5159420289855072 0.01125
0 0.05144927536231884 0.22708333333333333 0.06666666666666667 0.01375
0 0.05144927536231884 0.1375 0.1471014492753623 0.028333333333333332
0 0.05217391304347826 0.36333333333333334 0.06884057971014493 0.014166666666666666
0 0.05217391304347826 0.11625 0.5768115942028985 0.01125
0 0.05289855072463768 0.38916666666666666 0.3217391304347826 0.01125
0 0.05289855072463768 0.09083333333333334 0.06739130434782609 0.010833333333333334
0 0.2144927536231884 0.0125 0.15072463768115943 0.03333333333333333
0 0.3826086956521739 0.0125 0.14855072463768115 0.03333333333333333
0 0.4811594202898551 0.4270833333333333 0.1492753623188406 0.028333333333333332
0 0.4811594202898551 0.4058333333333333 0.24492753623188407 0.01125
0 0.4811594202898551 0.38916666666666666 0.2717391304347826 0.01125
0 0.4811594202898551 0.36375 0.07391304347826087 0.01375
0 0.9101449275362319 0.38916666666666666 0.2971014492753623 0.01125
0 0.9101449275362319 0.36375 0.07028985507246377 0.01375
0 0.9108695652173913 0.4270833333333333 0.14565217391304347 0.028333333333333332
0 0.9108695652173913 0.4058333333333333 0.2326086956521739 0.01125
0 0.9159420289855073 0.27375 0.14202898550724638 0.028333333333333332
0 0.9159420289855073 0.22708333333333333 0.06231884057971015 0.01375
0 0.9173913043478261 0.2529166666666667 0.5478260869565217 0.01125
0 1.3398550724637681 0.4270833333333333 0.1427536231884058 0.028333333333333332
0 1.3398550724637681 0.4058333333333333 0.2398550724637681 0.01125
0 1.3405797101449275 0.38916666666666666 0.3181159420289855 0.01125
0 1.3420289855072465 0.36375 0.07536231884057971 0.01375
