0 0.04420289855072464 0.0125 0.12608695652173912 0.03333333333333333
0 0.05144927536231884 0.3070833333333333 0.15942028985507245 0.028333333333333332
0 0.05144927536231884 0.15416666666666667 0.15797101449275364 0.028333333333333332
0 0.05144927536231884 0.11625 0.28043478260869564 0.01125
0 0.05217391304347826 0.28625 0.5427536231884058 0.01125
0 0.05217391304347826 0.09041666666666667 0.06884057971014493 0.014166666666666666
0 0.05289855072463768 0.2604166666666667 0.08478260869565217 0.010833333333333334
0 0.05289855072463768 0.13291666666666666 0.2644927536231884 0.01125
0 0.18768115942028984 0.0125 0.1536231884057971 0.03333333333333333
0 0.358695652173913 0.0125 0.1427536231884058 0.03333333333333333
0 0.4811594202898551 0.17083333333333334 0.15072463768115943 0.028333333333333332
0 0.4811594202898551 0.13291666666666666 0.3065217391304348 0.01125
0 0.4811594202898551 0.11625 0.1289855072463768 0.01125
0 0.4811594202898551 0.09083333333333334 0.0746376811594203 0.01375
0 0.48188405797101447 0.14958333333333335 0.08333333333333333 0.01125
0 0.518840579710145 0.0125 0.13333333333333333 0.03333333333333333
0 0.6695652173913044 0.0125 0.14565217391304347 0.03333333333333333
0 0.9108695652173913 0.15416666666666667 0.14420289855072463 0.028333333333333332
0 0.9115942028985508 0.13291666666666666 0.28405797101449276 0.01125
0 0.9115942028985508 0.11625 0.2876811594202899 0.01125
0 0.9123188405797101 0.09083333333333334 0.07971014492753623 0.010833333333333334
0 1.3398550724637681 0.15416666666666667 0.13695652173913042 0.028333333333333332
0 1.3398550724637681 0.09083333333333334 0.06521739130434782 0.01125
0 1.3405797101449275 0.13291666666666666 0.18695652173913044 0.01125
0 1.3405797101449275 0.11625 0.3391304347826087 0.01125
