0 0.04420289855072464 0.0125 0.1536231884057971 0.03333333333333333
0 0.05144927536231884 0.4270833333333333 0.14130434782608695 0.028333333333333332
0 0.05144927536231884 0.27375 0.13768115942028986 0.028333333333333332
0 0.05144927536231884 0.2529166666666667 0.5492753623188406 0.01125
0 0.05144927536231884 0.1375 0.11956521739130435 0.028333333333333332
0 0.05217391304347826 0.4058333333333333 0.2768115942028985 0.01125
0 0.05217391304347826 0.22666666666666666 0.08188405797101449 0.011666666666666667
0 0.05217391304347826 0.11625 0.5057971014492754 0.01125
0 0.05289855072463768 0.38916666666666666 0.23695652173913043 0.01125
0 0.05289855072463768 0.36375 0.0644927536231884 0.01375
0 0.05289855072463768 0.09083333333333334 0.08333333333333333 0.010833333333333334
0 0.05507246376811594 0.23 0.020289855072463767 0.004166666666666667
0 0.21521739130434783 0.0125 0.14492753623188406 0.03333333333333333
0 0.377536231884058 0.0125 0.11884057971014493 0.03333333333333333
0 0.48043478260869565 0.36375 0.08333333333333333 0.01375
0 0.4811594202898551 0.4270833333333333 0.13768115942028986 0.028333333333333332
0 0.4811594202898551 0.4058333333333333 0.22391304347826088 0.01125
0 0.4811594202898551 0.38916666666666666 0.28043478260869564 0.01125
0 0.513768115942029 0.0125 0.15289855072463768 0.03333333333333333
0 0.6840579710144927 0.0125 0.14782608695652175 0.03333333333333333
0 0.9108695652173913 0.4270833333333333 0.1492753623188406 0.028333333333333332
0 0.9108695652173913 0.4058333333333333 0.22826086956521738 0.01125
0 0.9108695652173913 0.38916666666666666 0.2768115942028985 0.01125
0 0.9123188405797101 0.36375 0.06811594202898551 0.010833333333333334
0 0.9159420289855073 0.1375 0.13623188405797101 0.028333333333333332
0 0.9159420289855073 0.09083333333333334 0.05652173913043478 0.01375
0 0.9173913043478261 0.11625 0.5123188405797101 0.01125
0 1.3398550724637681 0.4270833333333333 0.1608695652173913 0.028333333333333332
0 1.3398550724637681 0.36375 0.06666666666666667 0.01375
0 1.3405797101449275 0.4058333333333333 0.2528985507246377 0.01125
0 1.3413043478260869 0.38916666666666666 0.27318840579710146 0.01125
