0 0.04420289855072464 0.0125 0.1318840579710145 0.03333333333333333
0 0.05144927536231884 0.4270833333333333 0.14347826086956522 0.028333333333333332
0 0.05144927536231884 0.36375 0.06811594202898551 0.01125
0 0.05144927536231884 0.27375 0.16014492753623188 0.028333333333333332
0 0.05144927536231884 0.1375 0.11884057971014493 0.028333333333333332
0 0.05144927536231884 0.09083333333333334 0.07898550724637682 0.01375
0 0.05217391304347826 0.4058333333333333 0.2753623188405797 0.01125
0 0.05217391304347826 0.38916666666666666 0.24565217391304348 0.01125
0 0.05217391304347826 0.2529166666666667 0.5311594202898551 0.01125
0 0.05217391304347826 0.11625 0.532608695652174 0.01125
0 0.05289855072463768 0.22708333333333333 0.08043478260869565 0.01375
0 0.1934782608695652 0.0125 0.14347826086956522 0.03333333333333333
0 0.4811594202898551 0.4270833333333333 0.1391304347826087 0.028333333333333332
0 0.4811594202898551 0.4058333333333333 0.17608695652173914 0.01125
0 0.4811594202898551 0.38916666666666666 0.34782608695652173 0.01125
0 0.4811594202898551 0.36375 0.0782608695652174 0.01125
0 0.9108695652173913 0.4270833333333333 0.13115942028985508 0.028333333333333332
0 0.9108695652173913 0.4058333333333333 0.2818840579710145 0.01125
0 0.9108695652173913 0.38916666666666666 0.2702898550724638 0.01125
0 0.9108695652173913 0.36375 0.07753623188405798 0.01375
0 0.9159420289855073 0.1375 0.14130434782608695 0.028333333333333332
0 0.9166666666666666 0.11625 0.563768115942029 0.01125
0 0.9181159420289855 0.09083333333333334 0.06521739130434782 0.01125
0 1.3398550724637681 0.44375 0.14202898550724638 0.028333333333333332
0 1.3405797101449275 0.4225 0.1855072463768116 0.01125
0 1.3405797101449275 0.4058333333333333 0.29492753623188406 0.01125
0 1.3413043478260869 0.38916666666666666 0.07536231884057971 0.01125
0 1.3420289855072465 0.36375 0.08043478260869565 0.01375
