0 0.04420289855072464 0.0125 0.15579710144927536 0.03333333333333333
0 0.05144927536231884 0.29041666666666666 0.15072463768115943 0.028333333333333332
0 0.05144927536231884 0.2529166666666667 0.26159420289855073 0.01125
0 0.05144927536231884 0.1375 0.14130434782608695 0.028333333333333332
0 0.05144927536231884 0.09083333333333334 0.07173913043478261 0.01375
0 0.05217391304347826 0.26958333333333334 0.23478260869565218 0.01125
0 0.05217391304347826 0.22666666666666666 0.07971014492753623 0.014166666666666666
0 0.05289855072463768 0.11625 0.5565217391304348 0.01125
0 0.21739130434782608 0.0125 0.14855072463768115 0.03333333333333333
0 0.4811594202898551 0.29041666666666666 0.13115942028985508 0.028333333333333332
0 0.4811594202898551 0.26958333333333334 0.29637681159420287 0.01125
0 0.4811594202898551 0.2529166666666667 0.2514492753623188 0.01125
0 0.4811594202898551 0.22708333333333333 0.05652173913043478 0.01125
0 0.9108695652173913 0.29041666666666666 0.1471014492753623 0.028333333333333332
0 0.9108695652173913 0.26958333333333334 0.25217391304347825 0.01125
0 0.9108695652173913 0.2529166666666667 0.3072463768115942 0.01125
0 0.9123188405797101 0.22708333333333333 0.07608695652173914 0.01125
0 1.3398550724637681 0.29041666666666666 0.16159420289855073 0.028333333333333332
0 1.3398550724637681 0.2529166666666667 0.33405797101449275 0.01125
0 1.3398550724637681 0.22708333333333333 0.057971014492753624 0.01375
0 1.3413043478260869 0.26958333333333334 0.1956521739130435 0.01125
