0 0.04420289855072464 0.0125 0.14130434782608695 0.03333333333333333
0 0.050724637681159424 0.26958333333333334 0.22391304347826088 0.01125
0 0.05144927536231884 0.4270833333333333 0.12753623188405797 0.028333333333333332
0 0.05144927536231884 0.3804166666666667 0.07391304347826087 0.010833333333333334
0 0.05144927536231884 0.29041666666666666 0.13623188405797101 0.028333333333333332
0 0.05144927536231884 0.1375 0.15 0.028333333333333332
0 0.05144927536231884 0.11625 0.5094202898550725 0.01125
0 0.05144927536231884 0.09083333333333334 0.0782608695652174 0.010833333333333334
0 0.05217391304347826 0.2529166666666667 0.2956521739130435 0.01125
0 0.05217391304347826 0.22666666666666666 0.06811594202898551 0.014166666666666666
0 0.05289855072463768 0.4058333333333333 0.5043478260869565 0.01125
0 0.05507246376811594 0.23041666666666666 0.017391304347826087 0.00375
0 0.2028985507246377 0.0125 0.15797101449275364 0.03333333333333333
0 0.4811594202898551 0.29041666666666666 0.1492753623188406 0.028333333333333332
0 0.4811594202898551 0.2529166666666667 0.18115942028985507 0.01125
0 0.48188405797101447 0.26958333333333334 0.3253623188405797 0.01125
0 0.4826086956521739 0.22708333333333333 0.06884057971014493 0.01375
0 0.9108695652173913 0.29041666666666666 0.14565217391304347 0.028333333333333332
0 0.9108695652173913 0.2529166666666667 0.29637681159420287 0.01125
0 0.9115942028985508 0.26958333333333334 0.2318840579710145 0.01125
0 0.9115942028985508 0.22666666666666666 0.06521739130434782 0.014166666666666666
0 0.9159420289855073 0.4270833333333333 0.13115942028985508 0.028333333333333332
0 0.9159420289855073 0.4058333333333333 0.5391304347826087 0.01125
0 0.9181159420289855 0.3804166666666667 0.06956521739130435 0.01125
0 1.3398550724637681 0.29041666666666666 0.12753623188405797 0.028333333333333332
0 1.3398550724637681 0.2529166666666667 0.3130434782608696 0.01125
0 1.3413043478260869 0.26958333333333334 0.21739130434782608 0.01125
0 1.3420289855072465 0.22708333333333333 0.08768115942028985 0.010833333333333334
