0 0.04420289855072464 0.0125 0.15869565217391304 0.03333333333333333
0 0.05144927536231884 0.27375 0.12246376811594203 0.028333333333333332
0 0.05144927536231884 0.1375 0.1471014492753623 0.028333333333333332
0 0.05217391304347826 0.2529166666666667 0.5166666666666667 0.01125
0 0.05289855072463768 0.22708333333333333 0.08115942028985507 0.01125
0 0.05289855072463768 0.11625 0.5340579710144927 0.01125
0 0.05289855072463768 0.09083333333333334 0.07536231884057971 0.010833333333333334
0 0.22028985507246376 0.0125 0.14202898550724638 0.03333333333333333
0 0.37971014492753624 0.0125 0.14202898550724638 0.03333333333333333
0 0.5391304347826087 0.0125 0.13623188405797101 0.03333333333333333
0 0.6927536231884058 0.0125 0.13623188405797101 0.03333333333333333
0 0.9159420289855073 0.27375 0.1536231884057971 0.028333333333333332
0 0.9166666666666666 0.22666666666666666 0.06739130434782609 0.014166666666666666
0 0.9173913043478261 0.2529166666666667 0.5413043478260869 0.01125
