0 0.04420289855072464 0.0125 0.14565217391304347 0.03333333333333333
0 0.05144927536231884 0.44375 0.14130434782608695 0.028333333333333332
0 0.05144927536231884 0.4058333333333333 0.32028985507246377 0.01125
0 0.05144927536231884 0.27375 0.11956521739130435 0.028333333333333332
0 0.05144927536231884 0.2529166666666667 0.5152173913043478 0.01125
0 0.05144927536231884 0.1375 0.13623188405797101 0.028333333333333332
0 0.05144927536231884 0.09083333333333334 0.07028985507246377 0.010833333333333334
0 0.05217391304347826 0.425 0.043478260869565216 0.00875
0 0.05217391304347826 0.11625 0.5376811594202898 0.01125
0 0.05289855072463768 0.38916666666666666 0.1934782608695652 0.00875
0 0.05289855072463768 0.36375 0.06086956521739131 0.01375
0 0.05289855072463768 0.22708333333333333 0.06956521739130435 0.01375
0 0.2072463768115942 0.0125 0.14855072463768115 0.03333333333333333
0 0.37318840579710144 0.0125 0.14855072463768115 0.03333333333333333
0 0.4811594202898551 0.4270833333333333 0.1398550724637681 0.028333333333333332
0 0.4811594202898551 0.4058333333333333 0.19492753623188405 0.01125
0 0.4811594202898551 0.38916666666666666 0.29927536231884055 0.01125
0 0.4811594202898551 0.36375 0.08985507246376812 0.01375
0 0.5391304347826087 0.0125 0.15797101449275364 0.03333333333333333
0 0.9108695652173913 0.4270833333333333 0.14855072463768115 0.028333333333333332
0 0.9108695652173913 0.38916666666666666 0.336231884057971 0.01125
0 0.9115942028985508 0.4058333333333333 0.1963768115942029 0.01125
0 0.9115942028985508 0.36333333333333334 0.06956521739130435 0.014166666666666666
0 0.9159420289855073 0.1375 0.15 0.028333333333333332
0 0.9159420289855073 0.09083333333333334 0.05579710144927536 0.010833333333333334
0 0.9173913043478261 0.11625 0.5217391304347826 0.01125
0 1.3398550724637681 0.4270833333333333 0.1492753623188406 0.028333333333333332
0 1.3398550724637681 0.38916666666666666 0.37971014492753624 0.01125
0 1.3413043478260869 0.4058333333333333 0.14420289855072463 0.01125
0 1.3420289855072465 0.36375 0.07536231884057971 0.010833333333333334
