0 0.04420289855072464 0.0125 0.15144927536231884 0.03333333333333333
0 0.05144927536231884 0.4270833333333333 0.1427536231884058 0.028333333333333332
0 0.05144927536231884 0.29041666666666666 0.13478260869565217 0.028333333333333332
0 0.05144927536231884 0.22708333333333333 0.06521739130434782 0.01375
0 0.05144927536231884 0.1375 0.13695652173913042 0.028333333333333332
0 0.05217391304347826 0.38 0.08043478260869565 0.014166666666666666
0 0.05217391304347826 0.26958333333333334 0.34202898550724636 0.01125
0 0.05289855072463768 0.4058333333333333 0.5804347826086956 0.01125
0 0.05289855072463768 0.2529166666666667 0.1891304347826087 0.01125
0 0.05289855072463768 0.11625 0.5413043478260869 0.01125
0 0.05289855072463768 0.09083333333333334 0.06739130434782609 0.01375
0 0.21304347826086956 0.0125 0.1391304347826087 0.03333333333333333
0 0.3695652173913043 0.0125 0.1398550724637681 0.03333333333333333
0 0.48043478260869565 0.22708333333333333 0.06594202898550725 0.01375
0 0.4811594202898551 0.29041666666666666 0.1463768115942029 0.028333333333333332
0 0.48188405797101447 0.26958333333333334 0.15507246376811595 0.01125
0 0.48188405797101447 0.2529166666666667 0.3347826086956522 0.01125
0 0.5268115942028986 0.0125 0.15507246376811595 0.03333333333333333
0 0.6992753623188406 0.0125 0.14130434782608695 0.03333333333333333
0 0.9108695652173913 0.29041666666666666 0.14202898550724638 0.028333333333333332
0 0.9108695652173913 0.26958333333333334 0.26956521739130435 0.01125
0 0.9108695652173913 0.2529166666666667 0.2847826086956522 0.01125
0 0.9123188405797101 0.22708333333333333 0.059420289855072465 0.01375
0 0.9159420289855073 0.1375 0.12971014492753624 0.028333333333333332
0 0.9166666666666666 0.11625 0.5181159420289855 0.01125
0 0.9166666666666666 0.09041666666666667 0.07318840579710145 0.011666666666666667
0 1.3398550724637681 0.29041666666666666 0.1572463768115942 0.028333333333333332
0 1.3398550724637681 0.22708333333333333 0.0746376811594203 0.01375
0 1.3413043478260869 0.26958333333333334 0.3007246376811594 0.01125
0 1.3413043478260869 0.2529166666666667 0.2028985507246377 0.01125
