0 0.04420289855072464 0.0125 0.13695652173913042 0.03333333333333333
0 0.050724637681159424 0.26958333333333334 0.2391304347826087 0.01125
0 0.05144927536231884 0.4270833333333333 0.15869565217391304 0.028333333333333332
0 0.05144927536231884 0.29041666666666666 0.1536231884057971 0.028333333333333332
0 0.05144927536231884 0.1375 0.1355072463768116 0.028333333333333332
0 0.05217391304347826 0.4058333333333333 0.5202898550724637 0.01125
0 0.05217391304347826 0.11625 0.5876811594202899 0.01125
0 0.05217391304347826 0.09041666666666667 0.07246376811594203 0.011666666666666667
0 0.05289855072463768 0.3804166666666667 0.07173913043478261 0.010833333333333334
0 0.05289855072463768 0.2529166666666667 0.25217391304347825 0.01125
0 0.05289855072463768 0.22708333333333333 0.06231884057971015 0.010833333333333334
0 0.19855072463768117 0.0125 0.14130434782608695 0.03333333333333333
0 0.3572463768115942 0.0125 0.1463768115942029 0.03333333333333333
0 0.4811594202898551 0.29041666666666666 0.1318840579710145 0.028333333333333332
0 0.4811594202898551 0.2529166666666667 0.2289855072463768 0.01125
0 0.48188405797101447 0.26958333333333334 0.3391304347826087 0.01125
0 0.4826086956521739 0.22708333333333333 0.08043478260869565 0.01375
0 0.9108695652173913 0.29041666666666666 0.14202898550724638 0.028333333333333332
0 0.9115942028985508 0.26958333333333334 0.22028985507246376 0.01125
0 0.9115942028985508 0.2529166666666667 0.29782608695652174 0.01125
0 0.9123188405797101 0.22708333333333333 0.06376811594202898 0.01375
0 0.9159420289855073 0.1375 0.15072463768115943 0.028333333333333332
0 0.9159420289855073 0.09083333333333334 0.07536231884057971 0.01375
0 0.9166666666666666 0.11625 0.5340579710144927 0.01125
0 1.3398550724637681 0.29041666666666666 0.12753623188405797 0.028333333333333332
0 1.3413043478260869 0.26958333333333334 0.2688405797101449 0.01125
0 1.3413043478260869 0.2529166666666667 0.26231884057971017 0.01125
0 1.3413043478260869 0.22708333333333333 0.07028985507246377 0.01375
