0 0.04420289855072464 0.0125 0.1536231884057971 0.03333333333333333
0 0.05144927536231884 0.15416666666666667 0.13623188405797101 0.028333333333333332
0 0.05217391304347826 0.13291666666666666 0.3188405797101449 0.01125
0 0.05217391304347826 0.11625 0.22971014492753622 0.01125
0 0.05217391304347826 0.09041666666666667 0.07681159420289856 0.011666666666666667
0 0.21521739130434783 0.0125 0.1572463768115942 0.03333333333333333
0 0.3898550724637681 0.0125 0.15507246376811595 0.03333333333333333
0 0.4811594202898551 0.15416666666666667 0.12681159420289856 0.028333333333333332
0 0.4811594202898551 0.13291666666666666 0.31521739130434784 0.01125
0 0.48188405797101447 0.11625 0.2036231884057971 0.01125
0 0.4826086956521739 0.09083333333333334 0.08188405797101449 0.010833333333333334
0 0.5623188405797102 0.0125 0.1536231884057971 0.03333333333333333
0 0.7333333333333333 0.0125 0.14130434782608695 0.03333333333333333
0 0.9108695652173913 0.15416666666666667 0.13333333333333333 0.028333333333333332
0 0.9108695652173913 0.09083333333333334 0.07101449275362319 0.01375
0 0.9115942028985508 0.13291666666666666 0.23550724637681159 0.01125
0 0.9115942028985508 0.11625 0.2898550724637681 0.01125
0 1.3398550724637681 0.15416666666666667 0.13695652173913042 0.028333333333333332
0 1.3405797101449275 0.13291666666666666 0.22391304347826088 0.01125
0 1.3405797101449275 0.09041666666666667 0.08623188405797101 0.011666666666666667
0 1.3413043478260869 0.11625 0.29057971014492756 0.01125
0 1.3442028985507246 0.09375 0.016666666666666666 0.004166666666666667
