0 0.04420289855072464 0.0125 0.1427536231884058 0.03333333333333333
0 0.05144927536231884 0.44375 0.13623188405797101 0.028333333333333332
0 0.05144927536231884 0.4225 0.5289855072463768 0.01125
0 0.05144927536231884 0.39708333333333334 0.06159420289855073 0.01375
0 0.05144927536231884 0.3070833333333333 0.1391304347826087 0.028333333333333332
0 0.05144927536231884 0.2604166666666667 0.06956521739130435 0.01375
0 0.05144927536231884 0.15416666666666667 0.12608695652173912 0.028333333333333332
0 0.05144927536231884 0.13291666666666666 0.4007246376811594 0.01125
0 0.05144927536231884 0.11625 0.11159420289855072 0.01125
0 0.05144927536231884 0.09083333333333334 0.06666666666666667 0.01125
0 0.05217391304347826 0.28625 0.5449275362318841 0.01125
0 0.06739130434782609 0.39708333333333334 0.015942028985507246 0.002916666666666667
0 0.20434782608695654 0.0125 0.1463768115942029 0.03333333333333333
0 0.3681159420289855 0.0125 0.13478260869565217 0.03333333333333333
0 0.4811594202898551 0.15416666666666667 0.1471014492753623 0.028333333333333332
0 0.48188405797101447 0.13291666666666666 0.29927536231884055 0.01125
0 0.48188405797101447 0.11625 0.24202898550724639 0.01125
0 0.48188405797101447 0.09041666666666667 0.058695652173913045 0.014166666666666666
0 0.5202898550724637 0.0125 0.15869565217391304 0.03333333333333333
0 0.696376811594203 0.0125 0.1463768115942029 0.03333333333333333
0 0.9108695652173913 0.15416666666666667 0.14492753623188406 0.028333333333333332
0 0.9108695652173913 0.11625 0.3130434782608696 0.01125
0 0.9115942028985508 0.13291666666666666 0.23405797101449274 0.01125
0 0.9115942028985508 0.09041666666666667 0.08260869565217391 0.011666666666666667
0 0.9159420289855073 0.3070833333333333 0.14130434782608695 0.028333333333333332
0 0.9166666666666666 0.28625 0.5355072463768116 0.01125
0 0.9173913043478261 0.26 0.07681159420289856 0.014166666666666666
0 1.3398550724637681 0.17083333333333334 0.14492753623188406 0.028333333333333332
0 1.3398550724637681 0.11625 0.18478260869565216 0.01125
0 1.3405797101449275 0.13291666666666666 0.3355072463768116 0.01125
0 1.3405797101449275 0.09083333333333334 0.07536231884057971 0.010833333333333334
0 1.3413043478260869 0.14958333333333335 0.057971014492753624 0.01125
