0 0.04420289855072464 0.0125 0.1318840579710145 0.03333333333333333
0 0.05144927536231884 0.4270833333333333 0.13840579710144926 0.028333333333333332
0 0.05144927536231884 0.29041666666666666 0.13768115942028986 0.028333333333333332
0 0.05144927536231884 0.26958333333333334 0.49927536231884057 0.01125
0 0.05144927536231884 0.15416666666666667 0.13333333333333333 0.028333333333333332
0 0.05144927536231884 0.13291666666666666 0.21811594202898552 0.01125
0 0.05144927536231884 0.11625 0.3181159420289855 0.01125
0 0.05144927536231884 0.09083333333333334 0.06086956521739131 0.01375
0 0.05217391304347826 0.4058333333333333 0.5695652173913044 0.01125
0 0.05289855072463768 0.3804166666666667 0.07173913043478261 0.01375
0 0.05289855072463768 0.24375 0.05507246376811594 0.01375
0 0.1934782608695652 0.0125 0.14347826086956522 0.03333333333333333
0 0.35434782608695653 0.0125 0.15072463768115943 0.03333333333333333
0 0.4811594202898551 0.15416666666666667 0.14130434782608695 0.028333333333333332
0 0.48188405797101447 0.13291666666666666 0.3 0.01125
0 0.48188405797101447 0.11625 0.2565217391304348 0.01125
0 0.4826086956521739 0.09083333333333334 0.05434782608695652 0.010833333333333334
0 0.5224637681159421 0.0125 0.13695652173913042 0.03333333333333333
0 0.6768115942028986 0.0125 0.1536231884057971 0.03333333333333333
0 0.9108695652173913 0.15416666666666667 0.13260869565217392 0.028333333333333332
0 0.9108695652173913 0.13291666666666666 0.30217391304347824 0.01125
0 0.9115942028985508 0.11625 0.22826086956521738 0.01125
0 0.9123188405797101 0.09083333333333334 0.08115942028985507 0.010833333333333334
0 0.9159420289855073 0.4270833333333333 0.15072463768115943 0.028333333333333332
0 0.9159420289855073 0.3804166666666667 0.08188405797101449 0.01375
0 0.9173913043478261 0.4058333333333333 0.513768115942029 0.01125
0 1.3398550724637681 0.15416666666666667 0.15217391304347827 0.028333333333333332
0 1.3398550724637681 0.13291666666666666 0.27608695652173915 0.01125
0 1.3413043478260869 0.11625 0.25579710144927537 0.01125
0 1.3420289855072465 0.09083333333333334 0.05507246376811594 0.010833333333333334
