0 0.04420289855072464 0.0125 0.1427536231884058 0.03333333333333333
0 0.05144927536231884 0.27375 0.15072463768115943 0.028333333333333332
0 0.05144927536231884 0.2529166666666667 0.5572463768115942 0.01125
0 0.05144927536231884 0.1375 0.14347826086956522 0.028333333333333332
0 0.05144927536231884 0.11625 0.5507246376811594 0.01125
0 0.05217391304347826 0.22666666666666666 0.06231884057971015 0.014166666666666666
0 0.05217391304347826 0.09041666666666667 0.07608695652173914 0.011666666666666667
0 0.05507246376811594 0.09375 0.018115942028985508 0.004166666666666667
0 0.20434782608695654 0.0125 0.14782608695652175 0.03333333333333333
0 0.3695652173913043 0.0125 0.1398550724637681 0.03333333333333333
0 0.9159420289855073 0.1375 0.15217391304347827 0.028333333333333332
0 0.9166666666666666 0.11625 0.5253623188405797 0.01125
0 0.9173913043478261 0.09041666666666667 0.06376811594202898 0.011666666666666667
0 0.9202898550724637 0.09458333333333334 0.017391304347826087 0.0033333333333333335
