0 0.04420289855072464 0.0125 0.15144927536231884 0.03333333333333333
0 0.05144927536231884 0.29041666666666666 0.14782608695652175 0.028333333333333332
0 0.05144927536231884 0.24375 0.08405797101449275 0.01375
0 0.05144927536231884 0.15416666666666667 0.13623188405797101 0.028333333333333332
0 0.05217391304347826 0.26958333333333334 0.5652173913043478 0.01125
0 0.05217391304347826 0.13291666666666666 0.3181159420289855 0.01125
0 0.05217391304347826 0.11625 0.24057971014492754 0.01125
0 0.05289855072463768 0.09083333333333334 0.07028985507246377 0.01375
0 0.21304347826086956 0.0125 0.1463768115942029 0.03333333333333333
0 0.37681159420289856 0.0125 0.1463768115942029 0.03333333333333333
0 0.4811594202898551 0.15416666666666667 0.12753623188405797 0.028333333333333332
0 0.4811594202898551 0.11625 0.31376811594202897 0.01125
0 0.48188405797101447 0.13291666666666666 0.20434782608695654 0.01125
0 0.4826086956521739 0.09083333333333334 0.07391304347826087 0.010833333333333334
0 0.5405797101449276 0.0125 0.1391304347826087 0.03333333333333333
0 0.6971014492753623 0.0125 0.1246376811594203 0.03333333333333333
0 0.9108695652173913 0.15416666666666667 0.13405797101449277 0.028333333333333332
0 0.9108695652173913 0.13291666666666666 0.2144927536231884 0.01125
0 0.9115942028985508 0.11625 0.3427536231884058 0.01125
0 0.9123188405797101 0.09083333333333334 0.05652173913043478 0.010833333333333334
0 0.9159420289855073 0.29041666666666666 0.1536231884057971 0.028333333333333332
0 0.9159420289855073 0.24375 0.07173913043478261 0.01375
0 0.9166666666666666 0.26958333333333334 0.5340579710144927 0.01125
0 1.3398550724637681 0.15416666666666667 0.1471014492753623 0.028333333333333332
0 1.3405797101449275 0.11625 0.34492753623188405 0.01125
0 1.3413043478260869 0.13291666666666666 0.20144927536231885 0.01125
0 1.3413043478260869 0.09083333333333334 0.08405797101449275 0.01375
