0 0.04420289855072464 0.0125 0.1463768115942029 0.03333333333333333
0 0.05144927536231884 0.4270833333333333 0.14492753623188406 0.028333333333333332
0 0.05144927536231884 0.4058333333333333 0.5391304347826087 0.01125
0 0.05144927536231884 0.29041666666666666 0.1471014492753623 0.028333333333333332
0 0.05144927536231884 0.26958333333333334 0.5413043478260869 0.01125
0 0.05144927536231884 0.15416666666666667 0.14492753623188406 0.028333333333333332
0 0.05144927536231884 0.13291666666666666 0.3079710144927536 0.01125
0 0.05144927536231884 0.09083333333333334 0.07536231884057971 0.010833333333333334
0 0.05217391304347826 0.38 0.06811594202898551 0.014166666666666666
0 0.05217391304347826 0.11625 0.21014492753623187 0.01125
0 0.05289855072463768 0.24375 0.06811594202898551 0.01375
0 0.20797101449275363 0.0125 0.14347826086956522 0.03333333333333333
0 0.36884057971014494 0.0125 0.1536231884057971 0.03333333333333333
0 0.4811594202898551 0.15416666666666667 0.13405797101449277 0.028333333333333332
0 0.4811594202898551 0.13291666666666666 0.1681159420289855 0.01125
0 0.4811594202898551 0.11625 0.34057971014492755 0.01125
0 0.4826086956521739 0.09083333333333334 0.0572463768115942 0.01125
0 0.5398550724637681 0.0125 0.15144927536231884 0.03333333333333333
0 0.7086956521739131 0.0125 0.1565217391304348 0.03333333333333333
0 0.9108695652173913 0.15416666666666667 0.14057971014492754 0.028333333333333332
0 0.9108695652173913 0.11625 0.32608695652173914 0.01125
0 0.9115942028985508 0.13291666666666666 0.21884057971014492 0.01125
0 0.9123188405797101 0.09083333333333334 0.07101449275362319 0.010833333333333334
0 0.9159420289855073 0.4270833333333333 0.14130434782608695 0.028333333333333332
0 0.9159420289855073 0.3804166666666667 0.07101449275362319 0.01375
0 0.9166666666666666 0.4058333333333333 0.5833333333333334 0.01125
0 1.3398550724637681 0.15416666666666667 0.13623188405797101 0.028333333333333332
0 1.3398550724637681 0.13291666666666666 0.18840579710144928 0.01125
0 1.3405797101449275 0.11625 0.3398550724637681 0.01125
0 1.3420289855072465 0.09083333333333334 0.0644927536231884 0.01375
