0 0.04420289855072464 0.0125 0.15869565217391304 0.03333333333333333
0 0.050724637681159424 0.38916666666666666 0.3173913043478261 0.01125
0 0.05144927536231884 0.4270833333333333 0.12681159420289856 0.028333333333333332
0 0.05144927536231884 0.27375 0.1391304347826087 0.028333333333333332
0 0.05144927536231884 0.22708333333333333 0.07971014492753623 0.01125
0 0.05144927536231884 0.1375 0.13623188405797101 0.028333333333333332
0 0.05144927536231884 0.09083333333333334 0.06594202898550725 0.01375
0 0.05217391304347826 0.4058333333333333 0.186231884057971 0.01125
0 0.05217391304347826 0.2529166666666667 0.553623188405797 0.01125
0 0.05289855072463768 0.36375 0.08260869565217391 0.01375
0 0.05289855072463768 0.11625 0.5260869565217391 0.01125
0 0.22028985507246376 0.0125 0.13405797101449277 0.03333333333333333
0 0.3717391304347826 0.0125 0.13478260869565217 0.03333333333333333
0 0.4811594202898551 0.4270833333333333 0.13840579710144926 0.028333333333333332
0 0.48188405797101447 0.4058333333333333 0.28405797101449276 0.01125
0 0.48188405797101447 0.38916666666666666 0.2398550724637681 0.01125
0 0.4826086956521739 0.36375 0.08115942028985507 0.01375
0 0.5239130434782608 0.0125 0.16231884057971013 0.03333333333333333
0 0.7036231884057971 0.0125 0.15289855072463768 0.03333333333333333
0 0.9108695652173913 0.4270833333333333 0.12246376811594203 0.028333333333333332
0 0.9108695652173913 0.38916666666666666 0.3427536231884058 0.01125
0 0.9115942028985508 0.4058333333333333 0.18478260869565216 0.01125
0 0.9123188405797101 0.36375 0.08115942028985507 0.01375
0 0.9159420289855073 0.27375 0.1471014492753623 0.028333333333333332
0 0.9166666666666666 0.2529166666666667 0.5420289855072464 0.01125
0 0.9166666666666666 0.22666666666666666 0.07391304347826087 0.011666666666666667
0 1.3398550724637681 0.44375 0.15 0.028333333333333332
0 1.3398550724637681 0.36375 0.07608695652173914 0.01375
0 1.3405797101449275 0.4058333333333333 0.29637681159420287 0.01125
0 1.3413043478260869 0.4225 0.06594202898550725 0.01125
0 1.3413043478260869 0.38916666666666666 0.18840579710144928 0.01125
