0 0.04420289855072464 0.0125 0.16376811594202897 0.03333333333333333
0 0.05144927536231884 0.4270833333333333 0.14130434782608695 0.028333333333333332
0 0.05144927536231884 0.29041666666666666 0.12971014492753624 0.028333333333333332
0 0.05144927536231884 0.1375 0.13695652173913042 0.028333333333333332
0 0.05217391304347826 0.4058333333333333 0.5333333333333333 0.01125
0 0.05217391304347826 0.26958333333333334 0.20579710144927535 0.01125
0 0.05217391304347826 0.2529166666666667 0.3188405797101449 0.01125
0 0.05217391304347826 0.11625 0.5630434782608695 0.01125
0 0.05289855072463768 0.3804166666666667 0.08260869565217391 0.010833333333333334
0 0.05289855072463768 0.22708333333333333 0.07028985507246377 0.01375
0 0.05289855072463768 0.09083333333333334 0.07028985507246377 0.01375
0 0.22536231884057972 0.0125 0.14782608695652175 0.03333333333333333
0 0.39057971014492754 0.0125 0.15434782608695652 0.03333333333333333
0 0.48043478260869565 0.2529166666666667 0.3253623188405797 0.01125
0 0.4811594202898551 0.29041666666666666 0.14565217391304347 0.028333333333333332
0 0.48188405797101447 0.26958333333333334 0.15942028985507245 0.01125
0 0.4826086956521739 0.22708333333333333 0.0746376811594203 0.01375
0 0.9108695652173913 0.29041666666666666 0.1398550724637681 0.028333333333333332
0 0.9108695652173913 0.26958333333333334 0.21956521739130436 0.01125
0 0.9115942028985508 0.2529166666666667 0.3391304347826087 0.01125
0 0.9123188405797101 0.22708333333333333 0.08115942028985507 0.01125
0 0.9159420289855073 0.4270833333333333 0.14782608695652175 0.028333333333333332
0 0.9159420289855073 0.3804166666666667 0.08043478260869565 0.01375
0 0.9173913043478261 0.4058333333333333 0.5543478260869565 0.01125
0 1.3398550724637681 0.29041666666666666 0.1355072463768116 0.028333333333333332
0 1.3405797101449275 0.26958333333333334 0.2579710144927536 0.01125
0 1.3405797101449275 0.22708333333333333 0.06956521739130435 0.01125
0 1.3413043478260869 0.2529166666666667 0.3079710144927536 0.01125
