0 0.04420289855072464 0.0125 0.14492753623188406 0.03333333333333333
0 0.05144927536231884 0.44375 0.14855072463768115 0.028333333333333332
0 0.05144927536231884 0.29041666666666666 0.15 0.028333333333333332
0 0.05144927536231884 0.1375 0.15289855072463768 0.028333333333333332
0 0.05217391304347826 0.4225 0.5231884057971015 0.01125
0 0.05217391304347826 0.39666666666666667 0.07536231884057971 0.014166666666666666
0 0.05217391304347826 0.26958333333333334 0.23623188405797102 0.01125
0 0.05217391304347826 0.2529166666666667 0.3188405797101449 0.01125
0 0.05217391304347826 0.22666666666666666 0.07753623188405798 0.012083333333333333
0 0.05289855072463768 0.11625 0.572463768115942 0.01125
0 0.05289855072463768 0.09083333333333334 0.07391304347826087 0.010833333333333334
0 0.20652173913043478 0.0125 0.15217391304347827 0.03333333333333333
0 0.3760869565217391 0.0125 0.1608695652173913 0.03333333333333333
0 0.48043478260869565 0.2529166666666667 0.2818840579710145 0.01125
0 0.4811594202898551 0.29041666666666666 0.1391304347826087 0.028333333333333332
0 0.48188405797101447 0.26958333333333334 0.2210144927536232 0.01125
0 0.4826086956521739 0.22708333333333333 0.07101449275362319 0.01375
0 0.5543478260869565 0.0125 0.15 0.03333333333333333
0 0.7217391304347827 0.0125 0.13840579710144926 0.03333333333333333
0 0.9101449275362319 0.22708333333333333 0.06666666666666667 0.010833333333333334
0 0.9108695652173913 0.3070833333333333 0.13768115942028986 0.028333333333333332
0 0.9108695652173913 0.2529166666666667 0.04710144927536232 0.01125
0 0.9115942028985508 0.28625 0.1826086956521739 0.01125
0 0.9115942028985508 0.26958333333333334 0.30869565217391304 0.01125
0 0.9159420289855073 0.1375 0.1427536231884058 0.028333333333333332
0 0.9166666666666666 0.11625 0.5565217391304348 0.01125
0 0.9181159420289855 0.09083333333333334 0.05579710144927536 0.010833333333333334
0 1.3398550724637681 0.29041666666666666 0.14782608695652175 0.028333333333333332
0 1.3405797101449275 0.2529166666666667 0.3333333333333333 0.01125
0 1.3413043478260869 0.26958333333333334 0.21739130434782608 0.01125
0 1.3413043478260869 0.22666666666666666 0.07608695652173914 0.011666666666666667
