0 0.04420289855072464 0.0125 0.13115942028985508 0.03333333333333333
0 0.05144927536231884 0.44375 0.14347826086956522 0.028333333333333332
0 0.05144927536231884 0.29041666666666666 0.1471014492753623 0.028333333333333332
0 0.05144927536231884 0.26958333333333334 0.1318840579710145 0.01125
0 0.05144927536231884 0.1375 0.1492753623188406 0.028333333333333332
0 0.05144927536231884 0.09083333333333334 0.06666666666666667 0.01375
0 0.05217391304347826 0.4225 0.55 0.01125
0 0.05217391304347826 0.2529166666666667 0.3384057971014493 0.01125
0 0.05217391304347826 0.11625 0.5355072463768116 0.01125
0 0.05289855072463768 0.39708333333333334 0.0746376811594203 0.01375
0 0.05289855072463768 0.22708333333333333 0.0572463768115942 0.01375
0 0.1927536231884058 0.0125 0.15217391304347827 0.03333333333333333
0 0.36231884057971014 0.0125 0.15072463768115943 0.03333333333333333
0 0.48043478260869565 0.26958333333333334 0.1536231884057971 0.01125
0 0.4811594202898551 0.29041666666666666 0.15434782608695652 0.028333333333333332
0 0.4811594202898551 0.2529166666666667 0.3427536231884058 0.01125
0 0.4811594202898551 0.22708333333333333 0.08043478260869565 0.010833333333333334
0 0.5304347826086957 0.0125 0.13260869565217392 0.03333333333333333
0 0.9101449275362319 0.2529166666666667 0.15 0.01125
0 0.9108695652173913 0.3070833333333333 0.13405797101449277 0.028333333333333332
0 0.9108695652173913 0.28625 0.08333333333333333 0.00875
0 0.9108695652173913 0.22708333333333333 0.08043478260869565 0.010833333333333334
0 0.9115942028985508 0.26958333333333334 0.3079710144927536 0.01125
0 0.9159420289855073 0.44375 0.12971014492753624 0.028333333333333332
0 0.9166666666666666 0.4225 0.5695652173913044 0.01125
0 0.9181159420289855 0.39708333333333334 0.060144927536231886 0.010833333333333334
0 1.3398550724637681 0.3070833333333333 0.13333333333333333 0.028333333333333332
0 1.3405797101449275 0.28625 0.08043478260869565 0.01125
0 1.3405797101449275 0.26958333333333334 0.3217391304347826 0.01125
0 1.3405797101449275 0.2529166666666667 0.16159420289855073 0.01125
0 1.3405797101449275 0.22666666666666666 0.07898550724637682 0.014166666666666666
0 1.3442028985507246 0.23 0.016666666666666666 0.004166666666666667
