0 0.04420289855072464 0.0125 0.1398550724637681 0.03333333333333333
0 0.05144927536231884 0.4270833333333333 0.1355072463768116 0.028333333333333332
0 0.05144927536231884 0.27375 0.1492753623188406 0.028333333333333332
0 0.05144927536231884 0.1375 0.13115942028985508 0.028333333333333332
0 0.05144927536231884 0.11625 0.5152173913043478 0.01125
0 0.05217391304347826 0.4058333333333333 0.22318840579710145 0.01125
0 0.05217391304347826 0.38916666666666666 0.3050724637681159 0.01125
0 0.05217391304347826 0.09083333333333334 0.08043478260869565 0.010833333333333334
0 0.05289855072463768 0.36375 0.07753623188405798 0.010833333333333334
0 0.05289855072463768 0.2529166666666667 0.5318840579710145 0.01125
0 0.05289855072463768 0.22708333333333333 0.07536231884057971 0.01375
0 0.20144927536231885 0.0125 0.11884057971014493 0.03333333333333333
0 0.33768115942028987 0.0125 0.14782608695652175 0.03333333333333333
0 0.4811594202898551 0.4270833333333333 0.1391304347826087 0.028333333333333332
0 0.4811594202898551 0.4058333333333333 0.22028985507246376 0.01125
0 0.4811594202898551 0.36375 0.06956521739130435 0.010833333333333334
0 0.48188405797101447 0.38916666666666666 0.2833333333333333 0.01125
0 0.5028985507246376 0.0125 0.15507246376811595 0.03333333333333333
0 0.9101449275362319 0.4058333333333333 0.3036231884057971 0.01125
0 0.9108695652173913 0.44375 0.1492753623188406 0.028333333333333332
0 0.9108695652173913 0.4225 0.050724637681159424 0.01125
0 0.9108695652173913 0.38916666666666666 0.17391304347826086 0.01125
0 0.9108695652173913 0.36333333333333334 0.06376811594202898 0.014166666666666666
0 0.9159420289855073 0.1375 0.13695652173913042 0.028333333333333332
0 0.9159420289855073 0.11625 0.5427536231884058 0.01125
0 0.9181159420289855 0.09083333333333334 0.08188405797101449 0.01375
0 1.3398550724637681 0.4270833333333333 0.12101449275362319 0.028333333333333332
0 1.3398550724637681 0.36375 0.07173913043478261 0.01375
0 1.3413043478260869 0.4058333333333333 0.23405797101449274 0.01125
0 1.3413043478260869 0.38916666666666666 0.2942028985507246 0.01125
