0 0.04420289855072464 0.0125 0.13043478260869565 0.03333333333333333
0 0.05144927536231884 0.4270833333333333 0.14855072463768115 0.028333333333333332
0 0.05144927536231884 0.27375 0.15434782608695652 0.028333333333333332
0 0.05144927536231884 0.2529166666666667 0.5130434782608696 0.01125
0 0.05144927536231884 0.1375 0.14855072463768115 0.028333333333333332
0 0.05217391304347826 0.4058333333333333 0.17318840579710146 0.01125
0 0.05217391304347826 0.38916666666666666 0.33768115942028987 0.01125
0 0.05217391304347826 0.22666666666666666 0.06304347826086956 0.014166666666666666
0 0.05289855072463768 0.36375 0.06884057971014493 0.010833333333333334
0 0.05289855072463768 0.11625 0.4797101449275362 0.01125
0 0.05289855072463768 0.09083333333333334 0.07246376811594203 0.010833333333333334
0 0.19202898550724637 0.0125 0.1391304347826087 0.03333333333333333
0 0.34855072463768116 0.0125 0.16666666666666666 0.03333333333333333
0 0.48043478260869565 0.38916666666666666 0.3159420289855073 0.01125
0 0.48043478260869565 0.36375 0.05144927536231884 0.01375
0 0.4811594202898551 0.4270833333333333 0.14130434782608695 0.028333333333333332
0 0.4811594202898551 0.4058333333333333 0.19202898550724637 0.01125
0 0.9108695652173913 0.4270833333333333 0.14347826086956522 0.028333333333333332
0 0.9108695652173913 0.4058333333333333 0.29637681159420287 0.01125
0 0.9115942028985508 0.38916666666666666 0.25072463768115943 0.01125
0 0.9123188405797101 0.36375 0.08188405797101449 0.01375
0 0.9159420289855073 0.27375 0.1391304347826087 0.028333333333333332
0 0.9166666666666666 0.2529166666666667 0.5427536231884058 0.01125
0 0.9173913043478261 0.22666666666666666 0.0746376811594203 0.014166666666666666
0 1.3398550724637681 0.4270833333333333 0.14565217391304347 0.028333333333333332
0 1.3405797101449275 0.38916666666666666 0.33695652173913043 0.01125
0 1.3413043478260869 0.4058333333333333 0.21884057971014492 0.01125
0 1.3420289855072465 0.36375 0.07536231884057971 0.010833333333333334
