0 0.04420289855072464 0.0125 0.14492753623188406 0.03333333333333333
0 0.05144927536231884 0.4270833333333333 0.12753623188405797 0.028333333333333332
0 0.05144927536231884 0.27375 0.1471014492753623 0.028333333333333332
0 0.05144927536231884 0.2529166666666667 0.5311594202898551 0.01125
0 0.05144927536231884 0.1375 0.13043478260869565 0.028333333333333332
0 0.05144927536231884 0.09083333333333334 0.06739130434782609 0.01375
0 0.05217391304347826 0.4058333333333333 0.21884057971014492 0.01125
0 0.05217391304347826 0.38916666666666666 0.3239130434782609 0.01125
0 0.05217391304347826 0.11625 0.5101449275362319 0.01125
0 0.05289855072463768 0.36375 0.06666666666666667 0.010833333333333334
0 0.05289855072463768 0.22708333333333333 0.06594202898550725 0.01375
0 0.20652173913043478 0.0125 0.1398550724637681 0.03333333333333333
0 0.36376811594202896 0.0125 0.13115942028985508 0.03333333333333333
0 0.4811594202898551 0.4270833333333333 0.13768115942028986 0.028333333333333332
0 0.4811594202898551 0.4058333333333333 0.1956521739130435 0.01125
0 0.48188405797101447 0.38916666666666666 0.3159420289855073 0.01125
0 0.4826086956521739 0.36375 0.06739130434782609 0.01375
0 0.9108695652173913 0.4270833333333333 0.13333333333333333 0.028333333333333332
0 0.9108695652173913 0.4058333333333333 0.26666666666666666 0.01125
0 0.9108695652173913 0.38916666666666666 0.2797101449275362 0.01125
0 0.9123188405797101 0.36375 0.07681159420289856 0.01375
0 0.9159420289855073 0.1375 0.1391304347826087 0.028333333333333332
0 0.9166666666666666 0.11625 0.5362318840579711 0.01125
0 0.9181159420289855 0.09083333333333334 0.07246376811594203 0.010833333333333334
0 1.3398550724637681 0.4270833333333333 0.13695652173913042 0.028333333333333332
0 1.3398550724637681 0.36375 0.08260869565217391 0.01375
0 1.3405797101449275 0.4058333333333333 0.2108695652173913 0.01125
0 1.3413043478260869 0.38916666666666666 0.30144927536231886 0.01125
