0 0.04420289855072464 0.0125 0.1398550724637681 0.03333333333333333
0 0.050724637681159424 0.13291666666666666 0.2528985507246377 0.01125
0 0.05144927536231884 0.44375 0.1427536231884058 0.028333333333333332
0 0.05144927536231884 0.39708333333333334 0.06884057971014493 0.01375
0 0.05144927536231884 0.3070833333333333 0.12391304347826088 0.028333333333333332
0 0.05144927536231884 0.17083333333333334 0.1391304347826087 0.028333333333333332
0 0.05217391304347826 0.4225 0.5579710144927537 0.01125
0 0.05217391304347826 0.28625 0.5572463768115942 0.01125
0 0.05217391304347826 0.14958333333333335 0.09202898550724638 0.01125
0 0.05217391304347826 0.11625 0.19057971014492753 0.01125
0 0.05289855072463768 0.2604166666666667 0.04927536231884058 0.01375
0 0.05289855072463768 0.09083333333333334 0.06739130434782609 0.01125
0 0.20144927536231885 0.0125 0.1391304347826087 0.03333333333333333
0 0.35797101449275365 0.0125 0.14130434782608695 0.03333333333333333
0 0.4811594202898551 0.15416666666666667 0.14782608695652175 0.028333333333333332
0 0.4811594202898551 0.13291666666666666 0.26594202898550723 0.01125
0 0.4811594202898551 0.11625 0.2463768115942029 0.01125
0 0.48188405797101447 0.09041666666666667 0.07681159420289856 0.014166666666666666
0 0.5166666666666667 0.0125 0.15289855072463768 0.03333333333333333
0 0.6869565217391305 0.0125 0.1391304347826087 0.03333333333333333
0 0.9101449275362319 0.09083333333333334 0.06231884057971015 0.010833333333333334
0 0.9108695652173913 0.15416666666666667 0.14855072463768115 0.028333333333333332
0 0.9108695652173913 0.13291666666666666 0.1826086956521739 0.01125
0 0.9108695652173913 0.11625 0.3384057971014493 0.01125
0 0.9159420289855073 0.3070833333333333 0.14347826086956522 0.028333333333333332
0 0.9166666666666666 0.2604166666666667 0.06884057971014493 0.01375
0 0.9173913043478261 0.28625 0.48840579710144927 0.01125
0 1.3398550724637681 0.15416666666666667 0.15144927536231884 0.028333333333333332
0 1.3398550724637681 0.09083333333333334 0.06304347826086956 0.010833333333333334
0 1.3405797101449275 0.13291666666666666 0.23115942028985506 0.01125
0 1.3405797101449275 0.11625 0.3036231884057971 0.01125
