0 0.04420289855072464 0.0125 0.15 0.03333333333333333
0 0.05144927536231884 0.3070833333333333 0.1492753623188406 0.028333333333333332
0 0.05144927536231884 0.26958333333333334 0.2891304347826087 0.01125
0 0.05144927536231884 0.15416666666666667 0.1355072463768116 0.028333333333333332
0 0.05144927536231884 0.11625 0.34347826086956523 0.01125
0 0.05217391304347826 0.28625 0.23043478260869565 0.01125
0 0.05217391304347826 0.24333333333333335 0.08550724637681159 0.012083333333333333
0 0.05217391304347826 0.13291666666666666 0.18188405797101448 0.01125
0 0.05289855072463768 0.09083333333333334 0.06521739130434782 0.01375
0 0.21159420289855072 0.0125 0.14782608695652175 0.03333333333333333
0 0.37681159420289856 0.0125 0.15 0.03333333333333333
0 0.48043478260869565 0.24375 0.060144927536231886 0.010833333333333334
0 0.48043478260869565 0.11625 0.29492753623188406 0.01125
0 0.4811594202898551 0.32375 0.14057971014492754 0.028333333333333332
0 0.4811594202898551 0.28625 0.3289855072463768 0.01125
0 0.4811594202898551 0.15416666666666667 0.14420289855072463 0.028333333333333332
0 0.48188405797101447 0.30291666666666667 0.0927536231884058 0.01125
0 0.48188405797101447 0.26958333333333334 0.08985507246376812 0.01125
0 0.48188405797101447 0.13291666666666666 0.21811594202898552 0.01125
0 0.4826086956521739 0.09083333333333334 0.05144927536231884 0.01375
0 0.9101449275362319 0.09083333333333334 0.0782608695652174 0.01375
0 0.9108695652173913 0.3070833333333333 0.14202898550724638 0.028333333333333332
0 0.9108695652173913 0.28625 0.22318840579710145 0.01125
0 0.9108695652173913 0.15416666666666667 0.1355072463768116 0.028333333333333332
0 0.9115942028985508 0.26958333333333334 0.3173913043478261 0.01125
0 0.9115942028985508 0.13291666666666666 0.20942028985507247 0.01125
0 0.9115942028985508 0.11625 0.32681159420289857 0.01125
0 0.9123188405797101 0.24375 0.05507246376811594 0.01375
0 1.3398550724637681 0.3070833333333333 0.13115942028985508 0.028333333333333332
0 1.3398550724637681 0.28625 0.24710144927536232 0.01125
0 1.3398550724637681 0.15416666666666667 0.13115942028985508 0.028333333333333332
0 1.3398550724637681 0.13291666666666666 0.2514492753623188 0.01125
0 1.3398550724637681 0.09083333333333334 0.06231884057971015 0.010833333333333334
0 1.3405797101449275 0.26958333333333334 0.28840579710144926 0.01125
0 1.3405797101449275 0.11625 0.30217391304347824 0.01125
0 1.3420289855072465 0.24375 0.06594202898550725 0.010833333333333334
