0 0.04420289855072464 0.0125 0.1427536231884058 0.03333333333333333
0 0.05144927536231884 0.44375 0.14057971014492754 0.028333333333333332
0 0.05144927536231884 0.39708333333333334 0.07028985507246377 0.010833333333333334
0 0.05144927536231884 0.29041666666666666 0.14347826086956522 0.028333333333333332
0 0.05144927536231884 0.2529166666666667 0.2898550724637681 0.01125
0 0.05144927536231884 0.1375 0.14130434782608695 0.028333333333333332
0 0.05217391304347826 0.4225 0.527536231884058 0.01125
0 0.05217391304347826 0.11625 0.4927536231884058 0.01125
0 0.05217391304347826 0.09041666666666667 0.07753623188405798 0.011666666666666667
0 0.05289855072463768 0.26958333333333334 0.22536231884057972 0.01125
0 0.05289855072463768 0.22708333333333333 0.07101449275362319 0.010833333333333334
0 0.20434782608695654 0.0125 0.15942028985507245 0.03333333333333333
0 0.38115942028985506 0.0125 0.14492753623188406 0.03333333333333333
0 0.48043478260869565 0.22708333333333333 0.07536231884057971 0.01375
0 0.4811594202898551 0.3070833333333333 0.1463768115942029 0.028333333333333332
0 0.4811594202898551 0.28625 0.07028985507246377 0.01125
0 0.4811594202898551 0.2529166666666667 0.1144927536231884 0.00875
0 0.48188405797101447 0.26958333333333334 0.3094202898550725 0.01125
0 0.5434782608695652 0.0125 0.14130434782608695 0.03333333333333333
0 0.9101449275362319 0.22708333333333333 0.09855072463768116 0.010833333333333334
0 0.9108695652173913 0.3070833333333333 0.1355072463768116 0.028333333333333332
0 0.9108695652173913 0.28625 0.10652173913043478 0.01125
0 0.9108695652173913 0.2529166666666667 0.17246376811594202 0.01125
0 0.9115942028985508 0.26958333333333334 0.25072463768115943 0.01125
0 0.9159420289855073 0.44375 0.13405797101449277 0.028333333333333332
0 0.9166666666666666 0.4225 0.49492753623188407 0.01125
0 0.9173913043478261 0.39666666666666667 0.08840579710144927 0.014166666666666666
0 0.9202898550724637 0.4 0.016666666666666666 0.004166666666666667
0 1.3398550724637681 0.29041666666666666 0.1398550724637681 0.028333333333333332
0 1.3398550724637681 0.22708333333333333 0.06739130434782609 0.010833333333333334
0 1.3413043478260869 0.26958333333333334 0.2108695652173913 0.01125
0 1.3413043478260869 0.2529166666666667 0.29492753623188406 0.01125
