0 0.04420289855072464 0.0125 0.1572463768115942 0.03333333333333333
0 0.05144927536231884 0.4270833333333333 0.13768115942028986 0.028333333333333332
0 0.05144927536231884 0.38916666666666666 0.2644927536231884 0.01125
0 0.05144927536231884 0.27375 0.13695652173913042 0.028333333333333332
0 0.05144927536231884 0.1375 0.1463768115942029 0.028333333333333332
0 0.05217391304347826 0.4058333333333333 0.23623188405797102 0.01125
0 0.05217391304347826 0.36375 0.06521739130434782 0.01375
0 0.05217391304347826 0.2529166666666667 0.5391304347826087 0.01125
0 0.05217391304347826 0.11625 0.5340579710144927 0.01125
0 0.05289855072463768 0.22708333333333333 0.07028985507246377 0.01375
0 0.05289855072463768 0.09083333333333334 0.07391304347826087 0.01375
0 0.21884057971014492 0.0125 0.1427536231884058 0.03333333333333333
0 0.3789855072463768 0.0125 0.15434782608695652 0.03333333333333333
0 0.4811594202898551 0.44375 0.12681159420289856 0.028333333333333332
0 0.4811594202898551 0.4225 0.18043478260869567 0.01125
0 0.4811594202898551 0.4058333333333333 0.17391304347826086 0.01125
0 0.48188405797101447 0.38916666666666666 0.2398550724637681 0.01125
0 0.4826086956521739 0.36375 0.0644927536231884 0.010833333333333334
0 0.5507246376811594 0.0125 0.1536231884057971 0.03333333333333333
0 0.7217391304347827 0.0125 0.14855072463768115 0.03333333333333333
0 0.9108695652173913 0.4270833333333333 0.13768115942028986 0.028333333333333332
0 0.9108695652173913 0.4058333333333333 0.17753623188405798 0.01125
0 0.9108695652173913 0.38916666666666666 0.37681159420289856 0.01125
0 0.9123188405797101 0.36375 0.058695652173913045 0.010833333333333334
0 0.9159420289855073 0.27375 0.1463768115942029 0.028333333333333332
0 0.9159420289855073 0.22708333333333333 0.0746376811594203 0.01375
0 0.9166666666666666 0.2529166666666667 0.5311594202898551 0.01125
0 1.3398550724637681 0.4270833333333333 0.1427536231884058 0.028333333333333332
0 1.3405797101449275 0.4058333333333333 0.29637681159420287 0.01125
0 1.3413043478260869 0.38916666666666666 0.2543478260869565 0.01125
0 1.3420289855072465 0.36375 0.07028985507246377 0.010833333333333334
