0 0.04420289855072464 0.0125 0.15507246376811595 0.03333333333333333
0 0.05144927536231884 0.4270833333333333 0.15507246376811595 0.028333333333333332
0 0.05144927536231884 0.38916666666666666 0.32753623188405795 0.01125
0 0.05144927536231884 0.27375 0.15289855072463768 0.028333333333333332
0 0.05144927536231884 0.2529166666666667 0.5434782608695652 0.01125
0 0.05144927536231884 0.22708333333333333 0.06159420289855073 0.01375
0 0.05144927536231884 0.1375 0.1492753623188406 0.028333333333333332
0 0.05144927536231884 0.09083333333333334 0.060144927536231886 0.01375
0 0.05217391304347826 0.11625 0.5376811594202898 0.01125
0 0.05289855072463768 0.4058333333333333 0.17391304347826086 0.01125
0 0.05289855072463768 0.36375 0.08405797101449275 0.01375
0 0.21666666666666667 0.0125 0.1391304347826087 0.03333333333333333
0 0.4811594202898551 0.4270833333333333 0.12318840579710146 0.028333333333333332
0 0.4811594202898551 0.38916666666666666 0.26666666666666666 0.01125
0 0.4811594202898551 0.36375 0.07173913043478261 0.010833333333333334
0 0.48188405797101447 0.4058333333333333 0.26811594202898553 0.01125
0 0.9108695652173913 0.4270833333333333 0.11811594202898551 0.028333333333333332
0 0.9108695652173913 0.4058333333333333 0.18478260869565216 0.01125
0 0.9115942028985508 0.38916666666666666 0.3442028985507246 0.01125
0 0.9123188405797101 0.36375 0.08768115942028985 0.01375
0 0.9159420289855073 0.1375 0.14130434782608695 0.028333333333333332
0 0.9159420289855073 0.09083333333333334 0.0572463768115942 0.010833333333333334
0 0.9173913043478261 0.11625 0.49927536231884057 0.01125
0 1.3398550724637681 0.44375 0.1391304347826087 0.028333333333333332
0 1.3398550724637681 0.4058333333333333 0.28840579710144926 0.01125
0 1.3405797101449275 0.4225 0.0572463768115942 0.00875
0 1.3405797101449275 0.38916666666666666 0.18478260869565216 0.01125
0 1.3405797101449275 0.36375 0.059420289855072465 0.01375
