0 0.04420289855072464 0.0125 0.14057971014492754 0.03333333333333333
0 0.05144927536231884 0.4270833333333333 0.15507246376811595 0.028333333333333332
0 0.05144927536231884 0.4058333333333333 0.26956521739130435 0.01125
0 0.05144927536231884 0.27375 0.1427536231884058 0.028333333333333332
0 0.05144927536231884 0.1375 0.14130434782608695 0.028333333333333332
0 0.05144927536231884 0.11625 0.5355072463768116 0.01125
0 0.05217391304347826 0.38916666666666666 0.23840579710144927 0.01125
0 0.05217391304347826 0.36333333333333334 0.0746376811594203 0.014166666666666666
0 0.05217391304347826 0.2529166666666667 0.5282608695652173 0.01125
0 0.05289855072463768 0.22708333333333333 0.06956521739130435 0.010833333333333334
0 0.05289855072463768 0.09083333333333334 0.08623188405797101 0.01375
0 0.20217391304347826 0.0125 0.1565217391304348 0.03333333333333333
0 0.3760869565217391 0.0125 0.1355072463768116 0.03333333333333333
0 0.4811594202898551 0.4270833333333333 0.14782608695652175 0.028333333333333332
0 0.4811594202898551 0.4058333333333333 0.16231884057971013 0.01125
0 0.4811594202898551 0.36375 0.06594202898550725 0.01125
0 0.48188405797101447 0.38916666666666666 0.3391304347826087 0.01125
0 0.5289855072463768 0.0125 0.13478260869565217 0.03333333333333333
0 0.6811594202898551 0.0125 0.12246376811594203 0.03333333333333333
0 0.9101449275362319 0.36375 0.08115942028985507 0.01375
0 0.9108695652173913 0.4270833333333333 0.1391304347826087 0.028333333333333332
0 0.9108695652173913 0.4058333333333333 0.1782608695652174 0.01125
0 0.9108695652173913 0.38916666666666666 0.3144927536231884 0.01125
0 0.9159420289855073 0.1375 0.12318840579710146 0.028333333333333332
0 0.9159420289855073 0.09083333333333334 0.08405797101449275 0.01375
0 0.9166666666666666 0.11625 0.5195652173913043 0.01125
0 1.3398550724637681 0.4270833333333333 0.13768115942028986 0.028333333333333332
0 1.3398550724637681 0.4058333333333333 0.2768115942028985 0.01125
0 1.3405797101449275 0.38916666666666666 0.2673913043478261 0.01125
0 1.3413043478260869 0.36375 0.060144927536231886 0.01125
