0 0.04420289855072464 0.0125 0.1391304347826087 0.03333333333333333
0 0.050724637681159424 0.4225 0.5144927536231884 0.01125
0 0.05144927536231884 0.44375 0.12536231884057972 0.028333333333333332
0 0.05144927536231884 0.3070833333333333 0.14130434782608695 0.028333333333333332
0 0.05144927536231884 0.15416666666666667 0.1572463768115942 0.028333333333333332
0 0.05144927536231884 0.13291666666666666 0.23768115942028986 0.01125
0 0.05144927536231884 0.09083333333333334 0.06086956521739131 0.01375
0 0.05217391304347826 0.28625 0.5304347826086957 0.01125
0 0.05217391304347826 0.2604166666666667 0.07391304347826087 0.01375
0 0.05217391304347826 0.11625 0.2971014492753623 0.01125
0 0.05289855072463768 0.39708333333333334 0.07681159420289856 0.01375
0 0.20072463768115942 0.0125 0.1492753623188406 0.03333333333333333
0 0.48043478260869565 0.09083333333333334 0.0644927536231884 0.01375
0 0.4811594202898551 0.15416666666666667 0.14420289855072463 0.028333333333333332
0 0.4811594202898551 0.13291666666666666 0.25217391304347825 0.01125
0 0.48188405797101447 0.11625 0.26594202898550723 0.01125
0 0.9101449275362319 0.11625 0.10217391304347827 0.01125
0 0.9101449275362319 0.09083333333333334 0.07101449275362319 0.01375
0 0.9108695652173913 0.17083333333333334 0.1492753623188406 0.028333333333333332
0 0.9108695652173913 0.14958333333333335 0.10434782608695652 0.01125
0 0.9115942028985508 0.13291666666666666 0.2985507246376812 0.01125
0 0.9159420289855073 0.44375 0.13405797101449277 0.028333333333333332
0 0.9159420289855073 0.39708333333333334 0.08043478260869565 0.010833333333333334
0 0.9166666666666666 0.4225 0.4934782608695652 0.01125
0 1.3398550724637681 0.15416666666666667 0.1471014492753623 0.028333333333333332
0 1.3398550724637681 0.09083333333333334 0.07101449275362319 0.01125
0 1.3405797101449275 0.11625 0.39855072463768115 0.01125
0 1.3413043478260869 0.13291666666666666 0.1536231884057971 0.01125
