0 0.04420289855072464 0.0125 0.15942028985507245 0.03333333333333333
0 0.05144927536231884 0.1375 0.14347826086956522 0.028333333333333332
0 0.05144927536231884 0.11625 0.5144927536231884 0.01125
0 0.05144927536231884 0.09083333333333334 0.05289855072463768 0.010833333333333334
0 0.2210144927536232 0.0125 0.16666666666666666 0.03333333333333333
0 0.40507246376811595 0.0125 0.13260869565217392 0.03333333333333333
0 0.5550724637681159 0.0125 0.1572463768115942 0.03333333333333333
0 0.7297101449275363 0.0125 0.14420289855072463 0.03333333333333333
0 0.9159420289855073 0.1375 0.14130434782608695 0.028333333333333332
0 0.9166666666666666 0.09083333333333334 0.05 0.01375
0 0.9173913043478261 0.11625 0.5123188405797101 0.01125
