0 0.04420289855072464 0.0125 0.14855072463768115 0.03333333333333333
0 0.05144927536231884 0.4270833333333333 0.12681159420289856 0.028333333333333332
0 0.05144927536231884 0.27375 0.15144927536231884 0.028333333333333332
0 0.05144927536231884 0.2529166666666667 0.5340579710144927 0.01125
0 0.05144927536231884 0.1375 0.15217391304347827 0.028333333333333332
0 0.05144927536231884 0.11625 0.5471014492753623 0.01125
0 0.05217391304347826 0.4058333333333333 0.16666666666666666 0.01125
0 0.05217391304347826 0.38916666666666666 0.3188405797101449 0.01125
0 0.05217391304347826 0.09041666666666667 0.06956521739130435 0.014166666666666666
0 0.05289855072463768 0.36375 0.08115942028985507 0.010833333333333334
0 0.05289855072463768 0.22708333333333333 0.08333333333333333 0.01375
0 0.21014492753623187 0.0125 0.1463768115942029 0.03333333333333333
0 0.4811594202898551 0.4270833333333333 0.15797101449275364 0.028333333333333332
0 0.4811594202898551 0.4058333333333333 0.22028985507246376 0.01125
0 0.4811594202898551 0.38916666666666666 0.31521739130434784 0.01125
0 0.4826086956521739 0.36375 0.07536231884057971 0.01375
0 0.9108695652173913 0.4270833333333333 0.1471014492753623 0.028333333333333332
0 0.9108695652173913 0.4058333333333333 0.2710144927536232 0.01125
0 0.9115942028985508 0.38916666666666666 0.28405797101449276 0.01125
0 0.9123188405797101 0.36375 0.07173913043478261 0.01125
0 0.9159420289855073 0.27375 0.14347826086956522 0.028333333333333332
0 0.9173913043478261 0.2529166666666667 0.55 0.01125
0 0.9181159420289855 0.22708333333333333 0.0572463768115942 0.01375
0 1.3398550724637681 0.4270833333333333 0.1398550724637681 0.028333333333333332
0 1.3398550724637681 0.38916666666666666 0.263768115942029 0.01125
0 1.3405797101449275 0.4058333333333333 0.26159420289855073 0.01125
0 1.3405797101449275 0.36333333333333334 0.07028985507246377 0.011666666666666667
0 1.3442028985507246 0.36666666666666664 0.016666666666666666 0.004166666666666667
