0 0.04420289855072464 0.0125 0.13840579710144926 0.03333333333333333
0 0.05144927536231884 0.4270833333333333 0.13768115942028986 0.028333333333333332
0 0.05144927536231884 0.29041666666666666 0.1289855072463768 0.028333333333333332
0 0.05144927536231884 0.24375 0.06666666666666667 0.010833333333333334
0 0.05144927536231884 0.15416666666666667 0.14130434782608695 0.028333333333333332
0 0.05144927536231884 0.13291666666666666 0.3159420289855073 0.01125
0 0.05144927536231884 0.11625 0.2746376811594203 0.01125
0 0.05144927536231884 0.09083333333333334 0.06231884057971015 0.010833333333333334
0 0.05217391304347826 0.4058333333333333 0.5826086956521739 0.01125
0 0.05217391304347826 0.38 0.0644927536231884 0.011666666666666667
0 0.05217391304347826 0.26958333333333334 0.5514492753623188 0.01125
0 0.05507246376811594 0.38333333333333336 0.016666666666666666 0.004166666666666667
0 0.2 0.0125 0.14420289855072463 0.03333333333333333
0 0.3615942028985507 0.0125 0.14202898550724638 0.03333333333333333
0 0.4811594202898551 0.15416666666666667 0.1355072463768116 0.028333333333333332
0 0.4811594202898551 0.11625 0.3456521739130435 0.01125
0 0.48188405797101447 0.13291666666666666 0.2318840579710145 0.01125
0 0.4826086956521739 0.09083333333333334 0.07318840579710145 0.01375
0 0.5210144927536232 0.0125 0.15579710144927536 0.03333333333333333
0 0.6942028985507246 0.0125 0.15144927536231884 0.03333333333333333
0 0.9101449275362319 0.09083333333333334 0.06884057971014493 0.010833333333333334
0 0.9108695652173913 0.15416666666666667 0.1572463768115942 0.028333333333333332
0 0.9108695652173913 0.13291666666666666 0.1927536231884058 0.01125
0 0.9108695652173913 0.11625 0.3384057971014493 0.01125
0 0.9159420289855073 0.29041666666666666 0.1463768115942029 0.028333333333333332
0 0.9159420289855073 0.24375 0.06884057971014493 0.01375
0 0.9166666666666666 0.26958333333333334 0.6065217391304348 0.01125
0 1.3398550724637681 0.15416666666666667 0.14347826086956522 0.028333333333333332
0 1.3413043478260869 0.13291666666666666 0.22318840579710145 0.01125
0 1.3413043478260869 0.11625 0.2942028985507246 0.01125
0 1.3420289855072465 0.09083333333333334 0.06594202898550725 0.01375
