0 0.04420289855072464 0.0125 0.1572463768115942 0.03333333333333333
0 0.05144927536231884 0.44375 0.13333333333333333 0.028333333333333332
0 0.05144927536231884 0.4225 0.527536231884058 0.01125
0 0.05144927536231884 0.3070833333333333 0.15579710144927536 0.028333333333333332
0 0.05144927536231884 0.28625 0.06666666666666667 0.00875
0 0.05144927536231884 0.26958333333333334 0.2826086956521739 0.01125
0 0.05144927536231884 0.1375 0.1391304347826087 0.028333333333333332
0 0.05144927536231884 0.09083333333333334 0.06884057971014493 0.01375
0 0.05217391304347826 0.39666666666666667 0.0782608695652174 0.014166666666666666
0 0.05217391304347826 0.2529166666666667 0.18695652173913044 0.01125
0 0.05217391304347826 0.11625 0.5239130434782608 0.01125
0 0.05289855072463768 0.22708333333333333 0.059420289855072465 0.01375
0 0.05507246376811594 0.4008333333333333 0.018115942028985508 0.0033333333333333335
0 0.21884057971014492 0.0125 0.14565217391304347 0.03333333333333333
0 0.4811594202898551 0.3070833333333333 0.14492753623188406 0.028333333333333332
0 0.4811594202898551 0.26958333333333334 0.2898550724637681 0.01125
0 0.4811594202898551 0.2529166666666667 0.12536231884057972 0.01125
0 0.48188405797101447 0.28625 0.11739130434782609 0.00875
0 0.4826086956521739 0.22708333333333333 0.06811594202898551 0.01375
0 0.9101449275362319 0.26958333333333334 0.28695652173913044 0.01125
0 0.9101449275362319 0.22708333333333333 0.06739130434782609 0.010833333333333334
0 0.9108695652173913 0.29041666666666666 0.12318840579710146 0.028333333333333332
0 0.9115942028985508 0.2529166666666667 0.25217391304347825 0.01125
0 0.9159420289855073 0.1375 0.1492753623188406 0.028333333333333332
0 0.9173913043478261 0.11625 0.5355072463768116 0.01125
0 0.9181159420289855 0.09083333333333334 0.06521739130434782 0.01375
0 1.3398550724637681 0.29041666666666666 0.13840579710144926 0.028333333333333332
0 1.3398550724637681 0.2529166666666667 0.3217391304347826 0.01125
0 1.3405797101449275 0.26958333333333334 0.19130434782608696 0.01125
0 1.3405797101449275 0.22666666666666666 0.06594202898550725 0.011666666666666667
