0 0.04420289855072464 0.0125 0.13768115942028986 0.03333333333333333
0 0.05144927536231884 0.4270833333333333 0.15072463768115943 0.028333333333333332
0 0.05144927536231884 0.27375 0.14492753623188406 0.028333333333333332
0 0.05144927536231884 0.1375 0.13115942028985508 0.028333333333333332
0 0.05144927536231884 0.11625 0.5202898550724637 0.01125
0 0.05217391304347826 0.4058333333333333 0.20507246376811594 0.01125
0 0.05217391304347826 0.38916666666666666 0.32608695652173914 0.01125
0 0.05217391304347826 0.22666666666666666 0.07536231884057971 0.014166666666666666
0 0.05289855072463768 0.36375 0.07898550724637682 0.01375
0 0.05289855072463768 0.2529166666666667 0.5456521739130434 0.01125
0 0.05289855072463768 0.09083333333333334 0.08405797101449275 0.01375
0 0.19927536231884058 0.0125 0.1565217391304348 0.03333333333333333
0 0.37318840579710144 0.0125 0.13695652173913042 0.03333333333333333
0 0.4811594202898551 0.4270833333333333 0.15072463768115943 0.028333333333333332
0 0.4811594202898551 0.4058333333333333 0.3036231884057971 0.01125
0 0.48188405797101447 0.38916666666666666 0.26956521739130435 0.01125
0 0.4826086956521739 0.36375 0.07753623188405798 0.01375
0 0.527536231884058 0.0125 0.1608695652173913 0.03333333333333333
0 0.9108695652173913 0.4270833333333333 0.1427536231884058 0.028333333333333332
0 0.9108695652173913 0.4058333333333333 0.2536231884057971 0.01125
0 0.9115942028985508 0.38916666666666666 0.263768115942029 0.01125
0 0.9115942028985508 0.36333333333333334 0.07391304347826087 0.014166666666666666
0 0.9144927536231884 0.36666666666666664 0.016666666666666666 0.004166666666666667
0 0.9159420289855073 0.1375 0.15289855072463768 0.028333333333333332
0 0.9173913043478261 0.11625 0.5492753623188406 0.01125
0 0.9181159420289855 0.09083333333333334 0.08405797101449275 0.010833333333333334
0 1.3398550724637681 0.4270833333333333 0.1427536231884058 0.028333333333333332
0 1.3405797101449275 0.4058333333333333 0.22391304347826088 0.01125
0 1.3405797101449275 0.38916666666666666 0.3065217391304348 0.01125
0 1.3405797101449275 0.36375 0.06594202898550725 0.010833333333333334
