0 0.04420289855072464 0.0125 0.14782608695652175 0.03333333333333333
0 0.05144927536231884 0.44375 0.13043478260869565 0.028333333333333332
0 0.05144927536231884 0.29041666666666666 0.14492753623188406 0.028333333333333332
0 0.05144927536231884 0.26958333333333334 0.17681159420289855 0.01125
0 0.05144927536231884 0.2529166666666667 0.34855072463768116 0.01125
0 0.05144927536231884 0.1375 0.1289855072463768 0.028333333333333332
0 0.05217391304347826 0.4225 0.5391304347826087 0.01125
0 0.05217391304347826 0.22666666666666666 0.0782608695652174 0.014166666666666666
0 0.05217391304347826 0.11625 0.5471014492753623 0.01125
0 0.05289855072463768 0.39708333333333334 0.07536231884057971 0.01375
0 0.05289855072463768 0.09083333333333334 0.07101449275362319 0.01375
0 0.20942028985507247 0.0125 0.13115942028985508 0.03333333333333333
0 0.4811594202898551 0.29041666666666666 0.1398550724637681 0.028333333333333332
0 0.48188405797101447 0.26958333333333334 0.30434782608695654 0.01125
0 0.48188405797101447 0.2529166666666667 0.1855072463768116 0.01125
0 0.48188405797101447 0.22666666666666666 0.050724637681159424 0.011666666666666667
0 0.9108695652173913 0.29041666666666666 0.16231884057971013 0.028333333333333332
0 0.9108695652173913 0.26958333333333334 0.15942028985507245 0.01125
0 0.9115942028985508 0.2529166666666667 0.34347826086956523 0.01125
0 0.9123188405797101 0.22708333333333333 0.06811594202898551 0.010833333333333334
0 0.9159420289855073 0.1375 0.1536231884057971 0.028333333333333332
0 0.9166666666666666 0.11625 0.5362318840579711 0.01125
0 0.9181159420289855 0.09083333333333334 0.06811594202898551 0.01375
0 1.3398550724637681 0.3070833333333333 0.12246376811594203 0.028333333333333332
0 1.3405797101449275 0.26958333333333334 0.39855072463768115 0.01125
0 1.3405797101449275 0.2529166666666667 0.021739130434782608 0.01125
0 1.3413043478260869 0.28625 0.06086956521739131 0.00875
0 1.3420289855072465 0.22708333333333333 0.07898550724637682 0.01125
