0 0.04420289855072464 0.0125 0.13623188405797101 0.03333333333333333
0 0.05144927536231884 0.4270833333333333 0.1427536231884058 0.028333333333333332
0 0.05144927536231884 0.36375 0.07318840579710145 0.01375
0 0.05144927536231884 0.27375 0.14565217391304347 0.028333333333333332
0 0.05144927536231884 0.2529166666666667 0.5442028985507247 0.01125
0 0.05144927536231884 0.1375 0.13405797101449277 0.028333333333333332
0 0.05144927536231884 0.09083333333333334 0.07028985507246377 0.010833333333333334
0 0.05217391304347826 0.4058333333333333 0.26594202898550723 0.01125
0 0.05217391304347826 0.38916666666666666 0.24130434782608695 0.01125
0 0.05217391304347826 0.22666666666666666 0.0746376811594203 0.014166666666666666
0 0.05289855072463768 0.11625 0.5072463768115942 0.01125
0 0.19782608695652174 0.0125 0.14782608695652175 0.03333333333333333
0 0.4811594202898551 0.4270833333333333 0.14420289855072463 0.028333333333333332
0 0.4811594202898551 0.4058333333333333 0.23695652173913043 0.01125
0 0.4811594202898551 0.38916666666666666 0.28695652173913044 0.01125
0 0.4826086956521739 0.36375 0.060144927536231886 0.01125
0 0.9108695652173913 0.4270833333333333 0.13840579710144926 0.028333333333333332
0 0.9115942028985508 0.4058333333333333 0.3318840579710145 0.01125
0 0.9115942028985508 0.38916666666666666 0.18840579710144928 0.01125
0 0.9123188405797101 0.36375 0.08115942028985507 0.010833333333333334
0 0.9159420289855073 0.1375 0.1289855072463768 0.028333333333333332
0 0.9159420289855073 0.09083333333333334 0.08115942028985507 0.010833333333333334
0 0.9166666666666666 0.11625 0.5166666666666667 0.01125
0 1.3398550724637681 0.4270833333333333 0.15507246376811595 0.028333333333333332
0 1.3398550724637681 0.36375 0.08478260869565217 0.010833333333333334
0 1.3405797101449275 0.4058333333333333 0.29637681159420287 0.01125
0 1.3413043478260869 0.38916666666666666 0.22246376811594204 0.01125
