0 0.04420289855072464 0.0125 0.11666666666666667 0.03333333333333333
0 0.05144927536231884 0.4270833333333333 0.14202898550724638 0.028333333333333332
0 0.05144927536231884 0.27375 0.14855072463768115 0.028333333333333332
0 0.05144927536231884 0.1375 0.1391304347826087 0.028333333333333332
0 0.05217391304347826 0.4058333333333333 0.26014492753623186 0.01125
0 0.05217391304347826 0.38916666666666666 0.29782608695652174 0.01125
0 0.05217391304347826 0.22708333333333333 0.07173913043478261 0.01375
0 0.05217391304347826 0.11625 0.5398550724637681 0.01125
0 0.05289855072463768 0.36375 0.06086956521739131 0.01125
0 0.05289855072463768 0.2529166666666667 0.5456521739130434 0.01125
0 0.05289855072463768 0.09083333333333334 0.06304347826086956 0.01375
0 0.1782608695652174 0.0125 0.15072463768115943 0.03333333333333333
0 0.3463768115942029 0.0125 0.14565217391304347 0.03333333333333333
0 0.48043478260869565 0.36375 0.06956521739130435 0.01375
0 0.4811594202898551 0.44375 0.13623188405797101 0.028333333333333332
0 0.4811594202898551 0.4225 0.07971014492753623 0.01125
0 0.4811594202898551 0.38916666666666666 0.12246376811594203 0.01125
0 0.48188405797101447 0.4058333333333333 0.3652173913043478 0.01125
0 0.5094202898550725 0.0125 0.1398550724637681 0.03333333333333333
0 0.6666666666666666 0.0125 0.14420289855072463 0.03333333333333333
0 0.9108695652173913 0.4270833333333333 0.1355072463768116 0.028333333333333332
0 0.9108695652173913 0.4058333333333333 0.28405797101449276 0.01125
0 0.9108695652173913 0.38916666666666666 0.25507246376811593 0.01125
0 0.9115942028985508 0.36333333333333334 0.08115942028985507 0.014166666666666666
0 0.9159420289855073 0.1375 0.12173913043478261 0.028333333333333332
0 0.9159420289855073 0.09083333333333334 0.060144927536231886 0.010833333333333334
0 0.9166666666666666 0.11625 0.5318840579710145 0.01125
0 1.3398550724637681 0.4270833333333333 0.14782608695652175 0.028333333333333332
0 1.3398550724637681 0.4058333333333333 0.33695652173913043 0.01125
0 1.3405797101449275 0.38916666666666666 0.22536231884057972 0.01125
0 1.3420289855072465 0.36375 0.07028985507246377 0.01375
