0 0.04420289855072464 0.0125 0.16376811594202897 0.03333333333333333
0 0.05144927536231884 0.44375 0.1644927536231884 0.028333333333333332
0 0.05144927536231884 0.3070833333333333 0.13115942028985508 0.028333333333333332
0 0.05144927536231884 0.2604166666666667 0.08260869565217391 0.01125
0 0.05144927536231884 0.15416666666666667 0.15289855072463768 0.028333333333333332
0 0.05144927536231884 0.09083333333333334 0.07608695652173914 0.01125
0 0.05217391304347826 0.4225 0.4826086956521739 0.01125
0 0.05217391304347826 0.28625 0.5369565217391304 0.01125
0 0.05217391304347826 0.11625 0.4 0.01125
0 0.05289855072463768 0.39708333333333334 0.06304347826086956 0.01375
0 0.05289855072463768 0.13291666666666666 0.13695652173913042 0.01125
0 0.22536231884057972 0.0125 0.1572463768115942 0.03333333333333333
0 0.4 0.0125 0.12391304347826088 0.03333333333333333
0 0.4811594202898551 0.15416666666666667 0.12391304347826088 0.028333333333333332
0 0.4811594202898551 0.11625 0.32463768115942027 0.01125
0 0.48188405797101447 0.13291666666666666 0.1855072463768116 0.01125
0 0.4826086956521739 0.09083333333333334 0.07898550724637682 0.010833333333333334
0 0.9101449275362319 0.11625 0.31666666666666665 0.01125
0 0.9108695652173913 0.15416666666666667 0.12028985507246377 0.028333333333333332
0 0.9108695652173913 0.13291666666666666 0.20217391304347826 0.01125
0 0.9123188405797101 0.09083333333333334 0.06594202898550725 0.01375
0 0.9159420289855073 0.44375 0.14202898550724638 0.028333333333333332
0 0.9159420289855073 0.4225 0.5115942028985507 0.01125
0 0.9159420289855073 0.39708333333333334 0.0572463768115942 0.010833333333333334
0 1.3398550724637681 0.17083333333333334 0.13768115942028986 0.028333333333333332
0 1.3398550724637681 0.11625 0.02826086956521739 0.00875
0 1.3405797101449275 0.13291666666666666 0.39855072463768115 0.01125
0 1.3405797101449275 0.09041666666666667 0.06811594202898551 0.014166666666666666
0 1.3413043478260869 0.14958333333333335 0.06086956521739131 0.01125
