0 0.04420289855072464 0.0125 0.14855072463768115 0.03333333333333333
0 0.05144927536231884 0.4270833333333333 0.14347826086956522 0.028333333333333332
0 0.05144927536231884 0.4058333333333333 0.563768115942029 0.01125
0 0.05144927536231884 0.29041666666666666 0.16159420289855073 0.028333333333333332
0 0.05144927536231884 0.15416666666666667 0.1282608695652174 0.028333333333333332
0 0.05144927536231884 0.13291666666666666 0.20217391304347826 0.01125
0 0.05217391304347826 0.38 0.07536231884057971 0.014166666666666666
0 0.05217391304347826 0.26958333333333334 0.5398550724637681 0.01125
0 0.05217391304347826 0.11625 0.3289855072463768 0.01125
0 0.05289855072463768 0.24375 0.08260869565217391 0.01375
0 0.05289855072463768 0.09083333333333334 0.07391304347826087 0.01375
0 0.21014492753623187 0.0125 0.13043478260869565 0.03333333333333333
0 0.35797101449275365 0.0125 0.15144927536231884 0.03333333333333333
0 0.4811594202898551 0.15416666666666667 0.13043478260869565 0.028333333333333332
0 0.4811594202898551 0.09083333333333334 0.07101449275362319 0.01375
0 0.48188405797101447 0.13291666666666666 0.20434782608695654 0.01125
0 0.48188405797101447 0.11625 0.3239130434782609 0.01125
0 0.5268115942028986 0.0125 0.1492753623188406 0.03333333333333333
0 0.9108695652173913 0.15416666666666667 0.14420289855072463 0.028333333333333332
0 0.9108695652173913 0.13291666666666666 0.2985507246376812 0.01125
0 0.9108695652173913 0.11625 0.2108695652173913 0.01125
0 0.9123188405797101 0.09083333333333334 0.06594202898550725 0.01375
0 0.9159420289855073 0.29041666666666666 0.1644927536231884 0.028333333333333332
0 0.9166666666666666 0.26958333333333334 0.518840579710145 0.01125
0 0.9181159420289855 0.24375 0.06884057971014493 0.01375
0 1.3398550724637681 0.15416666666666667 0.15 0.028333333333333332
0 1.3398550724637681 0.13291666666666666 0.1927536231884058 0.01125
0 1.3405797101449275 0.11625 0.3355072463768116 0.01125
0 1.3405797101449275 0.09041666666666667 0.05579710144927536 0.011666666666666667
