0 0.0 0.5691666666666667 0.7369565217391304 0.005833333333333334
0 0.04420289855072464 0.0125 0.14420289855072463 0.03333333333333333
0 0.05144927536231884 0.4270833333333333 0.14347826086956522 0.028333333333333332
0 0.05144927536231884 0.4058333333333333 0.5434782608695652 0.01125
0 0.05144927536231884 0.29041666666666666 0.14202898550724638 0.028333333333333332
0 0.05144927536231884 0.1375 0.12971014492753624 0.028333333333333332
0 0.05217391304347826 0.38 0.08623188405797101 0.014166666666666666
0 0.05217391304347826 0.2529166666666667 0.3239130434782609 0.01125
0 0.05217391304347826 0.22666666666666666 0.06884057971014493 0.014166666666666666
0 0.05217391304347826 0.11625 0.5391304347826087 0.01125
0 0.05289855072463768 0.26958333333333334 0.1644927536231884 0.01125
0 0.05289855072463768 0.09083333333333334 0.05434782608695652 0.010833333333333334
0 0.20579710144927535 0.0125 0.14202898550724638 0.03333333333333333
0 0.3652173913043478 0.0125 0.14782608695652175 0.03333333333333333
0 0.4811594202898551 0.29041666666666666 0.1282608695652174 0.028333333333333332
0 0.4811594202898551 0.26958333333333334 0.17246376811594202 0.01125
0 0.48188405797101447 0.2529166666666667 0.34492753623188405 0.01125
0 0.4826086956521739 0.22708333333333333 0.07608695652173914 0.010833333333333334
0 0.7630434782608696 0.51 0.2144927536231884 0.01125
0 0.9108695652173913 0.29041666666666666 0.1355072463768116 0.028333333333333332
0 0.9108695652173913 0.26958333333333334 0.2608695652173913 0.01125
0 0.9108695652173913 0.2529166666666667 0.2985507246376812 0.01125
0 0.9123188405797101 0.22708333333333333 0.06666666666666667 0.01375
0 0.9159420289855073 0.4270833333333333 0.1492753623188406 0.028333333333333332
0 0.9159420289855073 0.4058333333333333 0.5123188405797101 0.01125
0 0.9181159420289855 0.3804166666666667 0.06376811594202898 0.01375
0 1.3398550724637681 0.29041666666666666 0.14420289855072463 0.028333333333333332
0 1.3405797101449275 0.2529166666666667 0.29637681159420287 0.01125
0 1.3413043478260869 0.26958333333333334 0.1927536231884058 0.01125
0 1.3420289855072465 0.22708333333333333 0.07173913043478261 0.010833333333333334
