0 0.04420289855072464 0.0125 0.13768115942028986 0.03333333333333333
0 0.05144927536231884 0.44375 0.13260869565217392 0.028333333333333332
0 0.05144927536231884 0.39708333333333334 0.058695652173913045 0.01125
0 0.05144927536231884 0.29041666666666666 0.12971014492753624 0.028333333333333332
0 0.05144927536231884 0.1375 0.15289855072463768 0.028333333333333332
0 0.05144927536231884 0.11625 0.5362318840579711 0.01125
0 0.05144927536231884 0.09083333333333334 0.07753623188405798 0.01375
0 0.05217391304347826 0.4225 0.5007246376811594 0.01125
0 0.05217391304347826 0.26958333333333334 0.25072463768115943 0.01125
0 0.05289855072463768 0.2529166666666667 0.28695652173913044 0.01125
0 0.05289855072463768 0.22708333333333333 0.0746376811594203 0.01125
0 0.19927536231884058 0.0125 0.15507246376811595 0.03333333333333333
0 0.3717391304347826 0.0125 0.14492753623188406 0.03333333333333333
0 0.4811594202898551 0.29041666666666666 0.15072463768115943 0.028333333333333332
0 0.4811594202898551 0.2529166666666667 0.32681159420289857 0.01125
0 0.48188405797101447 0.26958333333333334 0.21231884057971015 0.01125
0 0.4826086956521739 0.22708333333333333 0.07318840579710145 0.01375
0 0.5340579710144927 0.0125 0.15869565217391304 0.03333333333333333
0 0.7101449275362319 0.0125 0.15579710144927536 0.03333333333333333
0 0.9108695652173913 0.29041666666666666 0.12101449275362319 0.028333333333333332
0 0.9108695652173913 0.26958333333333334 0.32681159420289857 0.01125
0 0.9108695652173913 0.2529166666666667 0.20797101449275363 0.01125
0 0.9123188405797101 0.22708333333333333 0.08768115942028985 0.010833333333333334
0 0.9159420289855073 0.1375 0.1391304347826087 0.028333333333333332
0 0.9173913043478261 0.11625 0.5217391304347826 0.01125
0 0.9181159420289855 0.09083333333333334 0.06884057971014493 0.01375
0 1.3398550724637681 0.3070833333333333 0.14420289855072463 0.028333333333333332
0 1.3398550724637681 0.2529166666666667 0.035507246376811595 0.01125
0 1.3398550724637681 0.22708333333333333 0.08260869565217391 0.01375
0 1.3413043478260869 0.28625 0.041304347826086954 0.01125
0 1.3413043478260869 0.26958333333333334 0.3978260869565217 0.01125
