0 0.04420289855072464 0.0125 0.14347826086956522 0.03333333333333333
0 0.050724637681159424 0.38916666666666666 0.13043478260869565 0.01125
0 0.05144927536231884 0.4270833333333333 0.15 0.028333333333333332
0 0.05144927536231884 0.27375 0.15579710144927536 0.028333333333333332
0 0.05144927536231884 0.2529166666666667 0.5673913043478261 0.01125
0 0.05144927536231884 0.1375 0.1355072463768116 0.028333333333333332
0 0.05217391304347826 0.4058333333333333 0.4 0.01125
0 0.05217391304347826 0.22708333333333333 0.060144927536231886 0.01125
0 0.05217391304347826 0.11625 0.5760869565217391 0.01125
0 0.05217391304347826 0.09041666666666667 0.08333333333333333 0.014166666666666666
0 0.05289855072463768 0.36375 0.07101449275362319 0.010833333333333334
0 0.20507246376811594 0.0125 0.15507246376811595 0.03333333333333333
0 0.377536231884058 0.0125 0.12101449275362319 0.03333333333333333
0 0.4811594202898551 0.4270833333333333 0.14855072463768115 0.028333333333333332
0 0.4811594202898551 0.4058333333333333 0.25072463768115943 0.01125
0 0.4811594202898551 0.38916666666666666 0.286231884057971 0.01125
0 0.4826086956521739 0.36375 0.05507246376811594 0.01375
0 0.5159420289855072 0.0125 0.15144927536231884 0.03333333333333333
0 0.6847826086956522 0.0125 0.16304347826086957 0.03333333333333333
0 0.9101449275362319 0.36375 0.059420289855072465 0.01375
0 0.9108695652173913 0.4270833333333333 0.13768115942028986 0.028333333333333332
0 0.9115942028985508 0.4058333333333333 0.3108695652173913 0.01125
0 0.9115942028985508 0.38916666666666666 0.23550724637681159 0.01125
0 0.9159420289855073 0.1375 0.16231884057971013 0.028333333333333332
0 0.9166666666666666 0.11625 0.5094202898550725 0.01125
0 0.9166666666666666 0.09083333333333334 0.058695652173913045 0.01375
0 1.3398550724637681 0.4270833333333333 0.13405797101449277 0.028333333333333332
0 1.3398550724637681 0.4058333333333333 0.17246376811594202 0.01125
0 1.3398550724637681 0.36375 0.07318840579710145 0.01375
0 1.3405797101449275 0.38916666666666666 0.3210144927536232 0.01125
