0 0.04420289855072464 0.0125 0.15 0.03333333333333333
0 0.050724637681159424 0.38916666666666666 0.1855072463768116 0.01125
0 0.05144927536231884 0.4270833333333333 0.13260869565217392 0.028333333333333332
0 0.05144927536231884 0.36375 0.060144927536231886 0.01375
0 0.05144927536231884 0.27375 0.14130434782608695 0.028333333333333332
0 0.05144927536231884 0.1375 0.14057971014492754 0.028333333333333332
0 0.05144927536231884 0.09083333333333334 0.05579710144927536 0.01125
0 0.05217391304347826 0.4058333333333333 0.3173913043478261 0.01125
0 0.05217391304347826 0.2529166666666667 0.5108695652173914 0.01125
0 0.05289855072463768 0.22708333333333333 0.057971014492753624 0.010833333333333334
0 0.05289855072463768 0.11625 0.55 0.01125
0 0.21159420289855072 0.0125 0.14057971014492754 0.03333333333333333
0 0.4811594202898551 0.4270833333333333 0.13333333333333333 0.028333333333333332
0 0.4811594202898551 0.38916666666666666 0.33405797101449275 0.01125
0 0.48188405797101447 0.4058333333333333 0.2217391304347826 0.01125
0 0.4826086956521739 0.36375 0.06376811594202898 0.01375
0 0.9101449275362319 0.4058333333333333 0.2108695652173913 0.01125
0 0.9108695652173913 0.4270833333333333 0.14347826086956522 0.028333333333333332
0 0.9115942028985508 0.38916666666666666 0.3355072463768116 0.01125
0 0.9115942028985508 0.36333333333333334 0.06594202898550725 0.011666666666666667
0 0.9144927536231884 0.36666666666666664 0.016666666666666666 0.004166666666666667
0 0.9159420289855073 0.1375 0.1572463768115942 0.028333333333333332
0 0.9159420289855073 0.09083333333333334 0.06159420289855073 0.010833333333333334
0 0.9166666666666666 0.11625 0.5239130434782608 0.01125
0 1.3398550724637681 0.4270833333333333 0.15072463768115943 0.028333333333333332
0 1.3405797101449275 0.4058333333333333 0.24347826086956523 0.01125
0 1.3413043478260869 0.38916666666666666 0.27391304347826084 0.01125
0 1.3420289855072465 0.36375 0.06376811594202898 0.010833333333333334
