0 0.04420289855072464 0.0125 0.14202898550724638 0.03333333333333333
0 0.05144927536231884 0.29041666666666666 0.15217391304347827 0.028333333333333332
0 0.05144927536231884 0.24375 0.07028985507246377 0.010833333333333334
0 0.05144927536231884 0.15416666666666667 0.14782608695652175 0.028333333333333332
0 0.05144927536231884 0.11625 0.25869565217391305 0.01125
0 0.05217391304347826 0.26958333333333334 0.49782608695652175 0.01125
0 0.05217391304347826 0.13291666666666666 0.27391304347826084 0.01125
0 0.05217391304347826 0.09041666666666667 0.07318840579710145 0.014166666666666666
0 0.2036231884057971 0.0125 0.1391304347826087 0.03333333333333333
0 0.4811594202898551 0.15416666666666667 0.14855072463768115 0.028333333333333332
0 0.4811594202898551 0.09083333333333334 0.06811594202898551 0.01375
0 0.48188405797101447 0.13291666666666666 0.3159420289855073 0.01125
0 0.48188405797101447 0.11625 0.23043478260869565 0.01125
0 0.9108695652173913 0.15416666666666667 0.1463768115942029 0.028333333333333332
0 0.9108695652173913 0.11625 0.31956521739130433 0.01125
0 0.9115942028985508 0.13291666666666666 0.24492753623188407 0.01125
0 0.9123188405797101 0.09083333333333334 0.06884057971014493 0.01375
0 0.9159420289855073 0.29041666666666666 0.16159420289855073 0.028333333333333332
0 0.9166666666666666 0.26958333333333334 0.5340579710144927 0.01125
0 0.9166666666666666 0.24375 0.07246376811594203 0.01375
0 1.3398550724637681 0.15416666666666667 0.1318840579710145 0.028333333333333332
0 1.3405797101449275 0.11625 0.29927536231884055 0.01125
0 1.3405797101449275 0.09041666666666667 0.08478260869565217 0.014166666666666666
0 1.3413043478260869 0.13291666666666666 0.2644927536231884 0.01125
