0 0.04420289855072464 0.0125 0.1536231884057971 0.03333333333333333
0 0.05144927536231884 0.4270833333333333 0.1427536231884058 0.028333333333333332
0 0.05144927536231884 0.4058333333333333 0.5413043478260869 0.01125
0 0.05144927536231884 0.29041666666666666 0.14492753623188406 0.028333333333333332
0 0.05144927536231884 0.26958333333333334 0.18840579710144928 0.01125
0 0.05144927536231884 0.2529166666666667 0.3384057971014493 0.01125
0 0.05144927536231884 0.22708333333333333 0.06666666666666667 0.01125
0 0.05144927536231884 0.1375 0.1355072463768116 0.028333333333333332
0 0.05217391304347826 0.11625 0.5492753623188406 0.01125
0 0.05217391304347826 0.09041666666666667 0.06231884057971015 0.011666666666666667
0 0.05289855072463768 0.3804166666666667 0.07246376811594203 0.010833333333333334
0 0.05507246376811594 0.09375 0.017391304347826087 0.004166666666666667
0 0.21521739130434783 0.0125 0.13695652173913042 0.03333333333333333
0 0.3695652173913043 0.0125 0.1746376811594203 0.03333333333333333
0 0.4811594202898551 0.29041666666666666 0.16231884057971013 0.028333333333333332
0 0.4811594202898551 0.26958333333333334 0.21304347826086956 0.01125
0 0.4811594202898551 0.2529166666666667 0.33768115942028987 0.01125
0 0.48188405797101447 0.22666666666666666 0.0644927536231884 0.014166666666666666
0 0.5615942028985508 0.0125 0.14565217391304347 0.03333333333333333
0 0.7246376811594203 0.0125 0.14130434782608695 0.03333333333333333
0 0.9108695652173913 0.29041666666666666 0.15 0.028333333333333332
0 0.9108695652173913 0.26958333333333334 0.28840579710144926 0.01125
0 0.9108695652173913 0.22708333333333333 0.08115942028985507 0.010833333333333334
0 0.9115942028985508 0.2529166666666667 0.23478260869565218 0.01125
0 0.9159420289855073 0.4270833333333333 0.14202898550724638 0.028333333333333332
0 0.9173913043478261 0.4058333333333333 0.5347826086956522 0.01125
0 0.9173913043478261 0.38 0.07753623188405798 0.011666666666666667
0 1.3398550724637681 0.29041666666666666 0.16594202898550725 0.028333333333333332
0 1.3405797101449275 0.26958333333333334 0.2971014492753623 0.01125
0 1.3405797101449275 0.2529166666666667 0.24710144927536232 0.01125
0 1.3420289855072465 0.22708333333333333 0.07536231884057971 0.01375
