0 0.04420289855072464 0.0125 0.15217391304347827 0.03333333333333333
0 0.05144927536231884 0.4270833333333333 0.14492753623188406 0.028333333333333332
0 0.05144927536231884 0.4058333333333333 0.24130434782608695 0.01125
0 0.05144927536231884 0.36375 0.07898550724637682 0.010833333333333334
0 0.05144927536231884 0.27375 0.12971014492753624 0.028333333333333332
0 0.05144927536231884 0.1375 0.1492753623188406 0.028333333333333332
0 0.05144927536231884 0.11625 0.5231884057971015 0.01125
0 0.05217391304347826 0.2529166666666667 0.5202898550724637 0.01125
0 0.05289855072463768 0.38916666666666666 0.2565217391304348 0.01125
0 0.05289855072463768 0.22708333333333333 0.07246376811594203 0.01375
0 0.05289855072463768 0.09083333333333334 0.0746376811594203 0.01375
0 0.213768115942029 0.0125 0.14420289855072463 0.03333333333333333
0 0.3753623188405797 0.0125 0.1572463768115942 0.03333333333333333
0 0.4811594202898551 0.4270833333333333 0.14782608695652175 0.028333333333333332
0 0.48188405797101447 0.4058333333333333 0.3239130434782609 0.01125
0 0.48188405797101447 0.38916666666666666 0.23623188405797102 0.01125
0 0.48188405797101447 0.36333333333333334 0.07608695652173914 0.014166666666666666
0 0.48478260869565215 0.36666666666666664 0.020289855072463767 0.004166666666666667
0 0.9101449275362319 0.36375 0.06159420289855073 0.01375
0 0.9108695652173913 0.4270833333333333 0.14130434782608695 0.028333333333333332
0 0.9108695652173913 0.4058333333333333 0.26521739130434785 0.01125
0 0.9115942028985508 0.38916666666666666 0.26811594202898553 0.01125
0 0.9159420289855073 0.27375 0.1318840579710145 0.028333333333333332
0 0.9173913043478261 0.2529166666666667 0.5340579710144927 0.01125
0 0.9181159420289855 0.22708333333333333 0.06304347826086956 0.010833333333333334
0 1.3398550724637681 0.4270833333333333 0.1289855072463768 0.028333333333333332
0 1.3398550724637681 0.4058333333333333 0.2753623188405797 0.01125
0 1.3413043478260869 0.38916666666666666 0.30217391304347824 0.01125
0 1.3420289855072465 0.36375 0.06521739130434782 0.01375
