0 0.04420289855072464 0.0125 0.14855072463768115 0.03333333333333333
0 0.05144927536231884 0.4270833333333333 0.1398550724637681 0.028333333333333332
0 0.05144927536231884 0.27375 0.1391304347826087 0.028333333333333332
0 0.05144927536231884 0.22708333333333333 0.06159420289855073 0.01375
0 0.05144927536231884 0.1375 0.1427536231884058 0.028333333333333332
0 0.05144927536231884 0.11625 0.563768115942029 0.01125
0 0.05217391304347826 0.4058333333333333 0.19492753623188405 0.01125
0 0.05217391304347826 0.36333333333333334 0.0782608695652174 0.014166666666666666
0 0.05217391304347826 0.2529166666666667 0.5007246376811594 0.01125
0 0.05217391304347826 0.09083333333333334 0.060144927536231886 0.010833333333333334
0 0.05289855072463768 0.38916666666666666 0.3818840579710145 0.01125
0 0.21014492753623187 0.0125 0.13333333333333333 0.03333333333333333
0 0.4811594202898551 0.4270833333333333 0.13043478260869565 0.028333333333333332
0 0.4811594202898551 0.4058333333333333 0.26956521739130435 0.01125
0 0.48188405797101447 0.38916666666666666 0.2826086956521739 0.01125
0 0.4826086956521739 0.36375 0.07681159420289856 0.010833333333333334
0 0.9108695652173913 0.4270833333333333 0.1471014492753623 0.028333333333333332
0 0.9108695652173913 0.38916666666666666 0.27608695652173915 0.01125
0 0.9108695652173913 0.36333333333333334 0.06884057971014493 0.014166666666666666
0 0.9115942028985508 0.4058333333333333 0.2608695652173913 0.01125
0 0.9159420289855073 0.27375 0.15 0.028333333333333332
0 0.9159420289855073 0.22708333333333333 0.0746376811594203 0.01375
0 0.9159420289855073 0.1375 0.1471014492753623 0.028333333333333332
0 0.9166666666666666 0.2529166666666667 0.5239130434782608 0.01125
0 0.9166666666666666 0.11625 0.5485507246376812 0.01125
0 0.9181159420289855 0.09083333333333334 0.05652173913043478 0.01375
0 1.3398550724637681 0.44375 0.14420289855072463 0.028333333333333332
0 1.3398550724637681 0.4058333333333333 0.26304347826086955 0.01125
0 1.3398550724637681 0.38916666666666666 0.16884057971014493 0.01125
0 1.3398550724637681 0.36375 0.057971014492753624 0.01125
0 1.3413043478260869 0.4225 0.08768115942028985 0.01125
