0 0.04420289855072464 0.0125 0.15797101449275364 0.03333333333333333
0 0.05144927536231884 0.4270833333333333 0.1289855072463768 0.028333333333333332
0 0.05144927536231884 0.4058333333333333 0.5289855072463768 0.01125
0 0.05144927536231884 0.29041666666666666 0.12971014492753624 0.028333333333333332
0 0.05144927536231884 0.15416666666666667 0.1398550724637681 0.028333333333333332
0 0.05217391304347826 0.13291666666666666 0.2036231884057971 0.01125
0 0.05217391304347826 0.11625 0.3456521739130435 0.01125
0 0.05289855072463768 0.3804166666666667 0.07681159420289856 0.01375
0 0.05289855072463768 0.26958333333333334 0.5297101449275362 0.01125
0 0.05289855072463768 0.24375 0.07536231884057971 0.01375
0 0.05289855072463768 0.09083333333333334 0.07681159420289856 0.01375
0 0.21956521739130436 0.0125 0.13623188405797101 0.03333333333333333
0 0.37318840579710144 0.0125 0.1391304347826087 0.03333333333333333
0 0.4811594202898551 0.15416666666666667 0.1398550724637681 0.028333333333333332
0 0.4811594202898551 0.13291666666666666 0.32681159420289857 0.01125
0 0.48188405797101447 0.11625 0.21159420289855072 0.01125
0 0.4826086956521739 0.09083333333333334 0.07536231884057971 0.01375
0 0.9108695652173913 0.15416666666666667 0.1355072463768116 0.028333333333333332
0 0.9108695652173913 0.11625 0.29927536231884055 0.01125
0 0.9108695652173913 0.09041666666666667 0.07536231884057971 0.014166666666666666
0 0.9115942028985508 0.13291666666666666 0.27246376811594203 0.01125
0 0.9159420289855073 0.4270833333333333 0.14782608695652175 0.028333333333333332
0 0.9159420289855073 0.3804166666666667 0.07608695652173914 0.01375
0 0.9166666666666666 0.4058333333333333 0.553623188405797 0.01125
0 1.3398550724637681 0.15416666666666667 0.1463768115942029 0.028333333333333332
0 1.3413043478260869 0.13291666666666666 0.23623188405797102 0.01125
0 1.3413043478260869 0.11625 0.2746376811594203 0.01125
0 1.3420289855072465 0.09083333333333334 0.06231884057971015 0.01375
