0 0.04420289855072464 0.0125 0.1536231884057971 0.03333333333333333
0 0.05144927536231884 0.4270833333333333 0.13405797101449277 0.028333333333333332
0 0.05144927536231884 0.3804166666666667 0.07101449275362319 0.01125
0 0.05144927536231884 0.29041666666666666 0.1391304347826087 0.028333333333333332
0 0.05144927536231884 0.2529166666666667 0.30434782608695654 0.01125
0 0.05144927536231884 0.1375 0.15 0.028333333333333332
0 0.05217391304347826 0.4058333333333333 0.5253623188405797 0.01125
0 0.05217391304347826 0.22666666666666666 0.057971014492753624 0.011666666666666667
0 0.05217391304347826 0.11625 0.553623188405797 0.01125
0 0.05289855072463768 0.26958333333333334 0.22826086956521738 0.01125
0 0.05289855072463768 0.09083333333333334 0.06231884057971015 0.010833333333333334
0 0.21521739130434783 0.0125 0.1673913043478261 0.03333333333333333
0 0.4 0.0125 0.12536231884057972 0.03333333333333333
0 0.4811594202898551 0.29041666666666666 0.15 0.028333333333333332
0 0.48188405797101447 0.26958333333333334 0.24565217391304348 0.01125
0 0.48188405797101447 0.2529166666666667 0.29057971014492756 0.01125
0 0.4826086956521739 0.22708333333333333 0.08840579710144927 0.010833333333333334
0 0.9108695652173913 0.29041666666666666 0.1492753623188406 0.028333333333333332
0 0.9108695652173913 0.2529166666666667 0.32681159420289857 0.01125
0 0.9108695652173913 0.22666666666666666 0.06956521739130435 0.014166666666666666
0 0.9115942028985508 0.26958333333333334 0.22681159420289856 0.01125
0 0.9159420289855073 0.1375 0.15507246376811595 0.028333333333333332
0 0.9166666666666666 0.11625 0.55 0.01125
0 0.9181159420289855 0.09083333333333334 0.04855072463768116 0.01375
0 1.3398550724637681 0.29041666666666666 0.14130434782608695 0.028333333333333332
0 1.3405797101449275 0.26958333333333334 0.20942028985507247 0.01125
0 1.3405797101449275 0.2529166666666667 0.33695652173913043 0.01125
0 1.3420289855072465 0.22708333333333333 0.07753623188405798 0.01125
