0 0.04420289855072464 0.0125 0.14347826086956522 0.03333333333333333
0 0.05144927536231884 0.44375 0.15507246376811595 0.028333333333333332
0 0.05144927536231884 0.3070833333333333 0.12753623188405797 0.028333333333333332
0 0.05144927536231884 0.15416666666666667 0.14420289855072463 0.028333333333333332
0 0.05217391304347826 0.39666666666666667 0.08115942028985507 0.011666666666666667
0 0.05217391304347826 0.13291666666666666 0.1782608695652174 0.01125
0 0.05217391304347826 0.11625 0.32753623188405795 0.01125
0 0.05217391304347826 0.09041666666666667 0.08043478260869565 0.014166666666666666
0 0.05289855072463768 0.4225 0.5514492753623188 0.01125
0 0.05289855072463768 0.28625 0.5210144927536232 0.01125
0 0.05289855072463768 0.2604166666666667 0.06884057971014493 0.01375
0 0.05507246376811594 0.4 0.018115942028985508 0.004166666666666667
0 0.20507246376811594 0.0125 0.1427536231884058 0.03333333333333333
0 0.48043478260869565 0.11625 0.33768115942028987 0.01125
0 0.4811594202898551 0.15416666666666667 0.14347826086956522 0.028333333333333332
0 0.4811594202898551 0.09083333333333334 0.06739130434782609 0.01375
0 0.48188405797101447 0.13291666666666666 0.15289855072463768 0.01125
0 0.9101449275362319 0.09083333333333334 0.07536231884057971 0.010833333333333334
0 0.9108695652173913 0.17083333333333334 0.14347826086956522 0.028333333333333332
0 0.9108695652173913 0.14958333333333335 0.08333333333333333 0.01125
0 0.9108695652173913 0.11625 0.14782608695652175 0.01125
0 0.9115942028985508 0.13291666666666666 0.27608695652173915 0.01125
0 0.9159420289855073 0.44375 0.15144927536231884 0.028333333333333332
0 0.9166666666666666 0.4225 0.5369565217391304 0.01125
0 0.9181159420289855 0.39708333333333334 0.07101449275362319 0.010833333333333334
0 1.3398550724637681 0.15416666666666667 0.1492753623188406 0.028333333333333332
0 1.3398550724637681 0.09083333333333334 0.07681159420289856 0.010833333333333334
0 1.3405797101449275 0.13291666666666666 0.33405797101449275 0.01125
0 1.3413043478260869 0.11625 0.21666666666666667 0.01125
