0 0.04420289855072464 0.0125 0.14057971014492754 0.03333333333333333
0 0.05144927536231884 0.27375 0.1471014492753623 0.028333333333333332
0 0.05144927536231884 0.1375 0.13043478260869565 0.028333333333333332
0 0.05144927536231884 0.09083333333333334 0.0644927536231884 0.01375
0 0.05217391304347826 0.2529166666666667 0.5333333333333333 0.01125
0 0.05217391304347826 0.11625 0.5789855072463768 0.01125
0 0.05289855072463768 0.22708333333333333 0.06739130434782609 0.010833333333333334
0 0.20217391304347826 0.0125 0.14347826086956522 0.03333333333333333
0 0.3630434782608696 0.0125 0.16304347826086957 0.03333333333333333
0 0.5434782608695652 0.0125 0.1427536231884058 0.03333333333333333
0 0.7036231884057971 0.0125 0.13260869565217392 0.03333333333333333
0 0.9159420289855073 0.1375 0.12753623188405797 0.028333333333333332
0 0.9159420289855073 0.09083333333333334 0.05652173913043478 0.010833333333333334
0 0.9173913043478261 0.11625 0.5304347826086957 0.01125
