0 0.04420289855072464 0.0125 0.1427536231884058 0.03333333333333333
0 0.05144927536231884 0.4270833333333333 0.14492753623188406 0.028333333333333332
0 0.05144927536231884 0.3804166666666667 0.06594202898550725 0.01375
0 0.05144927536231884 0.29041666666666666 0.14420289855072463 0.028333333333333332
0 0.05144927536231884 0.1375 0.15289855072463768 0.028333333333333332
0 0.05217391304347826 0.26958333333333334 0.2753623188405797 0.01125
0 0.05217391304347826 0.11625 0.5166666666666667 0.01125
0 0.05289855072463768 0.4058333333333333 0.5036231884057971 0.01125
0 0.05289855072463768 0.2529166666666667 0.2528985507246377 0.01125
0 0.05289855072463768 0.22708333333333333 0.05144927536231884 0.01375
0 0.05289855072463768 0.09083333333333334 0.07246376811594203 0.010833333333333334
0 0.20434782608695654 0.0125 0.1318840579710145 0.03333333333333333
0 0.3536231884057971 0.0125 0.1355072463768116 0.03333333333333333
0 0.48043478260869565 0.26958333333333334 0.2746376811594203 0.01125
0 0.4811594202898551 0.29041666666666666 0.1427536231884058 0.028333333333333332
0 0.4811594202898551 0.2529166666666667 0.23115942028985506 0.01125
0 0.4826086956521739 0.22708333333333333 0.0536231884057971 0.01375
0 0.5065217391304347 0.0125 0.1391304347826087 0.03333333333333333
0 0.6630434782608695 0.0125 0.14565217391304347 0.03333333333333333
0 0.9101449275362319 0.26958333333333334 0.1644927536231884 0.01125
0 0.9108695652173913 0.29041666666666666 0.1289855072463768 0.028333333333333332
0 0.9115942028985508 0.2529166666666667 0.31666666666666665 0.01125
0 0.9115942028985508 0.22666666666666666 0.06666666666666667 0.014166666666666666
0 0.9144927536231884 0.23 0.016666666666666666 0.004166666666666667
0 0.9159420289855073 0.1375 0.1246376811594203 0.028333333333333332
0 0.9173913043478261 0.11625 0.5485507246376812 0.01125
0 0.9181159420289855 0.09083333333333334 0.059420289855072465 0.01375
0 1.3398550724637681 0.29041666666666666 0.1471014492753623 0.028333333333333332
0 1.3413043478260869 0.26958333333333334 0.20072463768115942 0.01125
0 1.3413043478260869 0.2529166666666667 0.32028985507246377 0.01125
0 1.3420289855072465 0.22708333333333333 0.07173913043478261 0.01375
