0 0.04420289855072464 0.0125 0.1572463768115942 0.03333333333333333
0 0.05144927536231884 0.1375 0.14130434782608695 0.028333333333333332
0 0.05217391304347826 0.11625 0.5282608695652173 0.01125
0 0.05217391304347826 0.09041666666666667 0.07028985507246377 0.012083333333333333
0 0.21884057971014492 0.0125 0.1471014492753623 0.03333333333333333
0 0.38333333333333336 0.0125 0.16159420289855073 0.03333333333333333
0 0.5623188405797102 0.0125 0.1572463768115942 0.03333333333333333
0 0.9159420289855073 0.1375 0.1391304347826087 0.028333333333333332
0 0.9166666666666666 0.11625 0.5195652173913043 0.01125
0 0.9166666666666666 0.09083333333333334 0.07028985507246377 0.01125
