0 0.04420289855072464 0.0125 0.12318840579710146 0.03333333333333333
0 0.050724637681159424 0.4225 0.49927536231884057 0.01125
0 0.05144927536231884 0.44375 0.14782608695652175 0.028333333333333332
0 0.05144927536231884 0.39708333333333334 0.07318840579710145 0.010833333333333334
0 0.05144927536231884 0.3070833333333333 0.13768115942028986 0.028333333333333332
0 0.05144927536231884 0.2529166666666667 0.15942028985507245 0.01125
0 0.05144927536231884 0.22708333333333333 0.07898550724637682 0.01375
0 0.05144927536231884 0.1375 0.14782608695652175 0.028333333333333332
0 0.05144927536231884 0.09083333333333334 0.06086956521739131 0.01375
0 0.05217391304347826 0.28625 0.08333333333333333 0.01125
0 0.05217391304347826 0.11625 0.5376811594202898 0.01125
0 0.05289855072463768 0.26958333333333334 0.27753623188405796 0.01125
0 0.18478260869565216 0.0125 0.15289855072463768 0.03333333333333333
0 0.35507246376811596 0.0125 0.13840579710144926 0.03333333333333333
0 0.4811594202898551 0.29041666666666666 0.15942028985507245 0.028333333333333332
0 0.4811594202898551 0.2529166666666667 0.32753623188405795 0.01125
0 0.48188405797101447 0.26958333333333334 0.19855072463768117 0.01125
0 0.4826086956521739 0.22708333333333333 0.07173913043478261 0.010833333333333334
0 0.5108695652173914 0.0125 0.16521739130434782 0.03333333333333333
0 0.6934782608695652 0.0125 0.15072463768115943 0.03333333333333333
0 0.9108695652173913 0.29041666666666666 0.13623188405797101 0.028333333333333332
0 0.9108695652173913 0.26958333333333334 0.18188405797101448 0.01125
0 0.9115942028985508 0.2529166666666667 0.3456521739130435 0.01125
0 0.9115942028985508 0.22666666666666666 0.06159420289855073 0.014166666666666666
0 0.9144927536231884 0.23 0.016666666666666666 0.004166666666666667
0 0.9159420289855073 0.1375 0.15 0.028333333333333332
0 0.9166666666666666 0.11625 0.5 0.01125
0 0.9181159420289855 0.09083333333333334 0.07536231884057971 0.010833333333333334
0 1.3398550724637681 0.29041666666666666 0.14202898550724638 0.028333333333333332
0 1.3405797101449275 0.26958333333333334 0.20507246376811594 0.01125
0 1.3405797101449275 0.2529166666666667 0.2956521739130435 0.01125
0 1.3420289855072465 0.22708333333333333 0.06086956521739131 0.01125
