0 0.04420289855072464 0.0125 0.15869565217391304 0.03333333333333333
0 0.05144927536231884 0.47708333333333336 0.1492753623188406 0.028333333333333332
0 0.05144927536231884 0.43916666666666665 0.33043478260869563 0.01125
0 0.05144927536231884 0.41375 0.07898550724637682 0.01375
0 0.05144927536231884 0.3070833333333333 0.1608695652173913 0.028333333333333332
0 0.05144927536231884 0.15416666666666667 0.13333333333333333 0.028333333333333332
0 0.05144927536231884 0.11625 0.2746376811594203 0.01125
0 0.05217391304347826 0.4558333333333333 0.20507246376811594 0.01125
0 0.05217391304347826 0.28625 0.20507246376811594 0.01125
0 0.05217391304347826 0.26958333333333334 0.3347826086956522 0.01125
0 0.05289855072463768 0.24375 0.06956521739130435 0.010833333333333334
0 0.05289855072463768 0.13291666666666666 0.22028985507246376 0.01125
0 0.05289855072463768 0.09083333333333334 0.06086956521739131 0.01375
0 0.22028985507246376 0.0125 0.15507246376811595 0.03333333333333333
0 0.48043478260869565 0.09083333333333334 0.07681159420289856 0.010833333333333334
0 0.4811594202898551 0.47708333333333336 0.13333333333333333 0.028333333333333332
0 0.4811594202898551 0.4558333333333333 0.21521739130434783 0.01125
0 0.4811594202898551 0.43916666666666665 0.33260869565217394 0.01125
0 0.4811594202898551 0.32375 0.14492753623188406 0.028333333333333332
0 0.4811594202898551 0.24375 0.06666666666666667 0.010833333333333334
0 0.4811594202898551 0.15416666666666667 0.14130434782608695 0.028333333333333332
0 0.4811594202898551 0.13291666666666666 0.17173913043478262 0.01125
0 0.48188405797101447 0.30291666666666667 0.20652173913043478 0.01125
0 0.48188405797101447 0.28625 0.25507246376811593 0.01125
0 0.48188405797101447 0.26958333333333334 0.0891304347826087 0.01125
0 0.48188405797101447 0.11625 0.33768115942028987 0.01125
0 0.4826086956521739 0.41375 0.06231884057971015 0.010833333333333334
0 0.9101449275362319 0.24375 0.07173913043478261 0.01375
0 0.9108695652173913 0.47708333333333336 0.14565217391304347 0.028333333333333332
0 0.9108695652173913 0.4558333333333333 0.2072463768115942 0.01125
0 0.9108695652173913 0.3070833333333333 0.12681159420289856 0.028333333333333332
0 0.9108695652173913 0.28625 0.20652173913043478 0.01125
0 0.9108695652173913 0.26958333333333334 0.3115942028985507 0.01125
0 0.9108695652173913 0.15416666666666667 0.13333333333333333 0.028333333333333332
0 0.9108695652173913 0.13291666666666666 0.23550724637681159 0.01125
0 0.9108695652173913 0.11625 0.29130434782608694 0.01125
0 0.9115942028985508 0.43916666666666665 0.29782608695652174 0.01125
0 0.9115942028985508 0.41333333333333333 0.08695652173913043 0.011666666666666667
0 0.9115942028985508 0.09041666666666667 0.06956521739130435 0.014166666666666666
0 1.3398550724637681 0.47708333333333336 0.12971014492753624 0.028333333333333332
0 1.3398550724637681 0.3070833333333333 0.14565217391304347 0.028333333333333332
0 1.3398550724637681 0.15416666666666667 0.1492753623188406 0.028333333333333332
0 1.3405797101449275 0.4558333333333333 0.1782608695652174 0.01125
0 1.3405797101449275 0.43916666666666665 0.31376811594202897 0.01125
0 1.3405797101449275 0.28625 0.18695652173913044 0.01125
0 1.3405797101449275 0.26958333333333334 0.3318840579710145 0.01125
0 1.3405797101449275 0.13291666666666666 0.2782608695652174 0.01125
0 1.3413043478260869 0.11625 0.26521739130434785 0.01125
0 1.3420289855072465 0.41375 0.06521739130434782 0.010833333333333334
0 1.3420289855072465 0.24375 0.06304347826086956 0.01375
0 1.3420289855072465 0.09083333333333334 0.05217391304347826 0.01375
