0 0.04420289855072464 0.0125 0.14202898550724638 0.03333333333333333
0 0.05144927536231884 0.44375 0.14347826086956522 0.028333333333333332
0 0.05144927536231884 0.3070833333333333 0.1391304347826087 0.028333333333333332
0 0.05144927536231884 0.28625 0.5340579710144927 0.01125
0 0.05144927536231884 0.15416666666666667 0.13623188405797101 0.028333333333333332
0 0.05217391304347826 0.4225 0.5420289855072464 0.01125
0 0.05217391304347826 0.39666666666666667 0.07608695652173914 0.012083333333333333
0 0.05217391304347826 0.26 0.06811594202898551 0.011666666666666667
0 0.05217391304347826 0.11625 0.25579710144927537 0.01125
0 0.05289855072463768 0.13291666666666666 0.31666666666666665 0.01125
0 0.05289855072463768 0.09083333333333334 0.08695652173913043 0.010833333333333334
0 0.05507246376811594 0.26375 0.017391304347826087 0.00375
0 0.2036231884057971 0.0125 0.14782608695652175 0.03333333333333333
0 0.4811594202898551 0.15416666666666667 0.13043478260869565 0.028333333333333332
0 0.4811594202898551 0.11625 0.34202898550724636 0.01125
0 0.48188405797101447 0.13291666666666666 0.15434782608695652 0.01125
0 0.48188405797101447 0.09041666666666667 0.08043478260869565 0.011666666666666667
0 0.48478260869565215 0.09416666666666666 0.016666666666666666 0.00375
0 0.9108695652173913 0.17083333333333334 0.15434782608695652 0.028333333333333332
0 0.9115942028985508 0.14958333333333335 0.17246376811594202 0.01125
0 0.9115942028985508 0.13291666666666666 0.17101449275362318 0.01125
0 0.9115942028985508 0.11625 0.1934782608695652 0.01125
0 0.9123188405797101 0.09083333333333334 0.06666666666666667 0.010833333333333334
0 0.9159420289855073 0.3070833333333333 0.16304347826086957 0.028333333333333332
0 0.9166666666666666 0.28625 0.5144927536231884 0.01125
0 0.9181159420289855 0.2604166666666667 0.04855072463768116 0.01375
0 1.3398550724637681 0.15416666666666667 0.14202898550724638 0.028333333333333332
0 1.3405797101449275 0.11625 0.18333333333333332 0.01125
0 1.3413043478260869 0.13291666666666666 0.31231884057971016 0.01125
0 1.3420289855072465 0.09083333333333334 0.07681159420289856 0.010833333333333334
