0 0.04420289855072464 0.0125 0.15217391304347827 0.03333333333333333
0 0.05144927536231884 0.44375 0.12608695652173912 0.028333333333333332
0 0.05144927536231884 0.29041666666666666 0.1463768115942029 0.028333333333333332
0 0.05144927536231884 0.26958333333333334 0.19782608695652174 0.01125
0 0.05144927536231884 0.2529166666666667 0.3753623188405797 0.01125
0 0.05144927536231884 0.22708333333333333 0.07246376811594203 0.010833333333333334
0 0.05144927536231884 0.1375 0.14202898550724638 0.028333333333333332
0 0.05144927536231884 0.09083333333333334 0.07028985507246377 0.01375
0 0.05217391304347826 0.4225 0.4782608695652174 0.01125
0 0.05217391304347826 0.11625 0.5478260869565217 0.01125
0 0.05289855072463768 0.39708333333333334 0.06304347826086956 0.01125
0 0.213768115942029 0.0125 0.14565217391304347 0.03333333333333333
0 0.37681159420289856 0.0125 0.16666666666666666 0.03333333333333333
0 0.48043478260869565 0.22708333333333333 0.06811594202898551 0.01375
0 0.4811594202898551 0.29041666666666666 0.13115942028985508 0.028333333333333332
0 0.4811594202898551 0.26958333333333334 0.31231884057971016 0.01125
0 0.48188405797101447 0.2529166666666667 0.21159420289855072 0.01125
0 0.5608695652173913 0.0125 0.17246376811594202 0.03333333333333333
0 0.9101449275362319 0.26958333333333334 0.20144927536231885 0.01125
0 0.9108695652173913 0.29041666666666666 0.15289855072463768 0.028333333333333332
0 0.9115942028985508 0.2529166666666667 0.32318840579710145 0.01125
0 0.9115942028985508 0.22666666666666666 0.06304347826086956 0.014166666666666666
0 0.9159420289855073 0.44375 0.13695652173913042 0.028333333333333332
0 0.9173913043478261 0.4225 0.5057971014492754 0.01125
0 0.9173913043478261 0.39666666666666667 0.07753623188405798 0.011666666666666667
0 1.3398550724637681 0.3070833333333333 0.13478260869565217 0.028333333333333332
0 1.3405797101449275 0.28625 0.09782608695652174 0.01125
0 1.3405797101449275 0.26958333333333334 0.2927536231884058 0.01125
0 1.3405797101449275 0.2529166666666667 0.14782608695652175 0.01125
0 1.3420289855072465 0.22708333333333333 0.057971014492753624 0.010833333333333334
