0 0.04420289855072464 0.0125 0.1427536231884058 0.03333333333333333
0 0.05144927536231884 0.44375 0.13840579710144926 0.028333333333333332
0 0.05144927536231884 0.29041666666666666 0.14130434782608695 0.028333333333333332
0 0.05144927536231884 0.22708333333333333 0.07173913043478261 0.010833333333333334
0 0.05144927536231884 0.1375 0.1681159420289855 0.028333333333333332
0 0.05144927536231884 0.09083333333333334 0.07028985507246377 0.010833333333333334
0 0.05217391304347826 0.4225 0.486231884057971 0.01125
0 0.05217391304347826 0.26958333333333334 0.32318840579710145 0.01125
0 0.05217391304347826 0.2529166666666667 0.22246376811594204 0.01125
0 0.05217391304347826 0.11625 0.5463768115942029 0.01125
0 0.05289855072463768 0.39708333333333334 0.07391304347826087 0.01125
0 0.20434782608695654 0.0125 0.15942028985507245 0.03333333333333333
0 0.4811594202898551 0.3070833333333333 0.1463768115942029 0.028333333333333332
0 0.4811594202898551 0.2529166666666667 0.12101449275362319 0.01125
0 0.48188405797101447 0.28625 0.06231884057971015 0.00875
0 0.48188405797101447 0.26958333333333334 0.3130434782608696 0.01125
0 0.48188405797101447 0.22666666666666666 0.06739130434782609 0.014166666666666666
0 0.48478260869565215 0.23041666666666666 0.016666666666666666 0.00375
0 0.9101449275362319 0.2529166666666667 0.2811594202898551 0.01125
0 0.9108695652173913 0.29041666666666666 0.1318840579710145 0.028333333333333332
0 0.9115942028985508 0.26958333333333334 0.21521739130434783 0.01125
0 0.9123188405797101 0.22708333333333333 0.0644927536231884 0.01375
0 0.9159420289855073 0.44375 0.14347826086956522 0.028333333333333332
0 0.9166666666666666 0.4225 0.5202898550724637 0.01125
0 0.9181159420289855 0.39708333333333334 0.08333333333333333 0.010833333333333334
0 1.3398550724637681 0.29041666666666666 0.13695652173913042 0.028333333333333332
0 1.3398550724637681 0.22708333333333333 0.05434782608695652 0.010833333333333334
0 1.3405797101449275 0.2529166666666667 0.2811594202898551 0.01125
0 1.3413043478260869 0.26958333333333334 0.24057971014492754 0.01125
