0 0.04420289855072464 0.0125 0.15 0.03333333333333333
0 0.05144927536231884 0.3070833333333333 0.15289855072463768 0.028333333333333332
0 0.05144927536231884 0.2604166666666667 0.058695652173913045 0.010833333333333334
0 0.05144927536231884 0.15416666666666667 0.13043478260869565 0.028333333333333332
0 0.05144927536231884 0.13291666666666666 0.19130434782608696 0.01125
0 0.05144927536231884 0.09083333333333334 0.0644927536231884 0.01125
0 0.05217391304347826 0.28625 0.5369565217391304 0.01125
0 0.05217391304347826 0.11625 0.32463768115942027 0.01125
0 0.21159420289855072 0.0125 0.13695652173913042 0.03333333333333333
0 0.36594202898550726 0.0125 0.12681159420289856 0.03333333333333333
0 0.48043478260869565 0.09083333333333334 0.06884057971014493 0.010833333333333334
0 0.4811594202898551 0.17083333333333334 0.13043478260869565 0.028333333333333332
0 0.4811594202898551 0.14958333333333335 0.15579710144927536 0.01125
0 0.4811594202898551 0.13291666666666666 0.27246376811594203 0.01125
0 0.48188405797101447 0.11625 0.09710144927536232 0.01125
0 0.9108695652173913 0.17083333333333334 0.14347826086956522 0.028333333333333332
0 0.9108695652173913 0.11625 0.16231884057971013 0.01125
0 0.9115942028985508 0.14958333333333335 0.04927536231884058 0.01125
0 0.9115942028985508 0.13291666666666666 0.3130434782608696 0.01125
0 0.9123188405797101 0.09083333333333334 0.05652173913043478 0.01375
0 0.9159420289855073 0.3070833333333333 0.14782608695652175 0.028333333333333332
0 0.9159420289855073 0.2604166666666667 0.060144927536231886 0.010833333333333334
0 0.9173913043478261 0.28625 0.5289855072463768 0.01125
0 1.3398550724637681 0.15416666666666667 0.14855072463768115 0.028333333333333332
0 1.3405797101449275 0.11625 0.34202898550724636 0.01125
0 1.3413043478260869 0.13291666666666666 0.18188405797101448 0.01125
0 1.3420289855072465 0.09083333333333334 0.04492753623188406 0.01375
