0 0.04420289855072464 0.0125 0.14855072463768115 0.03333333333333333
0 0.05144927536231884 0.44375 0.1289855072463768 0.028333333333333332
0 0.05144927536231884 0.39708333333333334 0.07971014492753623 0.01375
0 0.05144927536231884 0.3070833333333333 0.1471014492753623 0.028333333333333332
0 0.05144927536231884 0.17083333333333334 0.14202898550724638 0.028333333333333332
0 0.05144927536231884 0.11625 0.20217391304347826 0.01125
0 0.05144927536231884 0.09083333333333334 0.08478260869565217 0.01125
0 0.05217391304347826 0.4225 0.5304347826086957 0.01125
0 0.05217391304347826 0.28625 0.5485507246376812 0.01125
0 0.05217391304347826 0.14958333333333335 0.07318840579710145 0.00875
0 0.05217391304347826 0.13291666666666666 0.27608695652173915 0.01125
0 0.05289855072463768 0.2604166666666667 0.07173913043478261 0.01375
0 0.21014492753623187 0.0125 0.1391304347826087 0.03333333333333333
0 0.36666666666666664 0.0125 0.13695652173913042 0.03333333333333333
0 0.4811594202898551 0.15416666666666667 0.14492753623188406 0.028333333333333332
0 0.4811594202898551 0.09083333333333334 0.08478260869565217 0.010833333333333334
0 0.48188405797101447 0.13291666666666666 0.20797101449275363 0.01125
0 0.48188405797101447 0.11625 0.3217391304347826 0.01125
0 0.9108695652173913 0.17083333333333334 0.1289855072463768 0.028333333333333332
0 0.9108695652173913 0.14958333333333335 0.2028985507246377 0.01125
0 0.9108695652173913 0.13291666666666666 0.3072463768115942 0.01125
0 0.9108695652173913 0.11625 0.07101449275362319 0.01125
0 0.9115942028985508 0.09041666666666667 0.08550724637681159 0.014166666666666666
0 0.9144927536231884 0.09375 0.016666666666666666 0.004166666666666667
0 0.9159420289855073 0.44375 0.14492753623188406 0.028333333333333332
0 0.9166666666666666 0.4225 0.5340579710144927 0.01125
0 0.9173913043478261 0.39666666666666667 0.07608695652173914 0.014166666666666666
0 1.3398550724637681 0.15416666666666667 0.14855072463768115 0.028333333333333332
0 1.3398550724637681 0.13291666666666666 0.19130434782608696 0.01125
0 1.3413043478260869 0.11625 0.3108695652173913 0.01125
0 1.3420289855072465 0.09083333333333334 0.06594202898550725 0.01375
