0 0.04420289855072464 0.0125 0.14565217391304347 0.03333333333333333
0 0.05144927536231884 0.4270833333333333 0.15 0.028333333333333332
0 0.05144927536231884 0.4058333333333333 0.21304347826086956 0.01125
0 0.05144927536231884 0.27375 0.14420289855072463 0.028333333333333332
0 0.05144927536231884 0.1375 0.15217391304347827 0.028333333333333332
0 0.05144927536231884 0.11625 0.5384057971014493 0.01125
0 0.05144927536231884 0.09083333333333334 0.06956521739130435 0.01375
0 0.05217391304347826 0.36333333333333334 0.06666666666666667 0.011666666666666667
0 0.05217391304347826 0.2529166666666667 0.5601449275362319 0.01125
0 0.05217391304347826 0.22666666666666666 0.06521739130434782 0.011666666666666667
0 0.05289855072463768 0.38916666666666666 0.3427536231884058 0.01125
0 0.05507246376811594 0.23 0.017391304347826087 0.004166666666666667
0 0.2072463768115942 0.0125 0.1391304347826087 0.03333333333333333
0 0.36376811594202896 0.0125 0.14492753623188406 0.03333333333333333
0 0.4811594202898551 0.4270833333333333 0.1536231884057971 0.028333333333333332
0 0.4811594202898551 0.4058333333333333 0.19927536231884058 0.01125
0 0.48188405797101447 0.38916666666666666 0.3144927536231884 0.01125
0 0.48188405797101447 0.36333333333333334 0.07173913043478261 0.014166666666666666
0 0.9101449275362319 0.36375 0.07536231884057971 0.01375
0 0.9108695652173913 0.44375 0.13333333333333333 0.028333333333333332
0 0.9108695652173913 0.425 0.05579710144927536 0.00875
0 0.9108695652173913 0.38916666666666666 0.1956521739130435 0.01125
0 0.9115942028985508 0.4058333333333333 0.2956521739130435 0.01125
0 0.9159420289855073 0.1375 0.14202898550724638 0.028333333333333332
0 0.9166666666666666 0.11625 0.5289855072463768 0.01125
0 0.9181159420289855 0.09083333333333334 0.07608695652173914 0.01375
0 1.3398550724637681 0.4270833333333333 0.13405797101449277 0.028333333333333332
0 1.3405797101449275 0.4058333333333333 0.22391304347826088 0.00875
0 1.3413043478260869 0.38916666666666666 0.3144927536231884 0.01125
0 1.3420289855072465 0.36375 0.06884057971014493 0.010833333333333334
