0 0.04420289855072464 0.0125 0.13405797101449277 0.03333333333333333
0 0.05144927536231884 0.4270833333333333 0.14347826086956522 0.028333333333333332
0 0.05144927536231884 0.38916666666666666 0.25217391304347825 0.01125
0 0.05144927536231884 0.27375 0.1282608695652174 0.028333333333333332
0 0.05144927536231884 0.1375 0.1471014492753623 0.028333333333333332
0 0.05217391304347826 0.11625 0.5521739130434783 0.01125
0 0.05289855072463768 0.4058333333333333 0.29057971014492756 0.01125
0 0.05289855072463768 0.36375 0.06811594202898551 0.01375
0 0.05289855072463768 0.2529166666666667 0.5217391304347826 0.01125
0 0.05289855072463768 0.22708333333333333 0.06304347826086956 0.01125
0 0.05289855072463768 0.09083333333333334 0.07536231884057971 0.010833333333333334
0 0.1956521739130435 0.0125 0.15942028985507245 0.03333333333333333
0 0.372463768115942 0.0125 0.15072463768115943 0.03333333333333333
0 0.4811594202898551 0.4270833333333333 0.14057971014492754 0.028333333333333332
0 0.4811594202898551 0.4058333333333333 0.26159420289855073 0.01125
0 0.4811594202898551 0.38916666666666666 0.2702898550724638 0.01125
0 0.4826086956521739 0.36375 0.06376811594202898 0.01125
0 0.5405797101449276 0.0125 0.1536231884057971 0.03333333333333333
0 0.9101449275362319 0.36375 0.08115942028985507 0.010833333333333334
0 0.9108695652173913 0.4270833333333333 0.14202898550724638 0.028333333333333332
0 0.9108695652173913 0.4058333333333333 0.19202898550724637 0.01125
0 0.9108695652173913 0.38916666666666666 0.3427536231884058 0.01125
0 0.9159420289855073 0.27375 0.15869565217391304 0.028333333333333332
0 0.9173913043478261 0.2529166666666667 0.5297101449275362 0.01125
0 0.9173913043478261 0.22666666666666666 0.07898550724637682 0.014166666666666666
0 1.3398550724637681 0.4270833333333333 0.13623188405797101 0.028333333333333332
0 1.3398550724637681 0.38916666666666666 0.33695652173913043 0.01125
0 1.3405797101449275 0.4058333333333333 0.17246376811594202 0.01125
0 1.3405797101449275 0.36333333333333334 0.057971014492753624 0.014166666666666666
0 1.3442028985507246 0.36666666666666664 0.016666666666666666 0.004166666666666667
