0 0.04420289855072464 0.0125 0.15 0.03333333333333333
0 0.050724637681159424 0.4058333333333333 0.5014492753623189 0.01125
0 0.05144927536231884 0.4270833333333333 0.1463768115942029 0.028333333333333332
0 0.05144927536231884 0.29041666666666666 0.1289855072463768 0.028333333333333332
0 0.05144927536231884 0.2529166666666667 0.31521739130434784 0.01125
0 0.05144927536231884 0.22708333333333333 0.07173913043478261 0.010833333333333334
0 0.05144927536231884 0.1375 0.13405797101449277 0.028333333333333332
0 0.05217391304347826 0.38 0.06086956521739131 0.014166666666666666
0 0.05289855072463768 0.26958333333333334 0.2427536231884058 0.01125
0 0.05289855072463768 0.11625 0.5123188405797101 0.01125
0 0.05289855072463768 0.09083333333333334 0.06956521739130435 0.01375
0 0.21159420289855072 0.0125 0.1492753623188406 0.03333333333333333
0 0.3782608695652174 0.0125 0.14565217391304347 0.03333333333333333
0 0.4811594202898551 0.29041666666666666 0.13623188405797101 0.028333333333333332
0 0.4811594202898551 0.26958333333333334 0.17898550724637682 0.01125
0 0.4811594202898551 0.2529166666666667 0.3456521739130435 0.01125
0 0.4811594202898551 0.22708333333333333 0.06666666666666667 0.01375
0 0.5413043478260869 0.0125 0.15942028985507245 0.03333333333333333
0 0.7181159420289855 0.0125 0.15 0.03333333333333333
0 0.9101449275362319 0.22708333333333333 0.07898550724637682 0.01375
0 0.9108695652173913 0.29041666666666666 0.14855072463768115 0.028333333333333332
0 0.9108695652173913 0.26958333333333334 0.20579710144927535 0.01125
0 0.9115942028985508 0.2529166666666667 0.3471014492753623 0.01125
0 0.9159420289855073 0.1375 0.14782608695652175 0.028333333333333332
0 0.9166666666666666 0.11625 0.5456521739130434 0.01125
0 0.9181159420289855 0.09083333333333334 0.06231884057971015 0.010833333333333334
0 1.3398550724637681 0.29041666666666666 0.11304347826086956 0.028333333333333332
0 1.3413043478260869 0.26958333333333334 0.38913043478260867 0.01125
0 1.3413043478260869 0.2529166666666667 0.09130434782608696 0.01125
0 1.3420289855072465 0.22708333333333333 0.06521739130434782 0.010833333333333334
