0 0.04420289855072464 0.0125 0.14420289855072463 0.03333333333333333
0 0.050724637681159424 0.11625 0.5427536231884058 0.01125
0 0.05144927536231884 0.4270833333333333 0.14130434782608695 0.028333333333333332
0 0.05144927536231884 0.27375 0.13623188405797101 0.028333333333333332
0 0.05144927536231884 0.1375 0.15217391304347827 0.028333333333333332
0 0.05217391304347826 0.38916666666666666 0.3289855072463768 0.01125
0 0.05217391304347826 0.36333333333333334 0.07318840579710145 0.014166666666666666
0 0.05217391304347826 0.2529166666666667 0.5297101449275362 0.01125
0 0.05217391304347826 0.22666666666666666 0.06956521739130435 0.014166666666666666
0 0.05217391304347826 0.09041666666666667 0.07753623188405798 0.014166666666666666
0 0.05289855072463768 0.4058333333333333 0.17391304347826086 0.01125
0 0.05507246376811594 0.36666666666666664 0.017391304347826087 0.004166666666666667
0 0.20579710144927535 0.0125 0.1565217391304348 0.03333333333333333
0 0.4811594202898551 0.4270833333333333 0.14057971014492754 0.028333333333333332
0 0.4811594202898551 0.4058333333333333 0.2688405797101449 0.01125
0 0.4811594202898551 0.38916666666666666 0.29492753623188406 0.01125
0 0.4811594202898551 0.36375 0.04782608695652174 0.01375
0 0.9108695652173913 0.4270833333333333 0.14130434782608695 0.028333333333333332
0 0.9108695652173913 0.4058333333333333 0.2927536231884058 0.01125
0 0.9108695652173913 0.38916666666666666 0.2289855072463768 0.01125
0 0.9108695652173913 0.36333333333333334 0.07173913043478261 0.011666666666666667
0 0.9159420289855073 0.27375 0.13623188405797101 0.028333333333333332
0 0.9166666666666666 0.2529166666666667 0.5268115942028986 0.01125
0 0.9173913043478261 0.22666666666666666 0.06739130434782609 0.011666666666666667
0 1.3398550724637681 0.4270833333333333 0.1427536231884058 0.028333333333333332
0 1.3398550724637681 0.38916666666666666 0.3391304347826087 0.01125
0 1.3398550724637681 0.36375 0.06594202898550725 0.010833333333333334
0 1.3405797101449275 0.4058333333333333 0.213768115942029 0.01125
