0 0.04420289855072464 0.0125 0.1463768115942029 0.03333333333333333
0 0.05144927536231884 0.4270833333333333 0.15 0.028333333333333332
0 0.05144927536231884 0.27375 0.1355072463768116 0.028333333333333332
0 0.05144927536231884 0.1375 0.14130434782608695 0.028333333333333332
0 0.05144927536231884 0.09083333333333334 0.07681159420289856 0.010833333333333334
0 0.05217391304347826 0.4058333333333333 0.2028985507246377 0.01125
0 0.05217391304347826 0.38916666666666666 0.32753623188405795 0.01125
0 0.05217391304347826 0.11625 0.5550724637681159 0.01125
0 0.05289855072463768 0.36375 0.0746376811594203 0.010833333333333334
0 0.05289855072463768 0.2529166666666667 0.518840579710145 0.01125
0 0.05289855072463768 0.22708333333333333 0.06521739130434782 0.01375
0 0.20797101449275363 0.0125 0.15434782608695652 0.03333333333333333
0 0.37971014492753624 0.0125 0.13478260869565217 0.03333333333333333
0 0.4811594202898551 0.4270833333333333 0.14420289855072463 0.028333333333333332
0 0.4811594202898551 0.4058333333333333 0.25507246376811593 0.01125
0 0.48188405797101447 0.38916666666666666 0.2753623188405797 0.01125
0 0.48188405797101447 0.36333333333333334 0.06811594202898551 0.012083333333333333
0 0.5318840579710145 0.0125 0.15434782608695652 0.03333333333333333
0 0.9108695652173913 0.4270833333333333 0.12971014492753624 0.028333333333333332
0 0.9108695652173913 0.4058333333333333 0.21739130434782608 0.01125
0 0.9108695652173913 0.36375 0.0644927536231884 0.01125
0 0.9115942028985508 0.38916666666666666 0.32463768115942027 0.01125
0 0.9159420289855073 0.27375 0.14492753623188406 0.028333333333333332
0 0.9173913043478261 0.2529166666666667 0.5355072463768116 0.01125
0 0.9181159420289855 0.22708333333333333 0.06521739130434782 0.01375
0 1.3398550724637681 0.4270833333333333 0.1398550724637681 0.028333333333333332
0 1.3398550724637681 0.38916666666666666 0.3398550724637681 0.01125
0 1.3405797101449275 0.4058333333333333 0.18478260869565216 0.01125
0 1.3420289855072465 0.36375 0.06956521739130435 0.01375
