0 0.04420289855072464 0.0125 0.13623188405797101 0.03333333333333333
0 0.050724637681159424 0.38916666666666666 0.5065217391304347 0.01125
0 0.05144927536231884 0.41041666666666665 0.14855072463768115 0.028333333333333332
0 0.05144927536231884 0.27375 0.13623188405797101 0.028333333333333332
0 0.05144927536231884 0.1375 0.14782608695652175 0.028333333333333332
0 0.05217391304347826 0.2529166666666667 0.5449275362318841 0.01125
0 0.05217391304347826 0.11625 0.5572463768115942 0.01125
0 0.05289855072463768 0.36375 0.08333333333333333 0.01375
0 0.05289855072463768 0.22708333333333333 0.07391304347826087 0.01375
0 0.05289855072463768 0.09083333333333334 0.0746376811594203 0.01125
0 0.19782608695652174 0.0125 0.15072463768115943 0.03333333333333333
0 0.36594202898550726 0.0125 0.14492753623188406 0.03333333333333333
0 0.5282608695652173 0.0125 0.1572463768115942 0.03333333333333333
0 0.9159420289855073 0.27375 0.14855072463768115 0.028333333333333332
0 0.9159420289855073 0.1375 0.14202898550724638 0.028333333333333332
0 0.9159420289855073 0.09083333333333334 0.0782608695652174 0.010833333333333334
0 0.9173913043478261 0.2529166666666667 0.5297101449275362 0.01125
0 0.9173913043478261 0.11625 0.5072463768115942 0.01125
0 0.9181159420289855 0.22708333333333333 0.06956521739130435 0.01125
