0 0.04420289855072464 0.0125 0.1492753623188406 0.03333333333333333
0 0.05144927536231884 0.4270833333333333 0.13623188405797101 0.028333333333333332
0 0.05144927536231884 0.36375 0.06739130434782609 0.01125
0 0.05144927536231884 0.27375 0.1427536231884058 0.028333333333333332
0 0.05144927536231884 0.1375 0.15144927536231884 0.028333333333333332
0 0.05217391304347826 0.4058333333333333 0.20217391304347826 0.01125
0 0.05217391304347826 0.2529166666666667 0.553623188405797 0.01125
0 0.05217391304347826 0.22666666666666666 0.08260869565217391 0.011666666666666667
0 0.05217391304347826 0.11625 0.527536231884058 0.01125
0 0.05289855072463768 0.38916666666666666 0.32318840579710145 0.01125
0 0.05289855072463768 0.09083333333333334 0.058695652173913045 0.01375
0 0.05507246376811594 0.23 0.016666666666666666 0.004166666666666667
0 0.2108695652173913 0.0125 0.14782608695652175 0.03333333333333333
0 0.4811594202898551 0.4270833333333333 0.1463768115942029 0.028333333333333332
0 0.4811594202898551 0.38916666666666666 0.336231884057971 0.01125
0 0.48188405797101447 0.4058333333333333 0.2 0.01125
0 0.4826086956521739 0.36375 0.05579710144927536 0.01375
0 0.9108695652173913 0.4270833333333333 0.14057971014492754 0.028333333333333332
0 0.9108695652173913 0.4058333333333333 0.2717391304347826 0.01125
0 0.9108695652173913 0.38916666666666666 0.27898550724637683 0.01125
0 0.9115942028985508 0.36333333333333334 0.08260869565217391 0.012083333333333333
0 0.9159420289855073 0.1375 0.14347826086956522 0.028333333333333332
0 0.9159420289855073 0.09083333333333334 0.06376811594202898 0.01375
0 0.9173913043478261 0.11625 0.5246376811594203 0.01125
0 1.3398550724637681 0.4270833333333333 0.13695652173913042 0.028333333333333332
0 1.3398550724637681 0.4058333333333333 0.1956521739130435 0.01125
0 1.3405797101449275 0.38916666666666666 0.3347826086956522 0.01125
0 1.3420289855072465 0.36375 0.07246376811594203 0.01375
