0 0.04420289855072464 0.0125 0.12028985507246377 0.03333333333333333
0 0.05144927536231884 0.4270833333333333 0.14202898550724638 0.028333333333333332
0 0.05144927536231884 0.4058333333333333 0.5579710144927537 0.01125
0 0.05144927536231884 0.29041666666666666 0.1471014492753623 0.028333333333333332
0 0.05144927536231884 0.26958333333333334 0.558695652173913 0.01125
0 0.05144927536231884 0.24375 0.07173913043478261 0.010833333333333334
0 0.05144927536231884 0.15416666666666667 0.14855072463768115 0.028333333333333332
0 0.05144927536231884 0.09083333333333334 0.07536231884057971 0.01375
0 0.05217391304347826 0.13291666666666666 0.2746376811594203 0.01125
0 0.05217391304347826 0.11625 0.2782608695652174 0.01125
0 0.05289855072463768 0.3804166666666667 0.06594202898550725 0.010833333333333334
0 0.18188405797101448 0.0125 0.13840579710144926 0.03333333333333333
0 0.33768115942028987 0.0125 0.1673913043478261 0.03333333333333333
0 0.4811594202898551 0.15416666666666667 0.14347826086956522 0.028333333333333332
0 0.4811594202898551 0.13291666666666666 0.4007246376811594 0.01125
0 0.4811594202898551 0.11625 0.013768115942028985 0.01125
0 0.48188405797101447 0.09041666666666667 0.05289855072463768 0.014166666666666666
0 0.9108695652173913 0.15416666666666667 0.1463768115942029 0.028333333333333332
0 0.9108695652173913 0.09041666666666667 0.07318840579710145 0.014166666666666666
0 0.9115942028985508 0.13291666666666666 0.29927536231884055 0.01125
0 0.9115942028985508 0.11625 0.2289855072463768 0.01125
0 0.9159420289855073 0.4270833333333333 0.1471014492753623 0.028333333333333332
0 0.9166666666666666 0.4058333333333333 0.5485507246376812 0.01125
0 0.9166666666666666 0.38 0.0644927536231884 0.011666666666666667
0 1.3398550724637681 0.15416666666666667 0.15289855072463768 0.028333333333333332
0 1.3405797101449275 0.13291666666666666 0.16376811594202897 0.01125
0 1.3405797101449275 0.11625 0.33043478260869563 0.01125
0 1.3420289855072465 0.09083333333333334 0.0746376811594203 0.010833333333333334
