0 0.04420289855072464 0.0125 0.1398550724637681 0.03333333333333333
0 0.05144927536231884 0.4270833333333333 0.15217391304347827 0.028333333333333332
0 0.05144927536231884 0.27375 0.15507246376811595 0.028333333333333332
0 0.05144927536231884 0.1375 0.1471014492753623 0.028333333333333332
0 0.05144927536231884 0.09083333333333334 0.06594202898550725 0.01375
0 0.05217391304347826 0.36333333333333334 0.06884057971014493 0.011666666666666667
0 0.05217391304347826 0.22666666666666666 0.06594202898550725 0.011666666666666667
0 0.05217391304347826 0.11625 0.5108695652173914 0.01125
0 0.05289855072463768 0.4058333333333333 0.2463768115942029 0.01125
0 0.05289855072463768 0.38916666666666666 0.2565217391304348 0.01125
0 0.05289855072463768 0.2529166666666667 0.5181159420289855 0.01125
0 0.05507246376811594 0.23 0.016666666666666666 0.004166666666666667
0 0.20144927536231885 0.0125 0.16304347826086957 0.03333333333333333
0 0.3818840579710145 0.0125 0.1355072463768116 0.03333333333333333
0 0.4811594202898551 0.4270833333333333 0.13405797101449277 0.028333333333333332
0 0.4811594202898551 0.4058333333333333 0.29927536231884055 0.01125
0 0.4811594202898551 0.38916666666666666 0.21666666666666667 0.01125
0 0.4826086956521739 0.36375 0.08695652173913043 0.01375
0 0.5347826086956522 0.0125 0.15 0.03333333333333333
0 0.9101449275362319 0.38916666666666666 0.3115942028985507 0.01125
0 0.9108695652173913 0.4270833333333333 0.1398550724637681 0.028333333333333332
0 0.9115942028985508 0.4058333333333333 0.21304347826086956 0.01125
0 0.9123188405797101 0.36375 0.08333333333333333 0.01375
0 0.9159420289855073 0.27375 0.1536231884057971 0.028333333333333332
0 0.9173913043478261 0.2529166666666667 0.5130434782608696 0.01125
0 0.9181159420289855 0.22708333333333333 0.06884057971014493 0.01375
0 1.3398550724637681 0.44375 0.13260869565217392 0.028333333333333332
0 1.3398550724637681 0.4225 0.1318840579710145 0.01125
0 1.3405797101449275 0.4058333333333333 0.2289855072463768 0.01125
0 1.3405797101449275 0.38916666666666666 0.19927536231884058 0.01125
0 1.3405797101449275 0.36375 0.0746376811594203 0.010833333333333334
