0 0.04420289855072464 0.0125 0.1471014492753623 0.03333333333333333
0 0.05144927536231884 0.44375 0.13768115942028986 0.028333333333333332
0 0.05144927536231884 0.4225 0.5347826086956522 0.01125
0 0.05144927536231884 0.3070833333333333 0.13840579710144926 0.028333333333333332
0 0.05144927536231884 0.2529166666666667 0.19130434782608696 0.01125
0 0.05144927536231884 0.1375 0.15144927536231884 0.028333333333333332
0 0.05217391304347826 0.28625 0.1036231884057971 0.01125
0 0.05217391304347826 0.11625 0.505072463768116 0.01125
0 0.05289855072463768 0.39708333333333334 0.0927536231884058 0.01375
0 0.05289855072463768 0.26958333333333334 0.24782608695652175 0.01125
0 0.05289855072463768 0.22708333333333333 0.07318840579710145 0.010833333333333334
0 0.05289855072463768 0.09083333333333334 0.07536231884057971 0.01375
0 0.20869565217391303 0.0125 0.1463768115942029 0.03333333333333333
0 0.372463768115942 0.0125 0.1463768115942029 0.03333333333333333
0 0.4811594202898551 0.29041666666666666 0.1318840579710145 0.028333333333333332
0 0.4811594202898551 0.26958333333333334 0.2398550724637681 0.01125
0 0.48188405797101447 0.2529166666666667 0.2753623188405797 0.01125
0 0.4826086956521739 0.22708333333333333 0.07246376811594203 0.01375
0 0.5362318840579711 0.0125 0.15507246376811595 0.03333333333333333
0 0.7086956521739131 0.0125 0.14420289855072463 0.03333333333333333
0 0.9108695652173913 0.29041666666666666 0.1289855072463768 0.028333333333333332
0 0.9108695652173913 0.26958333333333334 0.2 0.01125
0 0.9108695652173913 0.2529166666666667 0.2920289855072464 0.01125
0 0.9108695652173913 0.22708333333333333 0.07173913043478261 0.01375
0 0.9159420289855073 0.44375 0.1427536231884058 0.028333333333333332
0 0.9159420289855073 0.4225 0.5094202898550725 0.01125
0 0.9181159420289855 0.39708333333333334 0.07173913043478261 0.01375
0 1.3398550724637681 0.29041666666666666 0.13115942028985508 0.028333333333333332
0 1.3405797101449275 0.2529166666666667 0.28695652173913044 0.01125
0 1.3413043478260869 0.26958333333333334 0.22028985507246376 0.01125
0 1.3420289855072465 0.22708333333333333 0.0572463768115942 0.010833333333333334
