0 0.04420289855072464 0.0125 0.1492753623188406 0.03333333333333333
0 0.05144927536231884 0.4270833333333333 0.12753623188405797 0.028333333333333332
0 0.05144927536231884 0.4058333333333333 0.5253623188405797 0.01125
0 0.05144927536231884 0.3804166666666667 0.06304347826086956 0.01125
0 0.05144927536231884 0.29041666666666666 0.15289855072463768 0.028333333333333332
0 0.05144927536231884 0.1375 0.1492753623188406 0.028333333333333332
0 0.05144927536231884 0.09083333333333334 0.07391304347826087 0.01375
0 0.05217391304347826 0.26958333333333334 0.2920289855072464 0.01125
0 0.05217391304347826 0.11625 0.5123188405797101 0.01125
0 0.05289855072463768 0.2529166666666667 0.23623188405797102 0.01125
0 0.05289855072463768 0.22708333333333333 0.06376811594202898 0.01375
0 0.2108695652173913 0.0125 0.15144927536231884 0.03333333333333333
0 0.37971014492753624 0.0125 0.15434782608695652 0.03333333333333333
0 0.4811594202898551 0.29041666666666666 0.1246376811594203 0.028333333333333332
0 0.4811594202898551 0.26958333333333334 0.21811594202898552 0.01125
0 0.48188405797101447 0.2529166666666667 0.27608695652173915 0.01125
0 0.4826086956521739 0.22708333333333333 0.06594202898550725 0.01125
0 0.5514492753623188 0.0125 0.14782608695652175 0.03333333333333333
0 0.9108695652173913 0.29041666666666666 0.15144927536231884 0.028333333333333332
0 0.9108695652173913 0.2529166666666667 0.25869565217391305 0.01125
0 0.9108695652173913 0.22708333333333333 0.05 0.01375
0 0.9115942028985508 0.26958333333333334 0.2753623188405797 0.01125
0 0.9159420289855073 0.4270833333333333 0.1471014492753623 0.028333333333333332
0 0.9166666666666666 0.4058333333333333 0.5224637681159421 0.01125
0 0.9173913043478261 0.38 0.0746376811594203 0.014166666666666666
0 0.9202898550724637 0.38333333333333336 0.016666666666666666 0.004166666666666667
0 1.3398550724637681 0.29041666666666666 0.13260869565217392 0.028333333333333332
0 1.3405797101449275 0.2529166666666667 0.19782608695652174 0.01125
0 1.3413043478260869 0.26958333333333334 0.31521739130434784 0.01125
0 1.3420289855072465 0.22708333333333333 0.07536231884057971 0.01125
