0 0.04420289855072464 0.0125 0.15507246376811595 0.03333333333333333
0 0.05144927536231884 0.4270833333333333 0.14855072463768115 0.028333333333333332
0 0.05144927536231884 0.4058333333333333 0.5173913043478261 0.01125
0 0.05144927536231884 0.29041666666666666 0.12608695652173912 0.028333333333333332
0 0.05144927536231884 0.15416666666666667 0.12971014492753624 0.028333333333333332
0 0.05217391304347826 0.38 0.07681159420289856 0.012083333333333333
0 0.05217391304347826 0.24375 0.07101449275362319 0.01375
0 0.05289855072463768 0.26958333333333334 0.572463768115942 0.01125
0 0.05289855072463768 0.13291666666666666 0.2318840579710145 0.01125
0 0.05289855072463768 0.11625 0.2847826086956522 0.01125
0 0.05289855072463768 0.09083333333333334 0.06811594202898551 0.01375
0 0.21666666666666667 0.0125 0.14347826086956522 0.03333333333333333
0 0.4811594202898551 0.15416666666666667 0.13478260869565217 0.028333333333333332
0 0.4811594202898551 0.11625 0.21231884057971015 0.01125
0 0.48188405797101447 0.13291666666666666 0.32463768115942027 0.01125
0 0.48188405797101447 0.09041666666666667 0.07608695652173914 0.014166666666666666
0 0.9108695652173913 0.15416666666666667 0.16594202898550725 0.028333333333333332
0 0.9108695652173913 0.13291666666666666 0.2579710144927536 0.01125
0 0.9108695652173913 0.11625 0.28405797101449276 0.01125
0 0.9115942028985508 0.09041666666666667 0.060144927536231886 0.011666666666666667
0 0.9159420289855073 0.29041666666666666 0.1427536231884058 0.028333333333333332
0 0.9173913043478261 0.26958333333333334 0.5608695652173913 0.01125
0 0.9181159420289855 0.24375 0.06666666666666667 0.010833333333333334
0 1.3398550724637681 0.15416666666666667 0.1355072463768116 0.028333333333333332
0 1.3398550724637681 0.11625 0.2855072463768116 0.01125
0 1.3405797101449275 0.13291666666666666 0.23115942028985506 0.01125
0 1.3420289855072465 0.09083333333333334 0.05289855072463768 0.010833333333333334
