0 0.04420289855072464 0.0125 0.13115942028985508 0.03333333333333333
0 0.05144927536231884 0.4270833333333333 0.13840579710144926 0.028333333333333332
0 0.05144927536231884 0.29041666666666666 0.13405797101449277 0.028333333333333332
0 0.05144927536231884 0.15416666666666667 0.1391304347826087 0.028333333333333332
0 0.05217391304347826 0.4058333333333333 0.5210144927536232 0.01125
0 0.05217391304347826 0.26958333333333334 0.5463768115942029 0.01125
0 0.05217391304347826 0.24375 0.06376811594202898 0.010833333333333334
0 0.05217391304347826 0.13291666666666666 0.24855072463768116 0.01125
0 0.05217391304347826 0.11625 0.2927536231884058 0.01125
0 0.05217391304347826 0.09041666666666667 0.07681159420289856 0.011666666666666667
0 0.05289855072463768 0.3804166666666667 0.0644927536231884 0.010833333333333334
0 0.1927536231884058 0.0125 0.1463768115942029 0.03333333333333333
0 0.3565217391304348 0.0125 0.15434782608695652 0.03333333333333333
0 0.4811594202898551 0.15416666666666667 0.13115942028985508 0.028333333333333332
0 0.4811594202898551 0.13291666666666666 0.27753623188405796 0.01125
0 0.4811594202898551 0.09083333333333334 0.06159420289855073 0.01375
0 0.48188405797101447 0.11625 0.24057971014492754 0.01125
0 0.5282608695652173 0.0125 0.15144927536231884 0.03333333333333333
0 0.9108695652173913 0.15416666666666667 0.13333333333333333 0.028333333333333332
0 0.9108695652173913 0.13291666666666666 0.26159420289855073 0.01125
0 0.9108695652173913 0.11625 0.27608695652173915 0.01125
0 0.9123188405797101 0.09083333333333334 0.06594202898550725 0.01375
0 0.9159420289855073 0.4270833333333333 0.14492753623188406 0.028333333333333332
0 0.9159420289855073 0.3804166666666667 0.07173913043478261 0.01375
0 0.9166666666666666 0.4058333333333333 0.505072463768116 0.01125
0 1.3398550724637681 0.15416666666666667 0.1471014492753623 0.028333333333333332
0 1.3405797101449275 0.11625 0.3239130434782609 0.01125
0 1.3413043478260869 0.13291666666666666 0.213768115942029 0.01125
0 1.3413043478260869 0.09041666666666667 0.0644927536231884 0.011666666666666667
