0 0.04420289855072464 0.0125 0.15289855072463768 0.03333333333333333
0 0.05144927536231884 0.44375 0.13260869565217392 0.028333333333333332
0 0.05144927536231884 0.3070833333333333 0.1355072463768116 0.028333333333333332
0 0.05144927536231884 0.17083333333333334 0.14492753623188406 0.028333333333333332
0 0.05144927536231884 0.15208333333333332 0.042028985507246375 0.00625
0 0.05144927536231884 0.11625 0.1572463768115942 0.01125
0 0.05217391304347826 0.39666666666666667 0.06811594202898551 0.011666666666666667
0 0.05217391304347826 0.28625 0.5463768115942029 0.01125
0 0.05217391304347826 0.26 0.08695652173913043 0.014166666666666666
0 0.05217391304347826 0.13291666666666666 0.31956521739130433 0.01125
0 0.05289855072463768 0.4225 0.5463768115942029 0.01125
0 0.05289855072463768 0.09083333333333334 0.06884057971014493 0.010833333333333334
0 0.2144927536231884 0.0125 0.15072463768115943 0.03333333333333333
0 0.4811594202898551 0.15416666666666667 0.15 0.028333333333333332
0 0.4811594202898551 0.13291666666666666 0.21956521739130436 0.01125
0 0.48188405797101447 0.11625 0.3144927536231884 0.01125
0 0.4826086956521739 0.09083333333333334 0.07536231884057971 0.01375
0 0.9101449275362319 0.09083333333333334 0.07608695652173914 0.01375
0 0.9108695652173913 0.15416666666666667 0.14057971014492754 0.028333333333333332
0 0.9108695652173913 0.13291666666666666 0.2326086956521739 0.01125
0 0.9108695652173913 0.11625 0.3181159420289855 0.01125
0 0.9159420289855073 0.3070833333333333 0.14420289855072463 0.028333333333333332
0 0.9173913043478261 0.28625 0.5543478260869565 0.01125
0 0.9181159420289855 0.2604166666666667 0.0746376811594203 0.01375
0 1.3398550724637681 0.15416666666666667 0.12971014492753624 0.028333333333333332
0 1.3398550724637681 0.09083333333333334 0.058695652173913045 0.01375
0 1.3405797101449275 0.13291666666666666 0.24130434782608695 0.01125
0 1.3413043478260869 0.11625 0.2594202898550725 0.01125
