0 0.04420289855072464 0.0125 0.15434782608695652 0.03333333333333333
0 0.050724637681159424 0.26958333333333334 0.18478260869565216 0.01125
0 0.05144927536231884 0.4270833333333333 0.13405797101449277 0.028333333333333332
0 0.05144927536231884 0.3804166666666667 0.06666666666666667 0.010833333333333334
0 0.05144927536231884 0.29041666666666666 0.12391304347826088 0.028333333333333332
0 0.05144927536231884 0.22708333333333333 0.07318840579710145 0.01375
0 0.05144927536231884 0.1375 0.13840579710144926 0.028333333333333332
0 0.05217391304347826 0.11625 0.5101449275362319 0.01125
0 0.05217391304347826 0.09041666666666667 0.07173913043478261 0.011666666666666667
0 0.05289855072463768 0.4058333333333333 0.5384057971014493 0.01125
0 0.05289855072463768 0.2529166666666667 0.33768115942028987 0.01125
0 0.21594202898550724 0.0125 0.14565217391304347 0.03333333333333333
0 0.3789855072463768 0.0125 0.1536231884057971 0.03333333333333333
0 0.4811594202898551 0.29041666666666666 0.14202898550724638 0.028333333333333332
0 0.4811594202898551 0.2529166666666667 0.2942028985507246 0.01125
0 0.4811594202898551 0.22708333333333333 0.06521739130434782 0.01375
0 0.48188405797101447 0.26958333333333334 0.22318840579710145 0.01125
0 0.9108695652173913 0.29041666666666666 0.15144927536231884 0.028333333333333332
0 0.9108695652173913 0.26958333333333334 0.21304347826086956 0.01125
0 0.9108695652173913 0.22708333333333333 0.0746376811594203 0.01375
0 0.9115942028985508 0.2529166666666667 0.28840579710144926 0.01125
0 0.9159420289855073 0.1375 0.1391304347826087 0.028333333333333332
0 0.9159420289855073 0.11625 0.5550724637681159 0.01125
0 0.9159420289855073 0.09083333333333334 0.07028985507246377 0.01375
0 1.3398550724637681 0.29041666666666666 0.14420289855072463 0.028333333333333332
0 1.3398550724637681 0.26958333333333334 0.23478260869565218 0.01125
0 1.3398550724637681 0.2529166666666667 0.30144927536231886 0.01125
0 1.3420289855072465 0.22708333333333333 0.060144927536231886 0.010833333333333334
