0 0.04420289855072464 0.0125 0.1391304347826087 0.03333333333333333
0 0.05144927536231884 0.15416666666666667 0.13840579710144926 0.028333333333333332
0 0.05144927536231884 0.09083333333333334 0.07898550724637682 0.01375
0 0.05217391304347826 0.11625 0.2717391304347826 0.01125
0 0.05289855072463768 0.13291666666666666 0.24782608695652175 0.01125
0 0.20072463768115942 0.0125 0.14782608695652175 0.03333333333333333
0 0.36594202898550726 0.0125 0.12101449275362319 0.03333333333333333
0 0.4811594202898551 0.15416666666666667 0.14202898550724638 0.028333333333333332
0 0.4811594202898551 0.13291666666666666 0.33405797101449275 0.01125
0 0.4811594202898551 0.11625 0.16594202898550725 0.01125
0 0.4826086956521739 0.09083333333333334 0.07753623188405798 0.01375
0 0.9108695652173913 0.15416666666666667 0.13840579710144926 0.028333333333333332
0 0.9115942028985508 0.13291666666666666 0.21014492753623187 0.01125
0 0.9115942028985508 0.11625 0.3318840579710145 0.01125
0 0.9123188405797101 0.09083333333333334 0.07391304347826087 0.01375
0 1.3398550724637681 0.15416666666666667 0.1471014492753623 0.028333333333333332
0 1.3405797101449275 0.13291666666666666 0.20434782608695654 0.01125
0 1.3405797101449275 0.09083333333333334 0.06521739130434782 0.01125
0 1.3413043478260869 0.11625 0.3210144927536232 0.01125
