0 0.04420289855072464 0.0125 0.12536231884057972 0.03333333333333333
0 0.05144927536231884 0.4270833333333333 0.13333333333333333 0.028333333333333332
0 0.05144927536231884 0.27375 0.14347826086956522 0.028333333333333332
0 0.05144927536231884 0.1375 0.14565217391304347 0.028333333333333332
0 0.05217391304347826 0.4058333333333333 0.2036231884057971 0.01125
0 0.05217391304347826 0.38916666666666666 0.3253623188405797 0.01125
0 0.05217391304347826 0.36333333333333334 0.08405797101449275 0.011666666666666667
0 0.05217391304347826 0.2529166666666667 0.5565217391304348 0.01125
0 0.05217391304347826 0.11625 0.5079710144927536 0.01125
0 0.05289855072463768 0.22708333333333333 0.06521739130434782 0.01375
0 0.05289855072463768 0.09083333333333334 0.0572463768115942 0.01375
0 0.05507246376811594 0.36666666666666664 0.017391304347826087 0.004166666666666667
0 0.18695652173913044 0.0125 0.16666666666666666 0.03333333333333333
0 0.3710144927536232 0.0125 0.14202898550724638 0.03333333333333333
0 0.4811594202898551 0.4270833333333333 0.1471014492753623 0.028333333333333332
0 0.4811594202898551 0.38916666666666666 0.18695652173913044 0.01125
0 0.48188405797101447 0.4058333333333333 0.3471014492753623 0.01125
0 0.48188405797101447 0.36333333333333334 0.06666666666666667 0.014166666666666666
0 0.5304347826086957 0.0125 0.14130434782608695 0.03333333333333333
0 0.6891304347826087 0.0125 0.1572463768115942 0.03333333333333333
0 0.9101449275362319 0.36375 0.06086956521739131 0.01375
0 0.9108695652173913 0.44375 0.14347826086956522 0.028333333333333332
0 0.9108695652173913 0.4225 0.11811594202898551 0.01125
0 0.9115942028985508 0.4058333333333333 0.29057971014492756 0.01125
0 0.9115942028985508 0.38916666666666666 0.12971014492753624 0.01125
0 0.9159420289855073 0.1375 0.13043478260869565 0.028333333333333332
0 0.9173913043478261 0.11625 0.5130434782608696 0.01125
0 0.9181159420289855 0.09083333333333334 0.06376811594202898 0.010833333333333334
0 1.3398550724637681 0.4270833333333333 0.12971014492753624 0.028333333333333332
0 1.3398550724637681 0.4058333333333333 0.20797101449275363 0.01125
0 1.3405797101449275 0.36333333333333334 0.07681159420289856 0.014166666666666666
0 1.3413043478260869 0.38916666666666666 0.29637681159420287 0.01125
