0 0.04420289855072464 0.0125 0.13043478260869565 0.03333333333333333
0 0.05144927536231884 0.44375 0.14565217391304347 0.028333333333333332
0 0.05144927536231884 0.39708333333333334 0.07028985507246377 0.01125
0 0.05144927536231884 0.3070833333333333 0.1391304347826087 0.028333333333333332
0 0.05144927536231884 0.28625 0.16666666666666666 0.01125
0 0.05144927536231884 0.1375 0.12753623188405797 0.028333333333333332
0 0.05217391304347826 0.4225 0.5608695652173913 0.01125
0 0.05217391304347826 0.09041666666666667 0.0782608695652174 0.014166666666666666
0 0.05289855072463768 0.26958333333333334 0.2565217391304348 0.01125
0 0.05289855072463768 0.2529166666666667 0.12608695652173912 0.01125
0 0.05289855072463768 0.22708333333333333 0.06086956521739131 0.01375
0 0.05289855072463768 0.11625 0.49492753623188407 0.01125
0 0.19202898550724637 0.0125 0.1492753623188406 0.03333333333333333
0 0.4811594202898551 0.29041666666666666 0.1492753623188406 0.028333333333333332
0 0.4811594202898551 0.26958333333333334 0.2753623188405797 0.01125
0 0.4811594202898551 0.2529166666666667 0.28840579710144926 0.01125
0 0.4826086956521739 0.22708333333333333 0.06521739130434782 0.01375
0 0.9108695652173913 0.29041666666666666 0.14202898550724638 0.028333333333333332
0 0.9108695652173913 0.2529166666666667 0.34130434782608693 0.01125
0 0.9115942028985508 0.26958333333333334 0.18405797101449275 0.01125
0 0.9123188405797101 0.22708333333333333 0.0782608695652174 0.010833333333333334
0 1.3398550724637681 0.3070833333333333 0.1471014492753623 0.028333333333333332
0 1.3405797101449275 0.28625 0.1463768115942029 0.01125
0 1.3405797101449275 0.26958333333333334 0.22753623188405797 0.01125
0 1.3405797101449275 0.2529166666666667 0.18768115942028984 0.01125
0 1.3405797101449275 0.22666666666666666 0.0644927536231884 0.011666666666666667
