0 0.04420289855072464 0.0125 0.15072463768115943 0.03333333333333333
0 0.05144927536231884 0.1375 0.13695652173913042 0.028333333333333332
0 0.05144927536231884 0.11625 0.5123188405797101 0.01125
0 0.05289855072463768 0.09083333333333334 0.06521739130434782 0.010833333333333334
0 0.21231884057971015 0.0125 0.1536231884057971 0.03333333333333333
0 0.38333333333333336 0.0125 0.14420289855072463 0.03333333333333333
0 0.5449275362318841 0.0125 0.14420289855072463 0.03333333333333333
0 0.9159420289855073 0.1375 0.14347826086956522 0.028333333333333332
0 0.9159420289855073 0.11625 0.508695652173913 0.01125
0 0.9166666666666666 0.09041666666666667 0.07536231884057971 0.011666666666666667
