0 0.04420289855072464 0.0125 0.13478260869565217 0.03333333333333333
0 0.05144927536231884 0.4270833333333333 0.14782608695652175 0.028333333333333332
0 0.05144927536231884 0.36375 0.07608695652173914 0.010833333333333334
0 0.05144927536231884 0.27375 0.15072463768115943 0.028333333333333332
0 0.05144927536231884 0.1375 0.13695652173913042 0.028333333333333332
0 0.05217391304347826 0.4058333333333333 0.33115942028985507 0.01125
0 0.05217391304347826 0.2529166666666667 0.5282608695652173 0.01125
0 0.05217391304347826 0.11625 0.5398550724637681 0.01125
0 0.05289855072463768 0.38916666666666666 0.21956521739130436 0.01125
0 0.05289855072463768 0.22708333333333333 0.07173913043478261 0.01375
0 0.05289855072463768 0.09083333333333334 0.07681159420289856 0.01375
0 0.1963768115942029 0.0125 0.1427536231884058 0.03333333333333333
0 0.3565217391304348 0.0125 0.15217391304347827 0.03333333333333333
0 0.4811594202898551 0.4270833333333333 0.15434782608695652 0.028333333333333332
0 0.4811594202898551 0.4058333333333333 0.1891304347826087 0.01125
0 0.4811594202898551 0.38916666666666666 0.336231884057971 0.01125
0 0.4826086956521739 0.36375 0.0572463768115942 0.01375
0 0.9108695652173913 0.4270833333333333 0.15579710144927536 0.028333333333333332
0 0.9108695652173913 0.4058333333333333 0.19492753623188405 0.01125
0 0.9108695652173913 0.38916666666666666 0.3094202898550725 0.01125
0 0.9123188405797101 0.36375 0.04927536231884058 0.01375
0 0.9159420289855073 0.1375 0.13695652173913042 0.028333333333333332
0 0.9166666666666666 0.11625 0.5514492753623188 0.01125
0 0.9173913043478261 0.09041666666666667 0.05289855072463768 0.014166666666666666
0 0.9202898550724637 0.09458333333333334 0.017391304347826087 0.0033333333333333335
0 1.3398550724637681 0.4270833333333333 0.13695652173913042 0.028333333333333332
0 1.3405797101449275 0.4058333333333333 0.20072463768115942 0.01125
0 1.3405797101449275 0.38916666666666666 0.32971014492753625 0.01125
0 1.3420289855072465 0.36375 0.06884057971014493 0.01375
