0 0.04420289855072464 0.0125 0.1289855072463768 0.03333333333333333
0 0.05144927536231884 0.4270833333333333 0.13695652173913042 0.028333333333333332
0 0.05144927536231884 0.29041666666666666 0.15 0.028333333333333332
0 0.05144927536231884 0.26958333333333334 0.2144927536231884 0.01125
0 0.05144927536231884 0.1375 0.13115942028985508 0.028333333333333332
0 0.05144927536231884 0.11625 0.532608695652174 0.01125
0 0.05217391304347826 0.2529166666666667 0.2579710144927536 0.01125
0 0.05217391304347826 0.09041666666666667 0.06086956521739131 0.014166666666666666
0 0.05289855072463768 0.4058333333333333 0.5014492753623189 0.01125
0 0.05289855072463768 0.3804166666666667 0.06666666666666667 0.01375
0 0.05289855072463768 0.22708333333333333 0.06739130434782609 0.01375
0 0.05507246376811594 0.09375 0.017391304347826087 0.004166666666666667
0 0.19057971014492753 0.0125 0.13840579710144926 0.03333333333333333
0 0.3463768115942029 0.0125 0.1471014492753623 0.03333333333333333
0 0.4811594202898551 0.29041666666666666 0.1391304347826087 0.028333333333333332
0 0.4811594202898551 0.26958333333333334 0.3065217391304348 0.01125
0 0.4811594202898551 0.2529166666666667 0.25 0.01125
0 0.4826086956521739 0.22708333333333333 0.07173913043478261 0.01375
0 0.5108695652173914 0.0125 0.14565217391304347 0.03333333333333333
0 0.9101449275362319 0.2529166666666667 0.19855072463768117 0.01125
0 0.9108695652173913 0.29041666666666666 0.13768115942028986 0.028333333333333332
0 0.9108695652173913 0.26958333333333334 0.3181159420289855 0.01125
0 0.9108695652173913 0.22708333333333333 0.07101449275362319 0.01125
0 0.9159420289855073 0.1375 0.15144927536231884 0.028333333333333332
0 0.9173913043478261 0.11625 0.5108695652173914 0.01125
0 0.9181159420289855 0.09083333333333334 0.06304347826086956 0.010833333333333334
0 1.3398550724637681 0.29041666666666666 0.14782608695652175 0.028333333333333332
0 1.3398550724637681 0.2529166666666667 0.23405797101449274 0.01125
0 1.3398550724637681 0.22708333333333333 0.07318840579710145 0.01375
0 1.3405797101449275 0.26958333333333334 0.30217391304347824 0.01125
