0 0.04420289855072464 0.0125 0.14130434782608695 0.03333333333333333
0 0.05144927536231884 0.4270833333333333 0.14565217391304347 0.028333333333333332
0 0.05144927536231884 0.29041666666666666 0.11884057971014493 0.028333333333333332
0 0.05144927536231884 0.15416666666666667 0.13333333333333333 0.028333333333333332
0 0.05144927536231884 0.13291666666666666 0.25507246376811593 0.01125
0 0.05217391304347826 0.11625 0.27318840579710146 0.01125
0 0.05217391304347826 0.09083333333333334 0.07246376811594203 0.010833333333333334
0 0.05289855072463768 0.4058333333333333 0.5514492753623188 0.01125
0 0.05289855072463768 0.3804166666666667 0.07898550724637682 0.01375
0 0.05289855072463768 0.26958333333333334 0.5246376811594203 0.01125
0 0.05289855072463768 0.24375 0.08043478260869565 0.01375
0 0.2028985507246377 0.0125 0.1282608695652174 0.03333333333333333
0 0.34855072463768116 0.0125 0.12101449275362319 0.03333333333333333
0 0.4811594202898551 0.15416666666666667 0.12753623188405797 0.028333333333333332
0 0.4811594202898551 0.13291666666666666 0.21304347826086956 0.01125
0 0.48188405797101447 0.11625 0.3072463768115942 0.01125
0 0.48188405797101447 0.09041666666666667 0.07753623188405798 0.014166666666666666
0 0.48478260869565215 0.09416666666666666 0.016666666666666666 0.00375
0 0.48695652173913045 0.0125 0.13333333333333333 0.03333333333333333
0 0.9108695652173913 0.15416666666666667 0.13260869565217392 0.028333333333333332
0 0.9108695652173913 0.13291666666666666 0.29782608695652174 0.01125
0 0.9108695652173913 0.11625 0.27318840579710146 0.01125
0 0.9108695652173913 0.09083333333333334 0.07246376811594203 0.01375
0 0.9159420289855073 0.29041666666666666 0.15289855072463768 0.028333333333333332
0 0.9173913043478261 0.26958333333333334 0.5333333333333333 0.01125
0 0.9181159420289855 0.24375 0.07536231884057971 0.01375
0 1.3398550724637681 0.15416666666666667 0.13260869565217392 0.028333333333333332
0 1.3405797101449275 0.11625 0.31956521739130433 0.01125
0 1.3413043478260869 0.13291666666666666 0.2 0.00875
0 1.3413043478260869 0.09083333333333334 0.0746376811594203 0.01375
