0 0.04420289855072464 0.0125 0.14565217391304347 0.03333333333333333
0 0.050724637681159424 0.11625 0.5391304347826087 0.01125
0 0.05144927536231884 0.44375 0.15 0.028333333333333332
0 0.05144927536231884 0.29041666666666666 0.14202898550724638 0.028333333333333332
0 0.05144927536231884 0.1375 0.13840579710144926 0.028333333333333332
0 0.05144927536231884 0.09083333333333334 0.06304347826086956 0.010833333333333334
0 0.05217391304347826 0.4225 0.5173913043478261 0.01125
0 0.05217391304347826 0.26958333333333334 0.2746376811594203 0.01125
0 0.05289855072463768 0.39708333333333334 0.06086956521739131 0.01375
0 0.05289855072463768 0.2529166666666667 0.22681159420289856 0.01125
0 0.05289855072463768 0.22708333333333333 0.06159420289855073 0.01375
0 0.2072463768115942 0.0125 0.14420289855072463 0.03333333333333333
0 0.36884057971014494 0.0125 0.15072463768115943 0.03333333333333333
0 0.4811594202898551 0.29041666666666666 0.14492753623188406 0.028333333333333332
0 0.4811594202898551 0.26958333333333334 0.3130434782608696 0.01125
0 0.4811594202898551 0.2529166666666667 0.19855072463768117 0.01125
0 0.4826086956521739 0.22708333333333333 0.0644927536231884 0.01375
0 0.5369565217391304 0.0125 0.14202898550724638 0.03333333333333333
0 0.9101449275362319 0.22708333333333333 0.07753623188405798 0.010833333333333334
0 0.9108695652173913 0.3070833333333333 0.12971014492753624 0.028333333333333332
0 0.9108695652173913 0.28625 0.08043478260869565 0.01125
0 0.9115942028985508 0.26958333333333334 0.34492753623188405 0.01125
0 0.9115942028985508 0.2554166666666667 0.08840579710144927 0.00625
0 0.9159420289855073 0.1375 0.1398550724637681 0.028333333333333332
0 0.9159420289855073 0.09083333333333334 0.06231884057971015 0.010833333333333334
0 0.9166666666666666 0.11625 0.5304347826086957 0.01125
0 1.3398550724637681 0.29041666666666666 0.13695652173913042 0.028333333333333332
0 1.3405797101449275 0.26958333333333334 0.2782608695652174 0.01125
0 1.3405797101449275 0.2529166666666667 0.2876811594202899 0.01125
0 1.3420289855072465 0.22708333333333333 0.08043478260869565 0.01375
