0 0.04420289855072464 0.0125 0.14347826086956522 0.03333333333333333
0 0.05144927536231884 0.15416666666666667 0.15579710144927536 0.028333333333333332
0 0.05289855072463768 0.13291666666666666 0.19782608695652174 0.01125
0 0.05289855072463768 0.11625 0.3079710144927536 0.01125
0 0.05289855072463768 0.09083333333333334 0.06231884057971015 0.01375
0 0.20507246376811594 0.0125 0.15 0.03333333333333333
0 0.4811594202898551 0.15416666666666667 0.1391304347826087 0.028333333333333332
0 0.4811594202898551 0.13291666666666666 0.21884057971014492 0.01125
0 0.4811594202898551 0.11625 0.29637681159420287 0.01125
0 0.48188405797101447 0.09041666666666667 0.06666666666666667 0.011666666666666667
0 0.9108695652173913 0.17083333333333334 0.12971014492753624 0.028333333333333332
0 0.9108695652173913 0.14958333333333335 0.13840579710144926 0.01125
0 0.9108695652173913 0.13291666666666666 0.2826086956521739 0.01125
0 0.9108695652173913 0.11625 0.12536231884057972 0.00875
0 0.9123188405797101 0.09083333333333334 0.08695652173913043 0.010833333333333334
0 1.3398550724637681 0.17083333333333334 0.1492753623188406 0.028333333333333332
0 1.3405797101449275 0.13291666666666666 0.32753623188405795 0.01125
0 1.3405797101449275 0.11625 0.10652173913043478 0.01125
0 1.3413043478260869 0.14958333333333335 0.1282608695652174 0.01125
0 1.3420289855072465 0.09083333333333334 0.08188405797101449 0.010833333333333334
