0 0.04420289855072464 0.0125 0.14565217391304347 0.03333333333333333
0 0.05144927536231884 0.44375 0.13478260869565217 0.028333333333333332
0 0.05144927536231884 0.27375 0.13768115942028986 0.028333333333333332
0 0.05144927536231884 0.2529166666666667 0.5413043478260869 0.01125
0 0.05144927536231884 0.1375 0.13623188405797101 0.028333333333333332
0 0.05144927536231884 0.09083333333333334 0.0782608695652174 0.01125
0 0.05217391304347826 0.4058333333333333 0.2826086956521739 0.01125
0 0.05217391304347826 0.38916666666666666 0.1681159420289855 0.01125
0 0.05217391304347826 0.11625 0.5528985507246377 0.01125
0 0.05289855072463768 0.4225 0.06304347826086956 0.00875
0 0.05289855072463768 0.36375 0.06231884057971015 0.01125
0 0.05289855072463768 0.22708333333333333 0.07608695652173914 0.01375
0 0.2072463768115942 0.0125 0.15217391304347827 0.03333333333333333
0 0.37681159420289856 0.0125 0.14130434782608695 0.03333333333333333
0 0.4811594202898551 0.44375 0.1427536231884058 0.028333333333333332
0 0.4811594202898551 0.4225 0.11159420289855072 0.01125
0 0.4811594202898551 0.4058333333333333 0.31376811594202897 0.01125
0 0.4811594202898551 0.38916666666666666 0.10072463768115943 0.01125
0 0.48188405797101447 0.36333333333333334 0.07753623188405798 0.014166666666666666
0 0.48478260869565215 0.36666666666666664 0.016666666666666666 0.004166666666666667
0 0.5355072463768116 0.0125 0.1608695652173913 0.03333333333333333
0 0.7137681159420289 0.0125 0.1398550724637681 0.03333333333333333
0 0.9101449275362319 0.36375 0.07173913043478261 0.010833333333333334
0 0.9108695652173913 0.4270833333333333 0.1471014492753623 0.028333333333333332
0 0.9108695652173913 0.4058333333333333 0.2072463768115942 0.01125
0 0.9108695652173913 0.38916666666666666 0.32753623188405795 0.01125
0 0.9159420289855073 0.27375 0.1318840579710145 0.028333333333333332
0 0.9166666666666666 0.2529166666666667 0.5760869565217391 0.01125
0 0.9166666666666666 0.22708333333333333 0.06956521739130435 0.010833333333333334
0 1.3398550724637681 0.4270833333333333 0.15434782608695652 0.028333333333333332
0 1.3398550724637681 0.36375 0.07391304347826087 0.010833333333333334
0 1.3405797101449275 0.4058333333333333 0.22826086956521738 0.01125
0 1.3405797101449275 0.38916666666666666 0.3130434782608696 0.01125
