0 0.04420289855072464 0.0125 0.14347826086956522 0.03333333333333333
0 0.05144927536231884 0.44375 0.1391304347826087 0.028333333333333332
0 0.05144927536231884 0.3070833333333333 0.14782608695652175 0.028333333333333332
0 0.05144927536231884 0.15416666666666667 0.14420289855072463 0.028333333333333332
0 0.05217391304347826 0.4225 0.5456521739130434 0.01125
0 0.05217391304347826 0.13291666666666666 0.20652173913043478 0.01125
0 0.05217391304347826 0.11625 0.3079710144927536 0.01125
0 0.05217391304347826 0.09041666666666667 0.08405797101449275 0.011666666666666667
0 0.05289855072463768 0.39708333333333334 0.07536231884057971 0.01375
0 0.05289855072463768 0.28625 0.558695652173913 0.01125
0 0.05289855072463768 0.2604166666666667 0.08043478260869565 0.01375
0 0.05507246376811594 0.09375 0.017391304347826087 0.004166666666666667
0 0.20507246376811594 0.0125 0.14420289855072463 0.03333333333333333
0 0.4811594202898551 0.15416666666666667 0.13260869565217392 0.028333333333333332
0 0.4811594202898551 0.11625 0.32971014492753625 0.01125
0 0.48188405797101447 0.13291666666666666 0.19710144927536233 0.01125
0 0.48188405797101447 0.09041666666666667 0.07608695652173914 0.014166666666666666
0 0.9108695652173913 0.17083333333333334 0.13260869565217392 0.028333333333333332
0 0.9115942028985508 0.14958333333333335 0.0746376811594203 0.01125
0 0.9115942028985508 0.13291666666666666 0.34202898550724636 0.01125
0 0.9115942028985508 0.11625 0.0891304347826087 0.01125
0 0.9123188405797101 0.09083333333333334 0.0746376811594203 0.010833333333333334
0 0.9159420289855073 0.44375 0.1398550724637681 0.028333333333333332
0 0.9166666666666666 0.39666666666666667 0.07318840579710145 0.011666666666666667
0 0.9173913043478261 0.4225 0.5391304347826087 0.01125
0 1.3398550724637681 0.15416666666666667 0.12971014492753624 0.028333333333333332
0 1.3398550724637681 0.09083333333333334 0.06884057971014493 0.010833333333333334
0 1.3405797101449275 0.13291666666666666 0.23478260869565218 0.01125
0 1.3405797101449275 0.11625 0.3094202898550725 0.01125
