0 0.04420289855072464 0.0125 0.14855072463768115 0.03333333333333333
0 0.05144927536231884 0.4270833333333333 0.13043478260869565 0.028333333333333332
0 0.05144927536231884 0.29041666666666666 0.16231884057971013 0.028333333333333332
0 0.05144927536231884 0.26958333333333334 0.5152173913043478 0.01125
0 0.05144927536231884 0.15416666666666667 0.13623188405797101 0.028333333333333332
0 0.05144927536231884 0.13291666666666666 0.18043478260869567 0.01125
0 0.05217391304347826 0.3804166666666667 0.07028985507246377 0.01375
0 0.05217391304347826 0.24333333333333335 0.05434782608695652 0.011666666666666667
0 0.05217391304347826 0.11625 0.32971014492753625 0.01125
0 0.05289855072463768 0.4058333333333333 0.5065217391304347 0.01125
0 0.05289855072463768 0.09083333333333334 0.07608695652173914 0.01375
0 0.05507246376811594 0.2475 0.018115942028985508 0.0033333333333333335
0 0.21014492753623187 0.0125 0.14782608695652175 0.03333333333333333
0 0.3753623188405797 0.0125 0.1536231884057971 0.03333333333333333
0 0.4811594202898551 0.15416666666666667 0.1427536231884058 0.028333333333333332
0 0.4811594202898551 0.11625 0.31666666666666665 0.01125
0 0.48188405797101447 0.13291666666666666 0.20144927536231885 0.01125
0 0.48188405797101447 0.09041666666666667 0.07681159420289856 0.012083333333333333
0 0.5463768115942029 0.0125 0.15434782608695652 0.03333333333333333
0 0.9108695652173913 0.15416666666666667 0.1398550724637681 0.028333333333333332
0 0.9108695652173913 0.13291666666666666 0.16884057971014493 0.01125
0 0.9108695652173913 0.11625 0.322463768115942 0.01125
0 0.9115942028985508 0.09041666666666667 0.08333333333333333 0.014166666666666666
0 0.9159420289855073 0.4270833333333333 0.14057971014492754 0.028333333333333332
0 0.9166666666666666 0.4058333333333333 0.5666666666666667 0.01125
0 0.9181159420289855 0.3804166666666667 0.0746376811594203 0.01125
0 1.3398550724637681 0.15416666666666667 0.14057971014492754 0.028333333333333332
0 1.3398550724637681 0.11625 0.2318840579710145 0.01125
0 1.3413043478260869 0.13291666666666666 0.31231884057971016 0.01125
0 1.3420289855072465 0.09083333333333334 0.06231884057971015 0.010833333333333334
