0 0.04420289855072464 0.0125 0.1427536231884058 0.03333333333333333
0 0.05144927536231884 0.4270833333333333 0.1492753623188406 0.028333333333333332
0 0.05144927536231884 0.3804166666666667 0.07681159420289856 0.01125
0 0.05144927536231884 0.29041666666666666 0.1355072463768116 0.028333333333333332
0 0.05144927536231884 0.24375 0.07391304347826087 0.01375
0 0.05144927536231884 0.15416666666666667 0.1492753623188406 0.028333333333333332
0 0.05217391304347826 0.4058333333333333 0.5485507246376812 0.01125
0 0.05217391304347826 0.26958333333333334 0.5260869565217391 0.01125
0 0.05217391304347826 0.11625 0.32753623188405795 0.01125
0 0.05289855072463768 0.13291666666666666 0.2108695652173913 0.01125
0 0.05289855072463768 0.09083333333333334 0.0644927536231884 0.010833333333333334
0 0.20434782608695654 0.0125 0.1572463768115942 0.03333333333333333
0 0.3789855072463768 0.0125 0.15434782608695652 0.03333333333333333
0 0.48043478260869565 0.09083333333333334 0.06811594202898551 0.01375
0 0.4811594202898551 0.15416666666666667 0.15217391304347827 0.028333333333333332
0 0.4811594202898551 0.13291666666666666 0.26594202898550723 0.01125
0 0.4811594202898551 0.11625 0.2833333333333333 0.01125
0 0.5507246376811594 0.0125 0.1391304347826087 0.03333333333333333
0 0.7072463768115942 0.0125 0.1391304347826087 0.03333333333333333
0 0.9101449275362319 0.09083333333333334 0.07536231884057971 0.01375
0 0.9108695652173913 0.15416666666666667 0.1427536231884058 0.028333333333333332
0 0.9115942028985508 0.13291666666666666 0.2028985507246377 0.01125
0 0.9115942028985508 0.11625 0.3173913043478261 0.01125
0 0.9159420289855073 0.29041666666666666 0.14565217391304347 0.028333333333333332
0 0.9173913043478261 0.26958333333333334 0.5072463768115942 0.01125
0 0.9173913043478261 0.24333333333333335 0.0746376811594203 0.014166666666666666
0 1.3398550724637681 0.15416666666666667 0.14057971014492754 0.028333333333333332
0 1.3398550724637681 0.11625 0.3173913043478261 0.00875
0 1.3413043478260869 0.13291666666666666 0.2072463768115942 0.01125
0 1.3413043478260869 0.09083333333333334 0.08333333333333333 0.01125
