0 0.04420289855072464 0.0125 0.16159420289855073 0.03333333333333333
0 0.05144927536231884 0.4270833333333333 0.1492753623188406 0.028333333333333332
0 0.05144927536231884 0.3804166666666667 0.06884057971014493 0.010833333333333334
0 0.05144927536231884 0.29041666666666666 0.14782608695652175 0.028333333333333332
0 0.05144927536231884 0.26958333333333334 0.5355072463768116 0.01125
0 0.05144927536231884 0.15416666666666667 0.1427536231884058 0.028333333333333332
0 0.05144927536231884 0.09083333333333334 0.06231884057971015 0.01375
0 0.05217391304347826 0.13291666666666666 0.22391304347826088 0.01125
0 0.05217391304347826 0.11625 0.30144927536231886 0.01125
0 0.05289855072463768 0.4058333333333333 0.5340579710144927 0.01125
0 0.05289855072463768 0.24375 0.07101449275362319 0.010833333333333334
0 0.22318840579710145 0.0125 0.1282608695652174 0.03333333333333333
0 0.36884057971014494 0.0125 0.14347826086956522 0.03333333333333333
0 0.4811594202898551 0.15416666666666667 0.14130434782608695 0.028333333333333332
0 0.48188405797101447 0.13291666666666666 0.3108695652173913 0.01125
0 0.48188405797101447 0.11625 0.22826086956521738 0.01125
0 0.48188405797101447 0.09041666666666667 0.07246376811594203 0.011666666666666667
0 0.48478260869565215 0.09375 0.016666666666666666 0.004166666666666667
0 0.9108695652173913 0.15416666666666667 0.14057971014492754 0.028333333333333332
0 0.9108695652173913 0.13291666666666666 0.3289855072463768 0.01125
0 0.9115942028985508 0.11625 0.19927536231884058 0.01125
0 0.9123188405797101 0.09083333333333334 0.07391304347826087 0.01375
0 0.9159420289855073 0.4270833333333333 0.16014492753623188 0.028333333333333332
0 0.9166666666666666 0.4058333333333333 0.5260869565217391 0.01125
0 0.9181159420289855 0.3804166666666667 0.07246376811594203 0.01375
0 1.3398550724637681 0.15416666666666667 0.12753623188405797 0.028333333333333332
0 1.3398550724637681 0.13291666666666666 0.2876811594202899 0.01125
0 1.3413043478260869 0.11625 0.2391304347826087 0.01125
0 1.3420289855072465 0.09083333333333334 0.07391304347826087 0.010833333333333334
