0 0.04420289855072464 0.0125 0.14347826086956522 0.03333333333333333
0 0.05144927536231884 0.41041666666666665 0.1463768115942029 0.028333333333333332
0 0.05144927536231884 0.38916666666666666 0.5391304347826087 0.01125
0 0.05144927536231884 0.36375 0.06956521739130435 0.01375
0 0.05144927536231884 0.27375 0.15 0.028333333333333332
0 0.05144927536231884 0.22708333333333333 0.07173913043478261 0.01375
0 0.05144927536231884 0.1375 0.12318840579710146 0.028333333333333332
0 0.05217391304347826 0.11625 0.532608695652174 0.01125
0 0.05289855072463768 0.2529166666666667 0.5195652173913043 0.01125
0 0.05289855072463768 0.09083333333333334 0.06956521739130435 0.01375
0 0.20507246376811594 0.0125 0.1463768115942029 0.03333333333333333
0 0.36884057971014494 0.0125 0.15289855072463768 0.03333333333333333
0 0.5391304347826087 0.0125 0.14855072463768115 0.03333333333333333
0 0.7050724637681159 0.0125 0.14855072463768115 0.03333333333333333
0 0.9159420289855073 0.41041666666666665 0.14782608695652175 0.028333333333333332
0 0.9159420289855073 0.38916666666666666 0.5043478260869565 0.01125
0 0.9159420289855073 0.36375 0.07246376811594203 0.01125
