0 0.04420289855072464 0.0125 0.1355072463768116 0.03333333333333333
0 0.05144927536231884 0.44375 0.10869565217391304 0.028333333333333332
0 0.05144927536231884 0.4225 0.5442028985507247 0.01125
0 0.05144927536231884 0.29041666666666666 0.13260869565217392 0.028333333333333332
0 0.05144927536231884 0.26958333333333334 0.2572463768115942 0.01125
0 0.05144927536231884 0.1375 0.1289855072463768 0.028333333333333332
0 0.05144927536231884 0.11625 0.5210144927536232 0.01125
0 0.05217391304347826 0.2529166666666667 0.31956521739130433 0.01125
0 0.05217391304347826 0.22666666666666666 0.07753623188405798 0.014166666666666666
0 0.05289855072463768 0.39708333333333334 0.07246376811594203 0.01375
0 0.05289855072463768 0.09083333333333334 0.07028985507246377 0.010833333333333334
0 0.19710144927536233 0.0125 0.13768115942028986 0.03333333333333333
0 0.3521739130434783 0.0125 0.15144927536231884 0.03333333333333333
0 0.4811594202898551 0.29041666666666666 0.13623188405797101 0.028333333333333332
0 0.48188405797101447 0.26958333333333334 0.21811594202898552 0.01125
0 0.48188405797101447 0.2529166666666667 0.3384057971014493 0.01125
0 0.4826086956521739 0.22708333333333333 0.06811594202898551 0.01375
0 0.9108695652173913 0.29041666666666666 0.1318840579710145 0.028333333333333332
0 0.9108695652173913 0.26958333333333334 0.17173913043478262 0.01125
0 0.9108695652173913 0.2529166666666667 0.33768115942028987 0.01125
0 0.9115942028985508 0.22666666666666666 0.08623188405797101 0.014166666666666666
0 0.9159420289855073 0.44375 0.14492753623188406 0.028333333333333332
0 0.9159420289855073 0.39708333333333334 0.08043478260869565 0.01375
0 0.9166666666666666 0.4225 0.5268115942028986 0.01125
0 1.3398550724637681 0.3070833333333333 0.15434782608695652 0.028333333333333332
0 1.3405797101449275 0.28625 0.08478260869565217 0.01125
0 1.3405797101449275 0.26958333333333334 0.31956521739130433 0.01125
0 1.3405797101449275 0.2529166666666667 0.13043478260869565 0.01125
0 1.3420289855072465 0.22708333333333333 0.06884057971014493 0.01375
