0 0.04420289855072464 0.0125 0.13478260869565217 0.03333333333333333
0 0.05144927536231884 0.4270833333333333 0.1391304347826087 0.028333333333333332
0 0.05144927536231884 0.29041666666666666 0.15289855072463768 0.028333333333333332
0 0.05144927536231884 0.26958333333333334 0.5311594202898551 0.01125
0 0.05144927536231884 0.15416666666666667 0.14130434782608695 0.028333333333333332
0 0.05144927536231884 0.13291666666666666 0.21666666666666667 0.01125
0 0.05217391304347826 0.4058333333333333 0.5528985507246377 0.01125
0 0.05217391304347826 0.09041666666666667 0.07101449275362319 0.011666666666666667
0 0.05289855072463768 0.3804166666666667 0.07898550724637682 0.01375
0 0.05289855072463768 0.24375 0.060144927536231886 0.01375
0 0.05289855072463768 0.11625 0.29492753623188406 0.01125
0 0.1963768115942029 0.0125 0.15 0.03333333333333333
0 0.36376811594202896 0.0125 0.1318840579710145 0.03333333333333333
0 0.4811594202898551 0.15416666666666667 0.14420289855072463 0.028333333333333332
0 0.4811594202898551 0.13291666666666666 0.19710144927536233 0.01125
0 0.4811594202898551 0.11625 0.3130434782608696 0.01125
0 0.48188405797101447 0.09041666666666667 0.07608695652173914 0.011666666666666667
0 0.48478260869565215 0.09375 0.017391304347826087 0.004166666666666667
0 0.5130434782608696 0.0125 0.1398550724637681 0.03333333333333333
0 0.9108695652173913 0.15416666666666667 0.14130434782608695 0.028333333333333332
0 0.9108695652173913 0.13291666666666666 0.22536231884057972 0.01125
0 0.9108695652173913 0.11625 0.3181159420289855 0.01125
0 0.9123188405797101 0.09083333333333334 0.07681159420289856 0.01375
0 0.9159420289855073 0.4270833333333333 0.14202898550724638 0.028333333333333332
0 0.9166666666666666 0.4058333333333333 0.558695652173913 0.01125
0 0.9181159420289855 0.3804166666666667 0.06231884057971015 0.01125
0 1.3398550724637681 0.15416666666666667 0.14057971014492754 0.028333333333333332
0 1.3398550724637681 0.09083333333333334 0.07681159420289856 0.01375
0 1.3413043478260869 0.13291666666666666 0.26159420289855073 0.01125
0 1.3413043478260869 0.11625 0.2985507246376812 0.01125
