0 0.04420289855072464 0.0125 0.14347826086956522 0.03333333333333333
0 0.05144927536231884 0.4270833333333333 0.13695652173913042 0.028333333333333332
0 0.05144927536231884 0.27375 0.13840579710144926 0.028333333333333332
0 0.05144927536231884 0.2529166666666667 0.5608695652173913 0.01125
0 0.05144927536231884 0.1375 0.13623188405797101 0.028333333333333332
0 0.05144927536231884 0.11625 0.5789855072463768 0.01125
0 0.05217391304347826 0.4058333333333333 0.3130434782608696 0.01125
0 0.05217391304347826 0.38916666666666666 0.1927536231884058 0.01125
0 0.05217391304347826 0.22708333333333333 0.05507246376811594 0.01375
0 0.05289855072463768 0.36375 0.06811594202898551 0.01375
0 0.05289855072463768 0.09083333333333334 0.06811594202898551 0.010833333333333334
0 0.20507246376811594 0.0125 0.15217391304347827 0.03333333333333333
0 0.4811594202898551 0.4270833333333333 0.11956521739130435 0.028333333333333332
0 0.4811594202898551 0.38916666666666666 0.2768115942028985 0.01125
0 0.48188405797101447 0.4058333333333333 0.2514492753623188 0.01125
0 0.4826086956521739 0.36375 0.07246376811594203 0.01375
0 0.9108695652173913 0.4270833333333333 0.1536231884057971 0.028333333333333332
0 0.9108695652173913 0.4058333333333333 0.1826086956521739 0.01125
0 0.9108695652173913 0.38916666666666666 0.3253623188405797 0.01125
0 0.9123188405797101 0.36375 0.0746376811594203 0.010833333333333334
0 0.9159420289855073 0.27375 0.1391304347826087 0.028333333333333332
0 0.9173913043478261 0.2529166666666667 0.5224637681159421 0.01125
0 0.9173913043478261 0.22666666666666666 0.08043478260869565 0.014166666666666666
0 0.9202898550724637 0.23 0.016666666666666666 0.004166666666666667
0 1.3398550724637681 0.4270833333333333 0.13043478260869565 0.028333333333333332
0 1.3413043478260869 0.4058333333333333 0.23840579710144927 0.01125
0 1.3413043478260869 0.38916666666666666 0.32681159420289857 0.01125
0 1.3420289855072465 0.36375 0.06594202898550725 0.01375
