0 0.04420289855072464 0.0125 0.1644927536231884 0.03333333333333333
0 0.050724637681159424 0.26958333333333334 0.2818840579710145 0.01125
0 0.050724637681159424 0.2529166666666667 0.2398550724637681 0.01125
0 0.05144927536231884 0.44375 0.1572463768115942 0.028333333333333332
0 0.05144927536231884 0.29041666666666666 0.11376811594202899 0.028333333333333332
0 0.05144927536231884 0.1375 0.13115942028985508 0.028333333333333332
0 0.05217391304347826 0.4225 0.5246376811594203 0.01125
0 0.05217391304347826 0.11625 0.5717391304347826 0.01125
0 0.05217391304347826 0.09041666666666667 0.07753623188405798 0.012083333333333333
0 0.05289855072463768 0.39708333333333334 0.0746376811594203 0.01375
0 0.05289855072463768 0.22708333333333333 0.07391304347826087 0.01375
0 0.22608695652173913 0.0125 0.16521739130434782 0.03333333333333333
0 0.4811594202898551 0.3070833333333333 0.13333333333333333 0.028333333333333332
0 0.48188405797101447 0.28625 0.02246376811594203 0.00875
0 0.48188405797101447 0.26958333333333334 0.33043478260869563 0.01125
0 0.48188405797101447 0.2529166666666667 0.2036231884057971 0.01125
0 0.4826086956521739 0.22708333333333333 0.06376811594202898 0.010833333333333334
0 0.9108695652173913 0.29041666666666666 0.12246376811594203 0.028333333333333332
0 0.9108695652173913 0.26958333333333334 0.2876811594202899 0.01125
0 0.9108695652173913 0.2529166666666667 0.25217391304347825 0.01125
0 0.9123188405797101 0.22708333333333333 0.0572463768115942 0.01375
0 0.9159420289855073 0.44375 0.13333333333333333 0.028333333333333332
0 0.9166666666666666 0.4225 0.5159420289855072 0.01125
0 0.9166666666666666 0.39708333333333334 0.05434782608695652 0.01125
0 1.3398550724637681 0.29041666666666666 0.15434782608695652 0.028333333333333332
0 1.3398550724637681 0.26958333333333334 0.3115942028985507 0.01125
0 1.3405797101449275 0.2529166666666667 0.2144927536231884 0.01125
0 1.3413043478260869 0.22666666666666666 0.06521739130434782 0.014166666666666666
