0 0.04420289855072464 0.0125 0.1608695652173913 0.03333333333333333
0 0.05144927536231884 0.4270833333333333 0.14202898550724638 0.028333333333333332
0 0.05144927536231884 0.29041666666666666 0.1463768115942029 0.028333333333333332
0 0.05144927536231884 0.2529166666666667 0.2753623188405797 0.01125
0 0.05144927536231884 0.22708333333333333 0.08768115942028985 0.010833333333333334
0 0.05144927536231884 0.1375 0.13695652173913042 0.028333333333333332
0 0.05144927536231884 0.09083333333333334 0.07391304347826087 0.01375
0 0.05217391304347826 0.26958333333333334 0.2594202898550725 0.01125
0 0.05217391304347826 0.11625 0.5449275362318841 0.01125
0 0.05289855072463768 0.4058333333333333 0.5260869565217391 0.01125
0 0.05289855072463768 0.3804166666666667 0.0644927536231884 0.010833333333333334
0 0.22246376811594204 0.0125 0.14855072463768115 0.03333333333333333
0 0.3884057971014493 0.0125 0.13768115942028986 0.03333333333333333
0 0.4811594202898551 0.29041666666666666 0.14565217391304347 0.028333333333333332
0 0.4811594202898551 0.26958333333333334 0.22391304347826088 0.01125
0 0.4811594202898551 0.2529166666666667 0.32028985507246377 0.01125
0 0.4826086956521739 0.22708333333333333 0.06739130434782609 0.01125
0 0.5434782608695652 0.0125 0.1492753623188406 0.03333333333333333
0 0.7101449275362319 0.0125 0.1427536231884058 0.03333333333333333
0 0.9108695652173913 0.29041666666666666 0.1427536231884058 0.028333333333333332
0 0.9115942028985508 0.26958333333333334 0.21956521739130436 0.01125
0 0.9115942028985508 0.2529166666666667 0.3427536231884058 0.01125
0 0.9123188405797101 0.22708333333333333 0.057971014492753624 0.01375
0 0.9159420289855073 0.1375 0.13405797101449277 0.028333333333333332
0 0.9159420289855073 0.11625 0.5224637681159421 0.01125
0 0.9181159420289855 0.09083333333333334 0.07898550724637682 0.01375
0 1.3398550724637681 0.29041666666666666 0.12971014492753624 0.028333333333333332
0 1.3398550724637681 0.22708333333333333 0.07536231884057971 0.01375
0 1.3413043478260869 0.26958333333333334 0.22681159420289856 0.01125
0 1.3413043478260869 0.2529166666666667 0.3471014492753623 0.01125
