0 0.04420289855072464 0.0125 0.1492753623188406 0.03333333333333333
0 0.05144927536231884 0.4270833333333333 0.1398550724637681 0.028333333333333332
0 0.05144927536231884 0.3804166666666667 0.07536231884057971 0.01375
0 0.05144927536231884 0.29041666666666666 0.14565217391304347 0.028333333333333332
0 0.05144927536231884 0.26958333333333334 0.5449275362318841 0.01125
0 0.05144927536231884 0.24375 0.08695652173913043 0.010833333333333334
0 0.05144927536231884 0.15416666666666667 0.13043478260869565 0.028333333333333332
0 0.05217391304347826 0.13291666666666666 0.1963768115942029 0.01125
0 0.05217391304347826 0.11625 0.32681159420289857 0.01125
0 0.05289855072463768 0.4058333333333333 0.5072463768115942 0.01125
0 0.05289855072463768 0.09083333333333334 0.06739130434782609 0.01375
0 0.2108695652173913 0.0125 0.15144927536231884 0.03333333333333333
0 0.37971014492753624 0.0125 0.1355072463768116 0.03333333333333333
0 0.4811594202898551 0.15416666666666667 0.14130434782608695 0.028333333333333332
0 0.4811594202898551 0.13291666666666666 0.2217391304347826 0.01125
0 0.48188405797101447 0.11625 0.3347826086956522 0.01125
0 0.48188405797101447 0.09041666666666667 0.07536231884057971 0.014166666666666666
0 0.532608695652174 0.0125 0.1536231884057971 0.03333333333333333
0 0.7036231884057971 0.0125 0.13623188405797101 0.03333333333333333
0 0.9108695652173913 0.15416666666666667 0.1355072463768116 0.028333333333333332
0 0.9108695652173913 0.13291666666666666 0.17391304347826086 0.01125
0 0.9108695652173913 0.09083333333333334 0.06884057971014493 0.01125
0 0.9115942028985508 0.11625 0.3818840579710145 0.01125
0 0.9159420289855073 0.29041666666666666 0.14347826086956522 0.028333333333333332
0 0.9166666666666666 0.26958333333333334 0.5420289855072464 0.01125
0 0.9166666666666666 0.24375 0.04565217391304348 0.01125
0 1.3398550724637681 0.15416666666666667 0.14782608695652175 0.028333333333333332
0 1.3398550724637681 0.09083333333333334 0.07028985507246377 0.010833333333333334
0 1.3405797101449275 0.13291666666666666 0.2289855072463768 0.01125
0 1.3405797101449275 0.11625 0.3079710144927536 0.01125
