0 0.04420289855072464 0.0125 0.14347826086956522 0.03333333333333333
0 0.05144927536231884 0.41041666666666665 0.12608695652173912 0.028333333333333332
0 0.05144927536231884 0.27375 0.13695652173913042 0.028333333333333332
0 0.05144927536231884 0.2529166666666667 0.4971014492753623 0.01125
0 0.05144927536231884 0.1375 0.1355072463768116 0.028333333333333332
0 0.05217391304347826 0.38916666666666666 0.6021739130434782 0.01125
0 0.05217391304347826 0.11625 0.5456521739130434 0.01125
0 0.05289855072463768 0.36375 0.07028985507246377 0.010833333333333334
0 0.05289855072463768 0.22708333333333333 0.07246376811594203 0.01375
0 0.05289855072463768 0.09083333333333334 0.06521739130434782 0.01375
0 0.20507246376811594 0.0125 0.15289855072463768 0.03333333333333333
0 0.3753623188405797 0.0125 0.1492753623188406 0.03333333333333333
