0 0.04420289855072464 0.0125 0.1536231884057971 0.03333333333333333
0 0.05144927536231884 0.4270833333333333 0.14782608695652175 0.028333333333333332
0 0.05144927536231884 0.3804166666666667 0.06884057971014493 0.010833333333333334
0 0.05144927536231884 0.29041666666666666 0.1492753623188406 0.028333333333333332
0 0.05144927536231884 0.1375 0.15217391304347827 0.028333333333333332
0 0.05144927536231884 0.11625 0.5340579710144927 0.01125
0 0.05217391304347826 0.4058333333333333 0.5405797101449276 0.01125
0 0.05217391304347826 0.26958333333333334 0.20217391304347826 0.01125
0 0.05217391304347826 0.22708333333333333 0.07971014492753623 0.010833333333333334
0 0.05289855072463768 0.2529166666666667 0.3253623188405797 0.01125
0 0.05289855072463768 0.09083333333333334 0.058695652173913045 0.01375
0 0.21521739130434783 0.0125 0.1608695652173913 0.03333333333333333
0 0.3934782608695652 0.0125 0.13478260869565217 0.03333333333333333
0 0.4811594202898551 0.29041666666666666 0.13695652173913042 0.028333333333333332
0 0.4811594202898551 0.26958333333333334 0.19202898550724637 0.01125
0 0.48188405797101447 0.2529166666666667 0.3101449275362319 0.01125
0 0.4826086956521739 0.22708333333333333 0.07391304347826087 0.010833333333333334
0 0.5456521739130434 0.0125 0.15072463768115943 0.03333333333333333
0 0.9108695652173913 0.29041666666666666 0.1471014492753623 0.028333333333333332
0 0.9108695652173913 0.26958333333333334 0.2608695652173913 0.01125
0 0.9108695652173913 0.2529166666666667 0.26014492753623186 0.01125
0 0.9123188405797101 0.22708333333333333 0.060144927536231886 0.010833333333333334
0 0.9159420289855073 0.4270833333333333 0.13623188405797101 0.028333333333333332
0 0.9159420289855073 0.4058333333333333 0.5108695652173914 0.01125
0 0.9159420289855073 0.3804166666666667 0.07391304347826087 0.01375
0 1.3398550724637681 0.29041666666666666 0.1463768115942029 0.028333333333333332
0 1.3398550724637681 0.22708333333333333 0.05652173913043478 0.010833333333333334
0 1.3405797101449275 0.2529166666666667 0.30217391304347824 0.01125
0 1.3413043478260869 0.26958333333333334 0.22971014492753622 0.01125
