0 0.04420289855072464 0.0125 0.15144927536231884 0.03333333333333333
0 0.05144927536231884 0.4270833333333333 0.14057971014492754 0.028333333333333332
0 0.05144927536231884 0.4058333333333333 0.5608695652173913 0.01125
0 0.05144927536231884 0.29041666666666666 0.13840579710144926 0.028333333333333332
0 0.05144927536231884 0.26958333333333334 0.25072463768115943 0.01125
0 0.05144927536231884 0.1375 0.1398550724637681 0.028333333333333332
0 0.05217391304347826 0.2529166666666667 0.2956521739130435 0.01125
0 0.05217391304347826 0.22666666666666666 0.07971014492753623 0.014166666666666666
0 0.05289855072463768 0.3804166666666667 0.0746376811594203 0.01375
0 0.05289855072463768 0.11625 0.5181159420289855 0.01125
0 0.05289855072463768 0.09083333333333334 0.07608695652173914 0.01375
0 0.21304347826086956 0.0125 0.1427536231884058 0.03333333333333333
0 0.4811594202898551 0.29041666666666666 0.13115942028985508 0.028333333333333332
0 0.4811594202898551 0.26958333333333334 0.2036231884057971 0.01125
0 0.4811594202898551 0.2529166666666667 0.34855072463768116 0.01125
0 0.4811594202898551 0.22708333333333333 0.06739130434782609 0.01375
0 0.9108695652173913 0.29041666666666666 0.14057971014492754 0.028333333333333332
0 0.9108695652173913 0.26958333333333334 0.2753623188405797 0.01125
0 0.9108695652173913 0.2529166666666667 0.22318840579710145 0.01125
0 0.9123188405797101 0.22708333333333333 0.07898550724637682 0.01375
0 0.9159420289855073 0.4270833333333333 0.14420289855072463 0.028333333333333332
0 0.9173913043478261 0.4058333333333333 0.508695652173913 0.01125
0 0.9173913043478261 0.38 0.07391304347826087 0.012083333333333333
0 1.3398550724637681 0.29041666666666666 0.14202898550724638 0.028333333333333332
0 1.3398550724637681 0.22708333333333333 0.07246376811594203 0.01375
0 1.3405797101449275 0.2529166666666667 0.3181159420289855 0.01125
0 1.3413043478260869 0.26958333333333334 0.2398550724637681 0.01125
