0 0.04420289855072464 0.0125 0.15797101449275364 0.03333333333333333
0 0.05144927536231884 0.4270833333333333 0.14347826086956522 0.028333333333333332
0 0.05144927536231884 0.38916666666666666 0.21739130434782608 0.01125
0 0.05144927536231884 0.27375 0.1398550724637681 0.028333333333333332
0 0.05144927536231884 0.22708333333333333 0.05652173913043478 0.01375
0 0.05144927536231884 0.1375 0.14782608695652175 0.028333333333333332
0 0.05144927536231884 0.11625 0.5144927536231884 0.01125
0 0.05217391304347826 0.2529166666666667 0.5492753623188406 0.01125
0 0.05289855072463768 0.4058333333333333 0.3007246376811594 0.01125
0 0.05289855072463768 0.36375 0.05579710144927536 0.01375
0 0.05289855072463768 0.09083333333333334 0.06086956521739131 0.010833333333333334
0 0.21956521739130436 0.0125 0.15434782608695652 0.03333333333333333
0 0.391304347826087 0.0125 0.16376811594202897 0.03333333333333333
0 0.4811594202898551 0.44375 0.1463768115942029 0.028333333333333332
0 0.4811594202898551 0.4225 0.03768115942028986 0.00875
0 0.48188405797101447 0.4058333333333333 0.34057971014492755 0.01125
0 0.48188405797101447 0.38916666666666666 0.16014492753623188 0.01125
0 0.48188405797101447 0.36333333333333334 0.0782608695652174 0.011666666666666667
0 0.572463768115942 0.0125 0.1536231884057971 0.03333333333333333
0 0.9108695652173913 0.4270833333333333 0.12681159420289856 0.028333333333333332
0 0.9108695652173913 0.4058333333333333 0.25217391304347825 0.01125
0 0.9108695652173913 0.36333333333333334 0.06884057971014493 0.014166666666666666
0 0.9115942028985508 0.38916666666666666 0.2985507246376812 0.01125
0 0.9159420289855073 0.1375 0.15072463768115943 0.028333333333333332
0 0.9173913043478261 0.11625 0.5072463768115942 0.01125
0 0.9181159420289855 0.09083333333333334 0.07101449275362319 0.01375
0 1.3398550724637681 0.4270833333333333 0.15289855072463768 0.028333333333333332
0 1.3405797101449275 0.4058333333333333 0.2898550724637681 0.01125
0 1.3405797101449275 0.38916666666666666 0.23333333333333334 0.01125
0 1.3420289855072465 0.36375 0.07246376811594203 0.01375
