0 0.04420289855072464 0.0125 0.12681159420289856 0.03333333333333333
0 0.05144927536231884 0.4270833333333333 0.13333333333333333 0.028333333333333332
0 0.05144927536231884 0.27375 0.13405797101449277 0.028333333333333332
0 0.05144927536231884 0.1375 0.1427536231884058 0.028333333333333332
0 0.05144927536231884 0.09083333333333334 0.0782608695652174 0.010833333333333334
0 0.05217391304347826 0.38916666666666666 0.2036231884057971 0.01125
0 0.05217391304347826 0.2529166666666667 0.5413043478260869 0.01125
0 0.05289855072463768 0.4058333333333333 0.30144927536231886 0.01125
0 0.05289855072463768 0.36375 0.05579710144927536 0.01375
0 0.05289855072463768 0.22708333333333333 0.06956521739130435 0.01375
0 0.05289855072463768 0.11625 0.572463768115942 0.01125
0 0.18840579710144928 0.0125 0.14565217391304347 0.03333333333333333
0 0.35144927536231885 0.0125 0.13840579710144926 0.03333333333333333
0 0.4811594202898551 0.4270833333333333 0.14782608695652175 0.028333333333333332
0 0.4811594202898551 0.36375 0.0782608695652174 0.01375
0 0.48188405797101447 0.4058333333333333 0.18840579710144928 0.01125
0 0.48188405797101447 0.38916666666666666 0.30869565217391304 0.01125
0 0.5072463768115942 0.0125 0.14855072463768115 0.03333333333333333
0 0.9101449275362319 0.4058333333333333 0.213768115942029 0.01125
0 0.9108695652173913 0.4270833333333333 0.14782608695652175 0.028333333333333332
0 0.9108695652173913 0.38916666666666666 0.31666666666666665 0.01125
0 0.9123188405797101 0.36375 0.0746376811594203 0.01375
0 0.9159420289855073 0.27375 0.13623188405797101 0.028333333333333332
0 0.9159420289855073 0.22708333333333333 0.0782608695652174 0.01375
0 0.9166666666666666 0.2529166666666667 0.5268115942028986 0.01125
0 1.3398550724637681 0.4270833333333333 0.12391304347826088 0.028333333333333332
0 1.3398550724637681 0.4058333333333333 0.3347826086956522 0.01125
0 1.3405797101449275 0.38916666666666666 0.22608695652173913 0.01125
0 1.3420289855072465 0.36375 0.05507246376811594 0.01375
