0 0.04420289855072464 0.0125 0.14057971014492754 0.03333333333333333
0 0.05144927536231884 0.4270833333333333 0.14130434782608695 0.028333333333333332
0 0.05144927536231884 0.29041666666666666 0.1463768115942029 0.028333333333333332
0 0.05144927536231884 0.1375 0.15144927536231884 0.028333333333333332
0 0.05144927536231884 0.11625 0.5297101449275362 0.01125
0 0.05144927536231884 0.09083333333333334 0.0746376811594203 0.010833333333333334
0 0.05217391304347826 0.38 0.07753623188405798 0.012083333333333333
0 0.05217391304347826 0.26958333333333334 0.22318840579710145 0.01125
0 0.05217391304347826 0.2529166666666667 0.3036231884057971 0.01125
0 0.05289855072463768 0.4058333333333333 0.5072463768115942 0.01125
0 0.05289855072463768 0.22708333333333333 0.06594202898550725 0.010833333333333334
0 0.20217391304347826 0.0125 0.15072463768115943 0.03333333333333333
0 0.37028985507246376 0.0125 0.1391304347826087 0.03333333333333333
0 0.4811594202898551 0.29041666666666666 0.1463768115942029 0.028333333333333332
0 0.4811594202898551 0.26958333333333334 0.15217391304347827 0.01125
0 0.4811594202898551 0.2529166666666667 0.34202898550724636 0.01125
0 0.4826086956521739 0.22708333333333333 0.060144927536231886 0.010833333333333334
0 0.5268115942028986 0.0125 0.14782608695652175 0.03333333333333333
0 0.6920289855072463 0.0125 0.16304347826086957 0.03333333333333333
0 0.9101449275362319 0.22708333333333333 0.07608695652173914 0.01375
0 0.9108695652173913 0.29041666666666666 0.14565217391304347 0.028333333333333332
0 0.9108695652173913 0.26958333333333334 0.27318840579710146 0.01125
0 0.9115942028985508 0.2529166666666667 0.21666666666666667 0.01125
0 0.9159420289855073 0.4270833333333333 0.13478260869565217 0.028333333333333332
0 0.9159420289855073 0.3804166666666667 0.07391304347826087 0.01375
0 0.9173913043478261 0.4058333333333333 0.5565217391304348 0.01125
0 1.3398550724637681 0.29041666666666666 0.15942028985507245 0.028333333333333332
0 1.3405797101449275 0.22666666666666666 0.0572463768115942 0.011666666666666667
0 1.3413043478260869 0.26958333333333334 0.23840579710144927 0.01125
0 1.3413043478260869 0.2529166666666667 0.2855072463768116 0.01125
