0 0.04420289855072464 0.0125 0.1398550724637681 0.03333333333333333
0 0.050724637681159424 0.38916666666666666 0.3347826086956522 0.01125
0 0.05144927536231884 0.4270833333333333 0.15507246376811595 0.028333333333333332
0 0.05144927536231884 0.27375 0.12753623188405797 0.028333333333333332
0 0.05144927536231884 0.2529166666666667 0.5217391304347826 0.01125
0 0.05144927536231884 0.1375 0.15579710144927536 0.028333333333333332
0 0.05144927536231884 0.09083333333333334 0.08478260869565217 0.010833333333333334
0 0.05217391304347826 0.4058333333333333 0.21304347826086956 0.01125
0 0.05217391304347826 0.36333333333333334 0.06884057971014493 0.014166666666666666
0 0.05217391304347826 0.22708333333333333 0.06159420289855073 0.01375
0 0.05217391304347826 0.11625 0.5079710144927536 0.01125
0 0.20144927536231885 0.0125 0.15072463768115943 0.03333333333333333
0 0.4811594202898551 0.4270833333333333 0.1427536231884058 0.028333333333333332
0 0.48188405797101447 0.4058333333333333 0.3050724637681159 0.01125
0 0.48188405797101447 0.38916666666666666 0.23623188405797102 0.01125
0 0.4826086956521739 0.36375 0.059420289855072465 0.01375
0 0.9108695652173913 0.4270833333333333 0.13840579710144926 0.028333333333333332
0 0.9108695652173913 0.38916666666666666 0.2891304347826087 0.01125
0 0.9115942028985508 0.4058333333333333 0.23695652173913043 0.01125
0 0.9123188405797101 0.36375 0.08333333333333333 0.01375
0 0.9159420289855073 0.27375 0.14057971014492754 0.028333333333333332
0 0.9159420289855073 0.2529166666666667 0.5398550724637681 0.01125
0 0.9159420289855073 0.22708333333333333 0.05507246376811594 0.01375
0 1.3398550724637681 0.4270833333333333 0.13768115942028986 0.028333333333333332
0 1.3398550724637681 0.4058333333333333 0.1644927536231884 0.01125
0 1.3413043478260869 0.38916666666666666 0.3442028985507246 0.01125
0 1.3413043478260869 0.36333333333333334 0.07608695652173914 0.014166666666666666
