0 0.04420289855072464 0.0125 0.15579710144927536 0.03333333333333333
0 0.05144927536231884 0.4270833333333333 0.13478260869565217 0.028333333333333332
0 0.05144927536231884 0.4058333333333333 0.19057971014492753 0.01125
0 0.05144927536231884 0.27375 0.1427536231884058 0.028333333333333332
0 0.05144927536231884 0.2529166666666667 0.5826086956521739 0.01125
0 0.05144927536231884 0.1375 0.1398550724637681 0.028333333333333332
0 0.05144927536231884 0.11625 0.5268115942028986 0.01125
0 0.05144927536231884 0.09083333333333334 0.06376811594202898 0.010833333333333334
0 0.05217391304347826 0.38916666666666666 0.3050724637681159 0.01125
0 0.05217391304347826 0.36333333333333334 0.07753623188405798 0.011666666666666667
0 0.05217391304347826 0.22666666666666666 0.07101449275362319 0.011666666666666667
0 0.21739130434782608 0.0125 0.14565217391304347 0.03333333333333333
0 0.4811594202898551 0.4270833333333333 0.15869565217391304 0.028333333333333332
0 0.4811594202898551 0.4058333333333333 0.26811594202898553 0.01125
0 0.4811594202898551 0.38916666666666666 0.2797101449275362 0.01125
0 0.48188405797101447 0.36333333333333334 0.07391304347826087 0.011666666666666667
0 0.9101449275362319 0.38916666666666666 0.24057971014492754 0.01125
0 0.9108695652173913 0.4270833333333333 0.1471014492753623 0.028333333333333332
0 0.9115942028985508 0.4058333333333333 0.2673913043478261 0.01125
0 0.9115942028985508 0.36333333333333334 0.07391304347826087 0.014166666666666666
0 0.9159420289855073 0.27375 0.1144927536231884 0.028333333333333332
0 0.9173913043478261 0.2529166666666667 0.527536231884058 0.01125
0 0.9181159420289855 0.22708333333333333 0.06376811594202898 0.01375
0 1.3398550724637681 0.4270833333333333 0.1492753623188406 0.028333333333333332
0 1.3398550724637681 0.36375 0.07101449275362319 0.01375
0 1.3413043478260869 0.4058333333333333 0.3050724637681159 0.01125
0 1.3413043478260869 0.38916666666666666 0.20797101449275363 0.01125
