0 0.04420289855072464 0.0125 0.15 0.03333333333333333
0 0.05144927536231884 0.4270833333333333 0.14347826086956522 0.028333333333333332
0 0.05144927536231884 0.29041666666666666 0.13043478260869565 0.028333333333333332
0 0.05144927536231884 0.2529166666666667 0.32318840579710145 0.01125
0 0.05144927536231884 0.1375 0.13695652173913042 0.028333333333333332
0 0.05217391304347826 0.4058333333333333 0.5369565217391304 0.01125
0 0.05217391304347826 0.26958333333333334 0.23768115942028986 0.01125
0 0.05217391304347826 0.11625 0.513768115942029 0.01125
0 0.05289855072463768 0.3804166666666667 0.07318840579710145 0.010833333333333334
0 0.05289855072463768 0.22708333333333333 0.0644927536231884 0.01375
0 0.05289855072463768 0.09083333333333334 0.07536231884057971 0.01125
0 0.21159420289855072 0.0125 0.15 0.03333333333333333
0 0.3789855072463768 0.0125 0.16304347826086957 0.03333333333333333
0 0.4811594202898551 0.29041666666666666 0.12608695652173912 0.028333333333333332
0 0.4811594202898551 0.2529166666666667 0.2891304347826087 0.01125
0 0.4811594202898551 0.22708333333333333 0.0572463768115942 0.01375
0 0.48188405797101447 0.26958333333333334 0.2072463768115942 0.01125
0 0.9108695652173913 0.29041666666666666 0.14202898550724638 0.028333333333333332
0 0.9108695652173913 0.26958333333333334 0.27898550724637683 0.01125
0 0.9115942028985508 0.2529166666666667 0.24492753623188407 0.01125
0 0.9123188405797101 0.22708333333333333 0.0782608695652174 0.01375
0 0.9159420289855073 0.4270833333333333 0.14492753623188406 0.028333333333333332
0 0.9173913043478261 0.4058333333333333 0.5340579710144927 0.01125
0 0.9181159420289855 0.3804166666666667 0.06304347826086956 0.01375
0 1.3398550724637681 0.29041666666666666 0.13478260869565217 0.028333333333333332
0 1.3398550724637681 0.22708333333333333 0.06666666666666667 0.01375
0 1.3405797101449275 0.2529166666666667 0.2391304347826087 0.01125
0 1.3413043478260869 0.26958333333333334 0.3115942028985507 0.01125
