0 0.04420289855072464 0.0125 0.1492753623188406 0.03333333333333333
0 0.05144927536231884 0.4270833333333333 0.15072463768115943 0.028333333333333332
0 0.05144927536231884 0.29041666666666666 0.14347826086956522 0.028333333333333332
0 0.05144927536231884 0.15416666666666667 0.14492753623188406 0.028333333333333332
0 0.05144927536231884 0.13291666666666666 0.34130434782608693 0.01125
0 0.05144927536231884 0.11625 0.18695652173913044 0.01125
0 0.05289855072463768 0.4058333333333333 0.5695652173913044 0.01125
0 0.05289855072463768 0.3804166666666667 0.08115942028985507 0.01375
0 0.05289855072463768 0.26958333333333334 0.5355072463768116 0.01125
0 0.05289855072463768 0.24375 0.07173913043478261 0.010833333333333334
0 0.05289855072463768 0.09083333333333334 0.06521739130434782 0.010833333333333334
0 0.2108695652173913 0.0125 0.15 0.03333333333333333
0 0.3782608695652174 0.0125 0.15942028985507245 0.03333333333333333
0 0.4811594202898551 0.15416666666666667 0.1463768115942029 0.028333333333333332
0 0.4811594202898551 0.09083333333333334 0.06956521739130435 0.010833333333333334
0 0.48188405797101447 0.13291666666666666 0.2246376811594203 0.01125
0 0.48188405797101447 0.11625 0.31376811594202897 0.01125
0 0.9108695652173913 0.15416666666666667 0.14855072463768115 0.028333333333333332
0 0.9115942028985508 0.13291666666666666 0.20072463768115942 0.01125
0 0.9115942028985508 0.11625 0.34492753623188405 0.01125
0 0.9123188405797101 0.09083333333333334 0.0644927536231884 0.01375
0 0.9159420289855073 0.4270833333333333 0.1471014492753623 0.028333333333333332
0 0.9166666666666666 0.4058333333333333 0.5268115942028986 0.01125
0 0.9173913043478261 0.38 0.07101449275362319 0.011666666666666667
0 0.9202898550724637 0.38333333333333336 0.016666666666666666 0.004166666666666667
0 1.3398550724637681 0.15416666666666667 0.13840579710144926 0.028333333333333332
0 1.3398550724637681 0.09083333333333334 0.07681159420289856 0.01125
0 1.3405797101449275 0.11625 0.3130434782608696 0.01125
0 1.3413043478260869 0.13291666666666666 0.2246376811594203 0.01125
