0 0.04420289855072464 0.0125 0.1391304347826087 0.03333333333333333
0 0.05144927536231884 0.44375 0.12608695652173912 0.028333333333333332
0 0.05144927536231884 0.3070833333333333 0.13260869565217392 0.028333333333333332
0 0.05144927536231884 0.28625 0.4920289855072464 0.01125
0 0.05144927536231884 0.15416666666666667 0.1282608695652174 0.028333333333333332
0 0.05144927536231884 0.09083333333333334 0.0746376811594203 0.010833333333333334
0 0.05217391304347826 0.13291666666666666 0.19057971014492753 0.01125
0 0.05217391304347826 0.11625 0.3217391304347826 0.01125
0 0.05289855072463768 0.4225 0.5210144927536232 0.01125
0 0.05289855072463768 0.39708333333333334 0.07753623188405798 0.01375
0 0.05289855072463768 0.2604166666666667 0.06666666666666667 0.01375
0 0.20072463768115942 0.0125 0.14420289855072463 0.03333333333333333
0 0.36231884057971014 0.0125 0.1427536231884058 0.03333333333333333
0 0.48043478260869565 0.09083333333333334 0.06811594202898551 0.01375
0 0.4811594202898551 0.17083333333333334 0.1565217391304348 0.028333333333333332
0 0.4811594202898551 0.11625 0.1391304347826087 0.01125
0 0.48188405797101447 0.14958333333333335 0.03188405797101449 0.00875
0 0.48188405797101447 0.13291666666666666 0.3884057971014493 0.01125
0 0.9101449275362319 0.09083333333333334 0.07246376811594203 0.01125
0 0.9108695652173913 0.15416666666666667 0.1471014492753623 0.028333333333333332
0 0.9108695652173913 0.11625 0.3094202898550725 0.01125
0 0.9115942028985508 0.13291666666666666 0.22753623188405797 0.01125
0 0.9159420289855073 0.3070833333333333 0.15797101449275364 0.028333333333333332
0 0.9173913043478261 0.28625 0.5666666666666667 0.01125
0 0.9181159420289855 0.2604166666666667 0.06304347826086956 0.01125
0 1.3398550724637681 0.15416666666666667 0.14492753623188406 0.028333333333333332
0 1.3405797101449275 0.13291666666666666 0.33695652173913043 0.01125
0 1.3405797101449275 0.11625 0.22681159420289856 0.01125
0 1.3405797101449275 0.09041666666666667 0.07173913043478261 0.014166666666666666
0 1.3442028985507246 0.09375 0.016666666666666666 0.004166666666666667
