0 0.04420289855072464 0.0125 0.1536231884057971 0.03333333333333333
0 0.05144927536231884 0.4270833333333333 0.14202898550724638 0.028333333333333332
0 0.05144927536231884 0.27375 0.1355072463768116 0.028333333333333332
0 0.05144927536231884 0.1375 0.1427536231884058 0.028333333333333332
0 0.05217391304347826 0.4058333333333333 0.15869565217391304 0.01125
0 0.05217391304347826 0.38916666666666666 0.3427536231884058 0.01125
0 0.05217391304347826 0.36333333333333334 0.06376811594202898 0.011666666666666667
0 0.05217391304347826 0.2529166666666667 0.5152173913043478 0.01125
0 0.05217391304347826 0.11625 0.5434782608695652 0.01125
0 0.05289855072463768 0.22708333333333333 0.07101449275362319 0.01125
0 0.05289855072463768 0.09083333333333334 0.0746376811594203 0.01375
0 0.21521739130434783 0.0125 0.14420289855072463 0.03333333333333333
0 0.4811594202898551 0.4270833333333333 0.13768115942028986 0.028333333333333332
0 0.4811594202898551 0.4058333333333333 0.20942028985507247 0.01125
0 0.48188405797101447 0.38916666666666666 0.3181159420289855 0.01125
0 0.48188405797101447 0.36333333333333334 0.07101449275362319 0.014166666666666666
0 0.9108695652173913 0.4270833333333333 0.14855072463768115 0.028333333333333332
0 0.9108695652173913 0.4058333333333333 0.27391304347826084 0.01125
0 0.9108695652173913 0.38916666666666666 0.25 0.01125
0 0.9123188405797101 0.36375 0.07318840579710145 0.01375
0 0.9159420289855073 0.27375 0.13478260869565217 0.028333333333333332
0 0.9159420289855073 0.22708333333333333 0.07028985507246377 0.01375
0 0.9166666666666666 0.2529166666666667 0.5108695652173914 0.01125
0 1.3398550724637681 0.4270833333333333 0.15072463768115943 0.028333333333333332
0 1.3398550724637681 0.4058333333333333 0.21811594202898552 0.01125
0 1.3398550724637681 0.36375 0.06594202898550725 0.01375
0 1.3413043478260869 0.38916666666666666 0.3217391304347826 0.01125
