0 0.04420289855072464 0.0125 0.13043478260869565 0.03333333333333333
0 0.05144927536231884 0.3070833333333333 0.13405797101449277 0.028333333333333332
0 0.05144927536231884 0.2604166666666667 0.05579710144927536 0.01375
0 0.05144927536231884 0.15416666666666667 0.12608695652173912 0.028333333333333332
0 0.05217391304347826 0.11625 0.2463768115942029 0.01125
0 0.05289855072463768 0.28625 0.5565217391304348 0.01125
0 0.05289855072463768 0.13291666666666666 0.31521739130434784 0.01125
0 0.05289855072463768 0.09083333333333334 0.08333333333333333 0.01125
0 0.19202898550724637 0.0125 0.15144927536231884 0.03333333333333333
0 0.36086956521739133 0.0125 0.15507246376811595 0.03333333333333333
0 0.4811594202898551 0.15416666666666667 0.1318840579710145 0.028333333333333332
0 0.4811594202898551 0.13291666666666666 0.2318840579710145 0.01125
0 0.48188405797101447 0.11625 0.29927536231884055 0.01125
0 0.4826086956521739 0.09083333333333334 0.08260869565217391 0.010833333333333334
0 0.5333333333333333 0.0125 0.12971014492753624 0.03333333333333333
0 0.6804347826086956 0.0125 0.14347826086956522 0.03333333333333333
0 0.9108695652173913 0.15416666666666667 0.13478260869565217 0.028333333333333332
0 0.9108695652173913 0.13291666666666666 0.22753623188405797 0.01125
0 0.9115942028985508 0.11625 0.3188405797101449 0.01125
0 0.9123188405797101 0.09083333333333334 0.06884057971014493 0.01375
0 0.9159420289855073 0.3070833333333333 0.13840579710144926 0.028333333333333332
0 0.9159420289855073 0.2604166666666667 0.06231884057971015 0.01375
0 0.9173913043478261 0.28625 0.5268115942028986 0.01125
0 1.3398550724637681 0.17083333333333334 0.13115942028985508 0.028333333333333332
0 1.3398550724637681 0.14958333333333335 0.043478260869565216 0.00875
0 1.3398550724637681 0.11625 0.14782608695652175 0.01125
0 1.3405797101449275 0.13291666666666666 0.34202898550724636 0.01125
0 1.3420289855072465 0.09083333333333334 0.0782608695652174 0.01375
