0 0.04420289855072464 0.0125 0.15869565217391304 0.03333333333333333
0 0.05144927536231884 0.4270833333333333 0.1492753623188406 0.028333333333333332
0 0.05144927536231884 0.3804166666666667 0.07608695652173914 0.01375
0 0.05144927536231884 0.29041666666666666 0.16014492753623188 0.028333333333333332
0 0.05144927536231884 0.24375 0.06304347826086956 0.01375
0 0.05144927536231884 0.15416666666666667 0.1536231884057971 0.028333333333333332
0 0.05144927536231884 0.13291666666666666 0.21159420289855072 0.01125
0 0.05144927536231884 0.09083333333333334 0.05144927536231884 0.010833333333333334
0 0.05217391304347826 0.4058333333333333 0.5202898550724637 0.01125
0 0.05217391304347826 0.26958333333333334 0.55 0.01125
0 0.05217391304347826 0.11625 0.33260869565217394 0.01125
0 0.22028985507246376 0.0125 0.15942028985507245 0.03333333333333333
0 0.4811594202898551 0.15416666666666667 0.13840579710144926 0.028333333333333332
0 0.48188405797101447 0.13291666666666666 0.18043478260869567 0.01125
0 0.48188405797101447 0.11625 0.34130434782608693 0.01125
0 0.4826086956521739 0.09083333333333334 0.06811594202898551 0.01375
0 0.9108695652173913 0.15416666666666667 0.13478260869565217 0.028333333333333332
0 0.9108695652173913 0.13291666666666666 0.18043478260869567 0.01125
0 0.9115942028985508 0.11625 0.3398550724637681 0.01125
0 0.9123188405797101 0.09083333333333334 0.07246376811594203 0.01375
0 0.9159420289855073 0.29041666666666666 0.1318840579710145 0.028333333333333332
0 0.9166666666666666 0.26958333333333334 0.5144927536231884 0.01125
0 0.9173913043478261 0.24333333333333335 0.07681159420289856 0.014166666666666666
0 1.3398550724637681 0.15416666666666667 0.12608695652173912 0.028333333333333332
0 1.3405797101449275 0.13291666666666666 0.22536231884057972 0.01125
0 1.3405797101449275 0.11625 0.34130434782608693 0.01125
0 1.3405797101449275 0.09041666666666667 0.0536231884057971 0.014166666666666666
