0 0.04420289855072464 0.0125 0.1492753623188406 0.03333333333333333
0 0.05144927536231884 0.41041666666666665 0.14202898550724638 0.028333333333333332
0 0.05144927536231884 0.27375 0.1427536231884058 0.028333333333333332
0 0.05144927536231884 0.2529166666666667 0.5789855072463768 0.01125
0 0.05144927536231884 0.1375 0.1398550724637681 0.028333333333333332
0 0.05144927536231884 0.11625 0.5297101449275362 0.01125
0 0.05144927536231884 0.09083333333333334 0.06811594202898551 0.01125
0 0.05217391304347826 0.38916666666666666 0.5702898550724638 0.01125
0 0.05289855072463768 0.36375 0.06739130434782609 0.01125
0 0.05289855072463768 0.22708333333333333 0.06811594202898551 0.01375
0 0.2108695652173913 0.0125 0.15579710144927536 0.03333333333333333
