0 0.04420289855072464 0.0125 0.15144927536231884 0.03333333333333333
0 0.050724637681159424 0.38916666666666666 0.40144927536231884 0.01125
0 0.05144927536231884 0.4270833333333333 0.12971014492753624 0.028333333333333332
0 0.05144927536231884 0.27375 0.1355072463768116 0.028333333333333332
0 0.05144927536231884 0.1375 0.14420289855072463 0.028333333333333332
0 0.05217391304347826 0.2529166666666667 0.5478260869565217 0.01125
0 0.05289855072463768 0.4058333333333333 0.11159420289855072 0.01125
0 0.05289855072463768 0.36375 0.07101449275362319 0.01375
0 0.05289855072463768 0.22708333333333333 0.06521739130434782 0.01375
0 0.05289855072463768 0.11625 0.5427536231884058 0.01125
0 0.05289855072463768 0.09083333333333334 0.07681159420289856 0.010833333333333334
0 0.21304347826086956 0.0125 0.15072463768115943 0.03333333333333333
0 0.38115942028985506 0.0125 0.15217391304347827 0.03333333333333333
0 0.4811594202898551 0.4270833333333333 0.1355072463768116 0.028333333333333332
0 0.4811594202898551 0.38916666666666666 0.20507246376811594 0.01125
0 0.48188405797101447 0.4058333333333333 0.3681159420289855 0.01125
0 0.4826086956521739 0.36375 0.07391304347826087 0.010833333333333334
0 0.5507246376811594 0.0125 0.15072463768115943 0.03333333333333333
0 0.9108695652173913 0.4270833333333333 0.12971014492753624 0.028333333333333332
0 0.9115942028985508 0.4058333333333333 0.26521739130434785 0.01125
0 0.9115942028985508 0.38916666666666666 0.2326086956521739 0.01125
0 0.9115942028985508 0.36333333333333334 0.06231884057971015 0.014166666666666666
0 0.9159420289855073 0.1375 0.13623188405797101 0.028333333333333332
0 0.9173913043478261 0.11625 0.5282608695652173 0.01125
0 0.9181159420289855 0.09083333333333334 0.06376811594202898 0.01375
0 1.3398550724637681 0.4270833333333333 0.13043478260869565 0.028333333333333332
0 1.3405797101449275 0.4058333333333333 0.2108695652173913 0.01125
0 1.3413043478260869 0.38916666666666666 0.30869565217391304 0.01125
0 1.3420289855072465 0.36375 0.06231884057971015 0.010833333333333334
