0 0.04420289855072464 0.0125 0.14420289855072463 0.03333333333333333
0 0.05144927536231884 0.41041666666666665 0.14130434782608695 0.028333333333333332
0 0.05144927536231884 0.38916666666666666 0.5811594202898551 0.01125
0 0.05144927536231884 0.27375 0.14420289855072463 0.028333333333333332
0 0.05144927536231884 0.1375 0.13405797101449277 0.028333333333333332
0 0.05217391304347826 0.22666666666666666 0.07608695652173914 0.011666666666666667
0 0.05217391304347826 0.11625 0.5289855072463768 0.01125
0 0.05289855072463768 0.36375 0.09057971014492754 0.010833333333333334
0 0.05289855072463768 0.2529166666666667 0.5072463768115942 0.01125
0 0.05289855072463768 0.09083333333333334 0.07391304347826087 0.01375
0 0.05507246376811594 0.23 0.016666666666666666 0.004166666666666667
0 0.20579710144927535 0.0125 0.15579710144927536 0.03333333333333333
0 0.3789855072463768 0.0125 0.12681159420289856 0.03333333333333333
0 0.9159420289855073 0.41041666666666665 0.14347826086956522 0.028333333333333332
0 0.9159420289855073 0.1375 0.14782608695652175 0.028333333333333332
0 0.9166666666666666 0.38916666666666666 0.553623188405797 0.01125
0 0.9166666666666666 0.11625 0.5347826086956522 0.01125
0 0.9166666666666666 0.09083333333333334 0.07608695652173914 0.01375
0 0.9173913043478261 0.36333333333333334 0.07608695652173914 0.014166666666666666
