0 0.04420289855072464 0.0125 0.14130434782608695 0.03333333333333333
0 0.05144927536231884 0.44375 0.13405797101449277 0.028333333333333332
0 0.05144927536231884 0.29041666666666666 0.14130434782608695 0.028333333333333332
0 0.05144927536231884 0.1375 0.1536231884057971 0.028333333333333332
0 0.05217391304347826 0.39666666666666667 0.0746376811594203 0.011666666666666667
0 0.05217391304347826 0.26958333333333334 0.22971014492753622 0.01125
0 0.05217391304347826 0.22666666666666666 0.06159420289855073 0.014166666666666666
0 0.05217391304347826 0.11625 0.5673913043478261 0.01125
0 0.05289855072463768 0.4225 0.5659420289855073 0.01125
0 0.05289855072463768 0.2529166666666667 0.2920289855072464 0.01125
0 0.05289855072463768 0.09083333333333334 0.07536231884057971 0.01375
0 0.2028985507246377 0.0125 0.14855072463768115 0.03333333333333333
0 0.36884057971014494 0.0125 0.15942028985507245 0.03333333333333333
0 0.4811594202898551 0.29041666666666666 0.1536231884057971 0.028333333333333332
0 0.4811594202898551 0.2529166666666667 0.34492753623188405 0.01125
0 0.4811594202898551 0.22708333333333333 0.06376811594202898 0.01375
0 0.48188405797101447 0.26958333333333334 0.1782608695652174 0.01125
0 0.9108695652173913 0.3070833333333333 0.1608695652173913 0.028333333333333332
0 0.9108695652173913 0.28625 0.1492753623188406 0.01125
0 0.9108695652173913 0.2529166666666667 0.1 0.01125
0 0.9115942028985508 0.26958333333333334 0.2717391304347826 0.01125
0 0.9115942028985508 0.22666666666666666 0.07173913043478261 0.014166666666666666
0 0.9159420289855073 0.1375 0.14782608695652175 0.028333333333333332
0 0.9173913043478261 0.11625 0.5333333333333333 0.01125
0 0.9173913043478261 0.09041666666666667 0.06304347826086956 0.011666666666666667
0 1.3398550724637681 0.29041666666666666 0.15797101449275364 0.028333333333333332
0 1.3398550724637681 0.22708333333333333 0.059420289855072465 0.010833333333333334
0 1.3405797101449275 0.26958333333333334 0.22971014492753622 0.01125
0 1.3405797101449275 0.2529166666666667 0.32608695652173914 0.01125
