0 0.04420289855072464 0.0125 0.1536231884057971 0.03333333333333333
0 0.05144927536231884 0.44375 0.1536231884057971 0.028333333333333332
0 0.05144927536231884 0.3070833333333333 0.1463768115942029 0.028333333333333332
0 0.05144927536231884 0.26958333333333334 0.3036231884057971 0.01125
0 0.05144927536231884 0.1375 0.15144927536231884 0.028333333333333332
0 0.05144927536231884 0.09083333333333334 0.08405797101449275 0.010833333333333334
0 0.05217391304347826 0.4225 0.5123188405797101 0.01125
0 0.05217391304347826 0.28625 0.17391304347826086 0.01125
0 0.05217391304347826 0.2529166666666667 0.07971014492753623 0.01125
0 0.05217391304347826 0.22666666666666666 0.06376811594202898 0.014166666666666666
0 0.05217391304347826 0.11625 0.5057971014492754 0.01125
0 0.05289855072463768 0.39708333333333334 0.06231884057971015 0.01375
0 0.21521739130434783 0.0125 0.15579710144927536 0.03333333333333333
0 0.3884057971014493 0.0125 0.14420289855072463 0.03333333333333333
0 0.4811594202898551 0.29041666666666666 0.1398550724637681 0.028333333333333332
0 0.4811594202898551 0.26958333333333334 0.19782608695652174 0.01125
0 0.4811594202898551 0.2529166666666667 0.3463768115942029 0.01125
0 0.4811594202898551 0.22708333333333333 0.07391304347826087 0.01375
0 0.55 0.0125 0.13405797101449277 0.03333333333333333
0 0.7014492753623188 0.0125 0.1463768115942029 0.03333333333333333
0 0.9101449275362319 0.22708333333333333 0.07028985507246377 0.010833333333333334
0 0.9108695652173913 0.29041666666666666 0.12753623188405797 0.028333333333333332
0 0.9115942028985508 0.26958333333333334 0.26159420289855073 0.01125
0 0.9115942028985508 0.2529166666666667 0.2673913043478261 0.01125
0 0.9159420289855073 0.44375 0.1427536231884058 0.028333333333333332
0 0.9173913043478261 0.4225 0.5456521739130434 0.01125
0 0.9181159420289855 0.39708333333333334 0.05507246376811594 0.01375
0 1.3398550724637681 0.29041666666666666 0.14130434782608695 0.028333333333333332
0 1.3398550724637681 0.22708333333333333 0.0746376811594203 0.01375
0 1.3413043478260869 0.26958333333333334 0.24492753623188407 0.01125
0 1.3413043478260869 0.2529166666666667 0.3050724637681159 0.01125
