0 0.04420289855072464 0.0125 0.14565217391304347 0.03333333333333333
0 0.05144927536231884 0.27375 0.13623188405797101 0.028333333333333332
0 0.05144927536231884 0.1375 0.13333333333333333 0.028333333333333332
0 0.05217391304347826 0.11625 0.5384057971014493 0.01125
0 0.05289855072463768 0.2529166666666667 0.5673913043478261 0.01125
0 0.05289855072463768 0.22708333333333333 0.057971014492753624 0.01375
0 0.05289855072463768 0.09083333333333334 0.06594202898550725 0.01125
0 0.2072463768115942 0.0125 0.13478260869565217 0.03333333333333333
0 0.9159420289855073 0.27375 0.1427536231884058 0.028333333333333332
0 0.9166666666666666 0.2529166666666667 0.5398550724637681 0.01125
0 0.9173913043478261 0.22666666666666666 0.06376811594202898 0.011666666666666667
0 0.9202898550724637 0.23041666666666666 0.020289855072463767 0.00375
