0 0.04420289855072464 0.0125 0.14420289855072463 0.03333333333333333
0 0.05144927536231884 0.4270833333333333 0.13478260869565217 0.028333333333333332
0 0.05144927536231884 0.29041666666666666 0.15434782608695652 0.028333333333333332
0 0.05144927536231884 0.26958333333333334 0.5094202898550725 0.01125
0 0.05144927536231884 0.24375 0.06159420289855073 0.010833333333333334
0 0.05144927536231884 0.15416666666666667 0.16376811594202897 0.028333333333333332
0 0.05144927536231884 0.11625 0.336231884057971 0.01125
0 0.05217391304347826 0.13291666666666666 0.20434782608695654 0.01125
0 0.05217391304347826 0.09041666666666667 0.0572463768115942 0.011666666666666667
0 0.05289855072463768 0.4058333333333333 0.5079710144927536 0.01125
0 0.05289855072463768 0.3804166666666667 0.07971014492753623 0.010833333333333334
0 0.20579710144927535 0.0125 0.13623188405797101 0.03333333333333333
0 0.35942028985507246 0.0125 0.15072463768115943 0.03333333333333333
0 0.4811594202898551 0.15416666666666667 0.15144927536231884 0.028333333333333332
0 0.4811594202898551 0.13291666666666666 0.1608695652173913 0.01125
0 0.4811594202898551 0.11625 0.3456521739130435 0.01125
0 0.48188405797101447 0.09041666666666667 0.08115942028985507 0.014166666666666666
0 0.527536231884058 0.0125 0.14782608695652175 0.03333333333333333
0 0.9108695652173913 0.15416666666666667 0.13768115942028986 0.028333333333333332
0 0.9108695652173913 0.13291666666666666 0.20434782608695654 0.01125
0 0.9115942028985508 0.11625 0.3007246376811594 0.01125
0 0.9115942028985508 0.09041666666666667 0.07753623188405798 0.011666666666666667
0 0.9159420289855073 0.29041666666666666 0.15 0.028333333333333332
0 0.9166666666666666 0.24375 0.06956521739130435 0.01125
0 0.9173913043478261 0.26958333333333334 0.5231884057971015 0.01125
0 1.3398550724637681 0.15416666666666667 0.14782608695652175 0.028333333333333332
0 1.3398550724637681 0.11625 0.3108695652173913 0.01125
0 1.3398550724637681 0.09083333333333334 0.06376811594202898 0.01125
0 1.3413043478260869 0.13291666666666666 0.2318840579710145 0.01125
