0 0.04420289855072464 0.0125 0.15289855072463768 0.03333333333333333
0 0.05144927536231884 0.4270833333333333 0.14565217391304347 0.028333333333333332
0 0.05144927536231884 0.27375 0.16014492753623188 0.028333333333333332
0 0.05144927536231884 0.22708333333333333 0.06521739130434782 0.01375
0 0.05144927536231884 0.1375 0.1355072463768116 0.028333333333333332
0 0.05217391304347826 0.2529166666666667 0.5521739130434783 0.01125
0 0.05217391304347826 0.11625 0.553623188405797 0.01125
0 0.05217391304347826 0.09083333333333334 0.0746376811594203 0.01375
0 0.05289855072463768 0.4058333333333333 0.18840579710144928 0.01125
0 0.05289855072463768 0.38916666666666666 0.31231884057971016 0.01125
0 0.05289855072463768 0.36375 0.08768115942028985 0.010833333333333334
0 0.2144927536231884 0.0125 0.14347826086956522 0.03333333333333333
0 0.3753623188405797 0.0125 0.1427536231884058 0.03333333333333333
0 0.4811594202898551 0.4270833333333333 0.1318840579710145 0.028333333333333332
0 0.4811594202898551 0.4058333333333333 0.3181159420289855 0.01125
0 0.4811594202898551 0.38916666666666666 0.23840579710144927 0.01125
0 0.4811594202898551 0.36375 0.07318840579710145 0.01375
0 0.5355072463768116 0.0125 0.15434782608695652 0.03333333333333333
0 0.9101449275362319 0.4058333333333333 0.21304347826086956 0.01125
0 0.9108695652173913 0.4270833333333333 0.13768115942028986 0.028333333333333332
0 0.9115942028985508 0.38916666666666666 0.29927536231884055 0.01125
0 0.9123188405797101 0.36375 0.058695652173913045 0.01375
0 0.9159420289855073 0.27375 0.13768115942028986 0.028333333333333332
0 0.9159420289855073 0.22708333333333333 0.07028985507246377 0.01125
0 0.9173913043478261 0.2529166666666667 0.486231884057971 0.01125
0 1.3398550724637681 0.4270833333333333 0.14855072463768115 0.028333333333333332
0 1.3405797101449275 0.38916666666666666 0.3115942028985507 0.01125
0 1.3405797101449275 0.36333333333333334 0.07318840579710145 0.011666666666666667
0 1.3413043478260869 0.4058333333333333 0.20942028985507247 0.01125
