0 0.04420289855072464 0.0125 0.14855072463768115 0.03333333333333333
0 0.05144927536231884 0.4270833333333333 0.1463768115942029 0.028333333333333332
0 0.05144927536231884 0.27375 0.1427536231884058 0.028333333333333332
0 0.05144927536231884 0.2529166666666667 0.5717391304347826 0.01125
0 0.05144927536231884 0.22708333333333333 0.07318840579710145 0.01125
0 0.05144927536231884 0.1375 0.13043478260869565 0.028333333333333332
0 0.05217391304347826 0.36333333333333334 0.07101449275362319 0.014166666666666666
0 0.05217391304347826 0.11625 0.5485507246376812 0.01125
0 0.05217391304347826 0.09041666666666667 0.06884057971014493 0.014166666666666666
0 0.05289855072463768 0.4058333333333333 0.2594202898550725 0.01125
0 0.05289855072463768 0.38916666666666666 0.2826086956521739 0.01125
0 0.05507246376811594 0.36666666666666664 0.016666666666666666 0.004166666666666667
0 0.21014492753623187 0.0125 0.14492753623188406 0.03333333333333333
0 0.4811594202898551 0.4270833333333333 0.1289855072463768 0.028333333333333332
0 0.4811594202898551 0.4058333333333333 0.23333333333333334 0.01125
0 0.4811594202898551 0.38916666666666666 0.3079710144927536 0.01125
0 0.48188405797101447 0.36333333333333334 0.07898550724637682 0.014166666666666666
0 0.9108695652173913 0.4270833333333333 0.14347826086956522 0.028333333333333332
0 0.9108695652173913 0.4058333333333333 0.2463768115942029 0.01125
0 0.9108695652173913 0.38916666666666666 0.2768115942028985 0.01125
0 0.9123188405797101 0.36375 0.07536231884057971 0.010833333333333334
0 0.9159420289855073 0.27375 0.13478260869565217 0.028333333333333332
0 0.9173913043478261 0.2529166666666667 0.5550724637681159 0.01125
0 0.9181159420289855 0.22708333333333333 0.06231884057971015 0.010833333333333334
0 1.3398550724637681 0.4270833333333333 0.15579710144927536 0.028333333333333332
0 1.3398550724637681 0.4058333333333333 0.28840579710144926 0.01125
0 1.3405797101449275 0.38916666666666666 0.2688405797101449 0.01125
0 1.3420289855072465 0.36375 0.06159420289855073 0.01375
