0 0.04420289855072464 0.0125 0.14130434782608695 0.03333333333333333
0 0.05144927536231884 0.4270833333333333 0.11956521739130435 0.028333333333333332
0 0.05144927536231884 0.4058333333333333 0.5340579710144927 0.01125
0 0.05144927536231884 0.29041666666666666 0.14420289855072463 0.028333333333333332
0 0.05144927536231884 0.1375 0.14057971014492754 0.028333333333333332
0 0.05144927536231884 0.09083333333333334 0.0746376811594203 0.01375
0 0.05217391304347826 0.26958333333333334 0.16231884057971013 0.01125
0 0.05217391304347826 0.2529166666666667 0.3333333333333333 0.01125
0 0.05217391304347826 0.11625 0.5557971014492754 0.01125
0 0.05289855072463768 0.3804166666666667 0.07101449275362319 0.01375
0 0.05289855072463768 0.22708333333333333 0.07971014492753623 0.01375
0 0.2028985507246377 0.0125 0.15144927536231884 0.03333333333333333
0 0.4811594202898551 0.29041666666666666 0.1427536231884058 0.028333333333333332
0 0.48188405797101447 0.26958333333333334 0.1644927536231884 0.01125
0 0.48188405797101447 0.2529166666666667 0.35507246376811596 0.01125
0 0.48188405797101447 0.22666666666666666 0.06956521739130435 0.011666666666666667
0 0.9101449275362319 0.26958333333333334 0.20507246376811594 0.01125
0 0.9108695652173913 0.29041666666666666 0.14782608695652175 0.028333333333333332
0 0.9108695652173913 0.2529166666666667 0.29782608695652174 0.01125
0 0.9123188405797101 0.22708333333333333 0.08115942028985507 0.01375
0 0.9159420289855073 0.1375 0.13115942028985508 0.028333333333333332
0 0.9159420289855073 0.11625 0.5166666666666667 0.01125
0 0.9181159420289855 0.09083333333333334 0.0782608695652174 0.010833333333333334
0 1.3398550724637681 0.29041666666666666 0.14057971014492754 0.028333333333333332
0 1.3398550724637681 0.2529166666666667 0.29927536231884055 0.01125
0 1.3405797101449275 0.22666666666666666 0.06159420289855073 0.012083333333333333
0 1.3413043478260869 0.26958333333333334 0.21811594202898552 0.01125
