0 0.04420289855072464 0.0125 0.13623188405797101 0.03333333333333333
0 0.05144927536231884 0.15416666666666667 0.1391304347826087 0.028333333333333332
0 0.05289855072463768 0.13291666666666666 0.15144927536231884 0.01125
0 0.05289855072463768 0.11625 0.3565217391304348 0.01125
0 0.05289855072463768 0.09083333333333334 0.06666666666666667 0.01375
0 0.19782608695652174 0.0125 0.1463768115942029 0.03333333333333333
0 0.4811594202898551 0.15416666666666667 0.1471014492753623 0.028333333333333332
0 0.48188405797101447 0.13291666666666666 0.26521739130434785 0.01125
0 0.48188405797101447 0.11625 0.2536231884057971 0.01125
0 0.48188405797101447 0.09041666666666667 0.07608695652173914 0.011666666666666667
0 0.9108695652173913 0.15416666666666667 0.16014492753623188 0.028333333333333332
0 0.9108695652173913 0.13291666666666666 0.2746376811594203 0.01125
0 0.9115942028985508 0.11625 0.29782608695652174 0.01125
0 0.9123188405797101 0.09083333333333334 0.07391304347826087 0.01375
0 1.3398550724637681 0.15416666666666667 0.1536231884057971 0.028333333333333332
0 1.3398550724637681 0.09083333333333334 0.07536231884057971 0.010833333333333334
0 1.3405797101449275 0.11625 0.3463768115942029 0.01125
0 1.3413043478260869 0.13291666666666666 0.1746376811594203 0.01125
