0 0.04420289855072464 0.0125 0.15797101449275364 0.03333333333333333
0 0.05144927536231884 0.4270833333333333 0.15289855072463768 0.028333333333333332
0 0.05144927536231884 0.29041666666666666 0.14420289855072463 0.028333333333333332
0 0.05144927536231884 0.2529166666666667 0.32681159420289857 0.01125
0 0.05144927536231884 0.1375 0.15 0.028333333333333332
0 0.05144927536231884 0.11625 0.5347826086956522 0.01125
0 0.05217391304347826 0.4058333333333333 0.5260869565217391 0.01125
0 0.05217391304347826 0.38 0.07536231884057971 0.014166666666666666
0 0.05217391304347826 0.26958333333333334 0.213768115942029 0.01125
0 0.05289855072463768 0.22708333333333333 0.07318840579710145 0.01375
0 0.05289855072463768 0.09083333333333334 0.0572463768115942 0.010833333333333334
0 0.21956521739130436 0.0125 0.14202898550724638 0.03333333333333333
0 0.4811594202898551 0.29041666666666666 0.13260869565217392 0.028333333333333332
0 0.4811594202898551 0.26958333333333334 0.322463768115942 0.01125
0 0.4811594202898551 0.2529166666666667 0.21594202898550724 0.01125
0 0.4811594202898551 0.22708333333333333 0.07318840579710145 0.010833333333333334
0 0.9108695652173913 0.29041666666666666 0.14492753623188406 0.028333333333333332
0 0.9108695652173913 0.26958333333333334 0.2 0.01125
0 0.9115942028985508 0.2529166666666667 0.31956521739130433 0.01125
0 0.9123188405797101 0.22708333333333333 0.07971014492753623 0.010833333333333334
0 0.9159420289855073 0.4270833333333333 0.1492753623188406 0.028333333333333332
0 0.9166666666666666 0.4058333333333333 0.5369565217391304 0.01125
0 0.9181159420289855 0.3804166666666667 0.08043478260869565 0.01375
0 1.3398550724637681 0.29041666666666666 0.15072463768115943 0.028333333333333332
0 1.3398550724637681 0.26958333333333334 0.25869565217391305 0.01125
0 1.3398550724637681 0.2529166666666667 0.27608695652173915 0.01125
0 1.3398550724637681 0.22708333333333333 0.06739130434782609 0.010833333333333334
