0 0.04420289855072464 0.0125 0.1463768115942029 0.03333333333333333
0 0.05144927536231884 0.4270833333333333 0.15144927536231884 0.028333333333333332
0 0.05144927536231884 0.29041666666666666 0.1427536231884058 0.028333333333333332
0 0.05144927536231884 0.24375 0.07753623188405798 0.01375
0 0.05144927536231884 0.15416666666666667 0.12971014492753624 0.028333333333333332
0 0.05144927536231884 0.13291666666666666 0.21304347826086956 0.01125
0 0.05144927536231884 0.11625 0.32608695652173914 0.01125
0 0.05217391304347826 0.4058333333333333 0.5014492753623189 0.01125
0 0.05217391304347826 0.38 0.07681159420289856 0.011666666666666667
0 0.05289855072463768 0.26958333333333334 0.5681159420289855 0.01125
0 0.05289855072463768 0.09083333333333334 0.07318840579710145 0.010833333333333334
0 0.05507246376811594 0.38333333333333336 0.016666666666666666 0.004166666666666667
0 0.20797101449275363 0.0125 0.15942028985507245 0.03333333333333333
0 0.3847826086956522 0.0125 0.1471014492753623 0.03333333333333333
0 0.48043478260869565 0.11625 0.34130434782608693 0.01125
0 0.4811594202898551 0.15416666666666667 0.12391304347826088 0.028333333333333332
0 0.4811594202898551 0.13291666666666666 0.19927536231884058 0.01125
0 0.48188405797101447 0.09041666666666667 0.07536231884057971 0.014166666666666666
0 0.5492753623188406 0.0125 0.14855072463768115 0.03333333333333333
0 0.7152173913043478 0.0125 0.1572463768115942 0.03333333333333333
0 0.9108695652173913 0.15416666666666667 0.15217391304347827 0.028333333333333332
0 0.9108695652173913 0.13291666666666666 0.2246376811594203 0.01125
0 0.9108695652173913 0.11625 0.28043478260869564 0.01125
0 0.9123188405797101 0.09083333333333334 0.04855072463768116 0.01125
0 0.9159420289855073 0.4270833333333333 0.1536231884057971 0.028333333333333332
0 0.9166666666666666 0.4058333333333333 0.5340579710144927 0.01125
0 0.9173913043478261 0.38 0.06231884057971015 0.014166666666666666
0 0.9202898550724637 0.38333333333333336 0.016666666666666666 0.004166666666666667
0 1.3398550724637681 0.15416666666666667 0.14347826086956522 0.028333333333333332
0 1.3413043478260869 0.13291666666666666 0.20144927536231885 0.01125
0 1.3413043478260869 0.11625 0.3333333333333333 0.01125
0 1.3420289855072465 0.09083333333333334 0.08043478260869565 0.010833333333333334
