0 0.04420289855072464 0.0125 0.15507246376811595 0.03333333333333333
0 0.05144927536231884 0.15416666666666667 0.14130434782608695 0.028333333333333332
0 0.05217391304347826 0.11625 0.28840579710144926 0.01125
0 0.05289855072463768 0.13291666666666666 0.24130434782608695 0.01125
0 0.05289855072463768 0.09083333333333334 0.06811594202898551 0.01375
0 0.21666666666666667 0.0125 0.13695652173913042 0.03333333333333333
0 0.4811594202898551 0.15416666666666667 0.15 0.028333333333333332
0 0.4811594202898551 0.13291666666666666 0.25072463768115943 0.01125
0 0.4811594202898551 0.11625 0.2528985507246377 0.01125
0 0.4826086956521739 0.09083333333333334 0.060144927536231886 0.01125
0 0.9108695652173913 0.15416666666666667 0.1391304347826087 0.028333333333333332
0 0.9108695652173913 0.13291666666666666 0.2246376811594203 0.01125
0 0.9108695652173913 0.11625 0.3347826086956522 0.01125
0 0.9123188405797101 0.09083333333333334 0.0644927536231884 0.01375
0 1.3398550724637681 0.15416666666666667 0.1398550724637681 0.028333333333333332
0 1.3405797101449275 0.11625 0.28840579710144926 0.01125
0 1.3413043478260869 0.13291666666666666 0.2608695652173913 0.01125
0 1.3413043478260869 0.09041666666666667 0.06884057971014493 0.011666666666666667
