0 0.04420289855072464 0.0125 0.14347826086956522 0.03333333333333333
0 0.05144927536231884 0.44375 0.15579710144927536 0.028333333333333332
0 0.05144927536231884 0.39708333333333334 0.08333333333333333 0.010833333333333334
0 0.05144927536231884 0.29041666666666666 0.14565217391304347 0.028333333333333332
0 0.05144927536231884 0.26958333333333334 0.18333333333333332 0.01125
0 0.05144927536231884 0.1375 0.1391304347826087 0.028333333333333332
0 0.05217391304347826 0.4225 0.5304347826086957 0.01125
0 0.05217391304347826 0.2529166666666667 0.3072463768115942 0.01125
0 0.05217391304347826 0.22708333333333333 0.07608695652173914 0.01375
0 0.05217391304347826 0.11625 0.49927536231884057 0.01125
0 0.05289855072463768 0.09083333333333334 0.06739130434782609 0.01375
0 0.20507246376811594 0.0125 0.14492753623188406 0.03333333333333333
0 0.3673913043478261 0.0125 0.1282608695652174 0.03333333333333333
0 0.48043478260869565 0.22708333333333333 0.07246376811594203 0.01125
0 0.4811594202898551 0.3070833333333333 0.14782608695652175 0.028333333333333332
0 0.4811594202898551 0.28625 0.02318840579710145 0.00875
0 0.4811594202898551 0.26958333333333334 0.32971014492753625 0.01125
0 0.48188405797101447 0.2529166666666667 0.1492753623188406 0.00875
0 0.9108695652173913 0.29041666666666666 0.15579710144927536 0.028333333333333332
0 0.9108695652173913 0.2529166666666667 0.18695652173913044 0.01125
0 0.9115942028985508 0.26958333333333334 0.30217391304347824 0.01125
0 0.9115942028985508 0.22666666666666666 0.07898550724637682 0.014166666666666666
0 0.9159420289855073 0.1375 0.1398550724637681 0.028333333333333332
0 0.9166666666666666 0.11625 0.5347826086956522 0.01125
0 0.9181159420289855 0.09083333333333334 0.06739130434782609 0.01125
0 1.3398550724637681 0.29041666666666666 0.13478260869565217 0.028333333333333332
0 1.3398550724637681 0.2529166666666667 0.2594202898550725 0.01125
0 1.3398550724637681 0.22708333333333333 0.07246376811594203 0.01375
0 1.3405797101449275 0.26958333333333334 0.2768115942028985 0.01125
