0 0.04420289855072464 0.0125 0.15 0.03333333333333333
0 0.05144927536231884 0.4270833333333333 0.14782608695652175 0.028333333333333332
0 0.05144927536231884 0.29041666666666666 0.1492753623188406 0.028333333333333332
0 0.05144927536231884 0.15416666666666667 0.13405797101449277 0.028333333333333332
0 0.05217391304347826 0.4058333333333333 0.5297101449275362 0.01125
0 0.05217391304347826 0.26958333333333334 0.5579710144927537 0.01125
0 0.05217391304347826 0.24333333333333335 0.06086956521739131 0.014166666666666666
0 0.05217391304347826 0.13291666666666666 0.24855072463768116 0.01125
0 0.05217391304347826 0.11625 0.2753623188405797 0.01125
0 0.05289855072463768 0.3804166666666667 0.07028985507246377 0.01375
0 0.05289855072463768 0.09083333333333334 0.07028985507246377 0.010833333333333334
0 0.21159420289855072 0.0125 0.1427536231884058 0.03333333333333333
0 0.3717391304347826 0.0125 0.16594202898550725 0.03333333333333333
0 0.4811594202898551 0.15416666666666667 0.14855072463768115 0.028333333333333332
0 0.48188405797101447 0.13291666666666666 0.1753623188405797 0.01125
0 0.48188405797101447 0.11625 0.3289855072463768 0.01125
0 0.48188405797101447 0.09041666666666667 0.07173913043478261 0.011666666666666667
0 0.48478260869565215 0.09375 0.017391304347826087 0.004166666666666667
0 0.5550724637681159 0.0125 0.12971014492753624 0.03333333333333333
0 0.9101449275362319 0.09083333333333334 0.0644927536231884 0.01375
0 0.9108695652173913 0.15416666666666667 0.12173913043478261 0.028333333333333332
0 0.9108695652173913 0.11625 0.24492753623188407 0.01125
0 0.9115942028985508 0.13291666666666666 0.2579710144927536 0.01125
0 0.9159420289855073 0.29041666666666666 0.15579710144927536 0.028333333333333332
0 0.9159420289855073 0.24375 0.07681159420289856 0.01375
0 0.9166666666666666 0.26958333333333334 0.5217391304347826 0.01125
0 1.3398550724637681 0.15416666666666667 0.16231884057971013 0.028333333333333332
0 1.3405797101449275 0.11625 0.21739130434782608 0.01125
0 1.3405797101449275 0.09041666666666667 0.06884057971014493 0.014166666666666666
0 1.3413043478260869 0.13291666666666666 0.35434782608695653 0.01125
