0 0.04420289855072464 0.0125 0.14492753623188406 0.03333333333333333
0 0.05144927536231884 0.4270833333333333 0.1318840579710145 0.028333333333333332
0 0.05144927536231884 0.4058333333333333 0.5398550724637681 0.01125
0 0.05144927536231884 0.29041666666666666 0.13623188405797101 0.028333333333333332
0 0.05144927536231884 0.15416666666666667 0.1246376811594203 0.028333333333333332
0 0.05144927536231884 0.09083333333333334 0.06956521739130435 0.010833333333333334
0 0.05217391304347826 0.26958333333333334 0.5159420289855072 0.01125
0 0.05217391304347826 0.24333333333333335 0.08043478260869565 0.011666666666666667
0 0.05217391304347826 0.13291666666666666 0.23405797101449274 0.01125
0 0.05289855072463768 0.3804166666666667 0.06086956521739131 0.010833333333333334
0 0.05289855072463768 0.11625 0.2818840579710145 0.01125
0 0.20652173913043478 0.0125 0.14420289855072463 0.03333333333333333
0 0.3681159420289855 0.0125 0.16231884057971013 0.03333333333333333
0 0.4811594202898551 0.15416666666666667 0.13478260869565217 0.028333333333333332
0 0.4811594202898551 0.13291666666666666 0.2072463768115942 0.01125
0 0.4811594202898551 0.11625 0.30144927536231886 0.01125
0 0.4811594202898551 0.09083333333333334 0.07246376811594203 0.010833333333333334
0 0.5478260869565217 0.0125 0.1492753623188406 0.03333333333333333
0 0.9108695652173913 0.15416666666666667 0.14492753623188406 0.028333333333333332
0 0.9108695652173913 0.13291666666666666 0.23478260869565218 0.01125
0 0.9108695652173913 0.09083333333333334 0.06594202898550725 0.010833333333333334
0 0.9115942028985508 0.11625 0.3282608695652174 0.01125
0 0.9159420289855073 0.29041666666666666 0.14057971014492754 0.028333333333333332
0 0.9173913043478261 0.26958333333333334 0.5557971014492754 0.01125
0 0.9181159420289855 0.24375 0.07173913043478261 0.01375
0 1.3398550724637681 0.15416666666666667 0.15434782608695652 0.028333333333333332
0 1.3405797101449275 0.13291666666666666 0.1608695652173913 0.01125
0 1.3405797101449275 0.11625 0.31231884057971016 0.01125
0 1.3420289855072465 0.09083333333333334 0.07246376811594203 0.010833333333333334
