0 0.04420289855072464 0.0125 0.16231884057971013 0.03333333333333333
0 0.05144927536231884 0.4270833333333333 0.14420289855072463 0.028333333333333332
0 0.05144927536231884 0.36375 0.07246376811594203 0.01375
0 0.05144927536231884 0.27375 0.14202898550724638 0.028333333333333332
0 0.05144927536231884 0.1375 0.13115942028985508 0.028333333333333332
0 0.05144927536231884 0.09083333333333334 0.08043478260869565 0.010833333333333334
0 0.05217391304347826 0.4058333333333333 0.16304347826086957 0.01125
0 0.05217391304347826 0.38916666666666666 0.33260869565217394 0.01125
0 0.05289855072463768 0.2529166666666667 0.5152173913043478 0.01125
0 0.05289855072463768 0.22708333333333333 0.06666666666666667 0.01375
0 0.05289855072463768 0.11625 0.4934782608695652 0.01125
0 0.22391304347826088 0.0125 0.14057971014492754 0.03333333333333333
0 0.3818840579710145 0.0125 0.1391304347826087 0.03333333333333333
0 0.4811594202898551 0.44375 0.15072463768115943 0.028333333333333332
0 0.4811594202898551 0.4058333333333333 0.22536231884057972 0.01125
0 0.48188405797101447 0.4225 0.12753623188405797 0.01125
0 0.48188405797101447 0.38916666666666666 0.18188405797101448 0.01125
0 0.4826086956521739 0.36375 0.06304347826086956 0.010833333333333334
0 0.5384057971014493 0.0125 0.14202898550724638 0.03333333333333333
0 0.6978260869565217 0.0125 0.15797101449275364 0.03333333333333333
0 0.9108695652173913 0.4270833333333333 0.14492753623188406 0.028333333333333332
0 0.9108695652173913 0.4058333333333333 0.17681159420289855 0.01125
0 0.9108695652173913 0.38916666666666666 0.33405797101449275 0.01125
0 0.9108695652173913 0.36375 0.07536231884057971 0.010833333333333334
0 0.9159420289855073 0.27375 0.15 0.028333333333333332
0 0.9166666666666666 0.2529166666666667 0.5413043478260869 0.01125
0 0.9181159420289855 0.22708333333333333 0.07028985507246377 0.01375
0 1.3398550724637681 0.4270833333333333 0.1471014492753623 0.028333333333333332
0 1.3413043478260869 0.4058333333333333 0.26304347826086955 0.01125
0 1.3413043478260869 0.38916666666666666 0.27608695652173915 0.01125
0 1.3420289855072465 0.36375 0.06376811594202898 0.01375
