0 0.04420289855072464 0.0125 0.16594202898550725 0.03333333333333333
0 0.05144927536231884 0.4270833333333333 0.15072463768115943 0.028333333333333332
0 0.05144927536231884 0.4058333333333333 0.20507246376811594 0.01125
0 0.05144927536231884 0.27375 0.14202898550724638 0.028333333333333332
0 0.05144927536231884 0.1375 0.1391304347826087 0.028333333333333332
0 0.05217391304347826 0.38916666666666666 0.33043478260869563 0.01125
0 0.05217391304347826 0.36333333333333334 0.06666666666666667 0.011666666666666667
0 0.05289855072463768 0.2529166666666667 0.5420289855072464 0.01125
0 0.05289855072463768 0.22708333333333333 0.060144927536231886 0.01375
0 0.05289855072463768 0.11625 0.5166666666666667 0.01125
0 0.05289855072463768 0.09083333333333334 0.07028985507246377 0.010833333333333334
0 0.05507246376811594 0.36666666666666664 0.017391304347826087 0.004166666666666667
0 0.22753623188405797 0.0125 0.1536231884057971 0.03333333333333333
0 0.39855072463768115 0.0125 0.1246376811594203 0.03333333333333333
0 0.4811594202898551 0.4270833333333333 0.15507246376811595 0.028333333333333332
0 0.4811594202898551 0.4058333333333333 0.3130434782608696 0.01125
0 0.4811594202898551 0.38916666666666666 0.2072463768115942 0.01125
0 0.4826086956521739 0.36375 0.07536231884057971 0.01125
0 0.5405797101449276 0.0125 0.1471014492753623 0.03333333333333333
0 0.9108695652173913 0.4270833333333333 0.1463768115942029 0.028333333333333332
0 0.9108695652173913 0.4058333333333333 0.30579710144927535 0.01125
0 0.9108695652173913 0.36375 0.06956521739130435 0.01375
0 0.9115942028985508 0.38916666666666666 0.24057971014492754 0.01125
0 0.9159420289855073 0.1375 0.13623188405797101 0.028333333333333332
0 0.9166666666666666 0.11625 0.5311594202898551 0.01125
0 0.9173913043478261 0.09041666666666667 0.06159420289855073 0.012083333333333333
0 1.3398550724637681 0.4270833333333333 0.1289855072463768 0.028333333333333332
0 1.3405797101449275 0.4058333333333333 0.23623188405797102 0.01125
0 1.3405797101449275 0.36333333333333334 0.07536231884057971 0.014166666666666666
0 1.3413043478260869 0.38916666666666666 0.2847826086956522 0.01125
0 1.3442028985507246 0.36666666666666664 0.016666666666666666 0.004166666666666667
