0 0.04420289855072464 0.0125 0.11666666666666667 0.03333333333333333
0 0.05144927536231884 0.4270833333333333 0.13768115942028986 0.028333333333333332
0 0.05144927536231884 0.29041666666666666 0.14565217391304347 0.028333333333333332
0 0.05144927536231884 0.26958333333333334 0.572463768115942 0.01125
0 0.05144927536231884 0.15416666666666667 0.13115942028985508 0.028333333333333332
0 0.05144927536231884 0.13291666666666666 0.2855072463768116 0.01125
0 0.05217391304347826 0.4058333333333333 0.5782608695652174 0.01125
0 0.05217391304347826 0.11625 0.22536231884057972 0.01125
0 0.05217391304347826 0.09083333333333334 0.07608695652173914 0.01375
0 0.05289855072463768 0.3804166666666667 0.07608695652173914 0.01375
0 0.05289855072463768 0.24375 0.059420289855072465 0.010833333333333334
0 0.1782608695652174 0.0125 0.13623188405797101 0.03333333333333333
0 0.3318840579710145 0.0125 0.14130434782608695 0.03333333333333333
0 0.4811594202898551 0.15416666666666667 0.15217391304347827 0.028333333333333332
0 0.4811594202898551 0.13291666666666666 0.20072463768115942 0.01125
0 0.4811594202898551 0.11625 0.33115942028985507 0.01125
0 0.4826086956521739 0.09083333333333334 0.07318840579710145 0.01375
0 0.4905797101449275 0.0125 0.16159420289855073 0.03333333333333333
0 0.9108695652173913 0.15416666666666667 0.13478260869565217 0.028333333333333332
0 0.9115942028985508 0.13291666666666666 0.36376811594202896 0.01125
0 0.9115942028985508 0.11625 0.15434782608695652 0.01125
0 0.9123188405797101 0.09083333333333334 0.06739130434782609 0.01375
0 0.9159420289855073 0.29041666666666666 0.15144927536231884 0.028333333333333332
0 0.9166666666666666 0.26958333333333334 0.5521739130434783 0.01125
0 0.9173913043478261 0.24333333333333335 0.07536231884057971 0.014166666666666666
0 1.3398550724637681 0.15416666666666667 0.13840579710144926 0.028333333333333332
0 1.3398550724637681 0.11625 0.2971014492753623 0.01125
0 1.3413043478260869 0.13291666666666666 0.2391304347826087 0.01125
0 1.3420289855072465 0.09083333333333334 0.08260869565217391 0.01375
