0 0.04420289855072464 0.0125 0.15797101449275364 0.03333333333333333
0 0.050724637681159424 0.38916666666666666 0.26666666666666666 0.01125
0 0.05144927536231884 0.4270833333333333 0.1355072463768116 0.028333333333333332
0 0.05144927536231884 0.27375 0.16159420289855073 0.028333333333333332
0 0.05144927536231884 0.1375 0.15144927536231884 0.028333333333333332
0 0.05217391304347826 0.4058333333333333 0.27246376811594203 0.01125
0 0.05217391304347826 0.36333333333333334 0.0782608695652174 0.014166666666666666
0 0.05217391304347826 0.11625 0.5492753623188406 0.01125
0 0.05289855072463768 0.2529166666666667 0.5065217391304347 0.01125
0 0.05289855072463768 0.22708333333333333 0.0572463768115942 0.01375
0 0.05289855072463768 0.09083333333333334 0.08260869565217391 0.010833333333333334
0 0.21956521739130436 0.0125 0.1398550724637681 0.03333333333333333
0 0.37681159420289856 0.0125 0.1398550724637681 0.03333333333333333
0 0.48043478260869565 0.36375 0.06231884057971015 0.01375
0 0.4811594202898551 0.4270833333333333 0.1391304347826087 0.028333333333333332
0 0.4811594202898551 0.4058333333333333 0.2108695652173913 0.01125
0 0.48188405797101447 0.38916666666666666 0.3398550724637681 0.01125
0 0.5340579710144927 0.0125 0.12318840579710146 0.03333333333333333
0 0.9108695652173913 0.4270833333333333 0.15072463768115943 0.028333333333333332
0 0.9108695652173913 0.4058333333333333 0.19420289855072465 0.01125
0 0.9108695652173913 0.38916666666666666 0.2898550724637681 0.01125
0 0.9123188405797101 0.36375 0.08115942028985507 0.01125
0 0.9159420289855073 0.27375 0.14855072463768115 0.028333333333333332
0 0.9159420289855073 0.22708333333333333 0.08260869565217391 0.010833333333333334
0 0.9173913043478261 0.2529166666666667 0.5492753623188406 0.01125
0 1.3398550724637681 0.4270833333333333 0.1398550724637681 0.028333333333333332
0 1.3405797101449275 0.4058333333333333 0.26304347826086955 0.01125
0 1.3405797101449275 0.36333333333333334 0.07391304347826087 0.014166666666666666
0 1.3413043478260869 0.38916666666666666 0.23405797101449274 0.01125
