0 0.04420289855072464 0.0125 0.14492753623188406 0.03333333333333333
0 0.05144927536231884 0.44375 0.13623188405797101 0.028333333333333332
0 0.05144927536231884 0.4225 0.5413043478260869 0.01125
0 0.05144927536231884 0.39708333333333334 0.07246376811594203 0.01375
0 0.05144927536231884 0.3070833333333333 0.1463768115942029 0.028333333333333332
0 0.05144927536231884 0.15416666666666667 0.12318840579710146 0.028333333333333332
0 0.05217391304347826 0.28625 0.5855072463768116 0.01125
0 0.05217391304347826 0.13291666666666666 0.19202898550724637 0.01125
0 0.05217391304347826 0.11625 0.3007246376811594 0.01125
0 0.05289855072463768 0.2604166666666667 0.0536231884057971 0.01375
0 0.05289855072463768 0.09083333333333334 0.06666666666666667 0.01375
0 0.20652173913043478 0.0125 0.15507246376811595 0.03333333333333333
0 0.4811594202898551 0.17083333333333334 0.12536231884057972 0.028333333333333332
0 0.4811594202898551 0.15208333333333332 0.017391304347826087 0.00625
0 0.4811594202898551 0.11625 0.18043478260869567 0.01125
0 0.48188405797101447 0.13291666666666666 0.32608695652173914 0.01125
0 0.4826086956521739 0.09083333333333334 0.06811594202898551 0.01375
0 0.9101449275362319 0.09083333333333334 0.08623188405797101 0.01375
0 0.9108695652173913 0.15416666666666667 0.15 0.028333333333333332
0 0.9108695652173913 0.11625 0.3115942028985507 0.01125
0 0.9115942028985508 0.13291666666666666 0.22028985507246376 0.01125
0 0.9159420289855073 0.44375 0.13623188405797101 0.028333333333333332
0 0.9173913043478261 0.4225 0.5717391304347826 0.01125
0 0.9181159420289855 0.39708333333333334 0.07608695652173914 0.01375
0 1.3398550724637681 0.15416666666666667 0.13043478260869565 0.028333333333333332
0 1.3398550724637681 0.09083333333333334 0.059420289855072465 0.01125
0 1.3405797101449275 0.13291666666666666 0.27753623188405796 0.01125
0 1.3405797101449275 0.11625 0.23478260869565218 0.01125
