0 0.04420289855072464 0.0125 0.15579710144927536 0.03333333333333333
0 0.05144927536231884 0.27375 0.13260869565217392 0.028333333333333332
0 0.05144927536231884 0.22708333333333333 0.07536231884057971 0.01375
0 0.05144927536231884 0.1375 0.15217391304347827 0.028333333333333332
0 0.05217391304347826 0.2529166666666667 0.5195652173913043 0.01125
0 0.05217391304347826 0.11625 0.4963768115942029 0.01125
0 0.05289855072463768 0.09083333333333334 0.07028985507246377 0.01375
0 0.21739130434782608 0.0125 0.17173913043478262 0.03333333333333333
0 0.40652173913043477 0.0125 0.14565217391304347 0.03333333333333333
0 0.9159420289855073 0.27375 0.13405797101449277 0.028333333333333332
0 0.9173913043478261 0.2529166666666667 0.5391304347826087 0.01125
0 0.9181159420289855 0.22708333333333333 0.07608695652173914 0.01375
