0 0.04420289855072464 0.0125 0.1398550724637681 0.03333333333333333
0 0.05144927536231884 0.29041666666666666 0.14057971014492754 0.028333333333333332
0 0.05144927536231884 0.1375 0.1355072463768116 0.028333333333333332
0 0.05144927536231884 0.09083333333333334 0.06884057971014493 0.01375
0 0.05217391304347826 0.26958333333333334 0.24565217391304348 0.01125
0 0.05217391304347826 0.2529166666666667 0.2391304347826087 0.01125
0 0.05217391304347826 0.22708333333333333 0.07246376811594203 0.01375
0 0.05289855072463768 0.11625 0.5695652173913044 0.01125
0 0.20144927536231885 0.0125 0.14057971014492754 0.03333333333333333
0 0.35942028985507246 0.0125 0.13695652173913042 0.03333333333333333
0 0.4811594202898551 0.29041666666666666 0.14057971014492754 0.028333333333333332
0 0.4811594202898551 0.2529166666666667 0.3391304347826087 0.01125
0 0.48188405797101447 0.26958333333333334 0.19130434782608696 0.01125
0 0.4826086956521739 0.22708333333333333 0.06739130434782609 0.010833333333333334
0 0.513768115942029 0.0125 0.14420289855072463 0.03333333333333333
0 0.6753623188405797 0.0125 0.15 0.03333333333333333
0 0.9108695652173913 0.29041666666666666 0.16594202898550725 0.028333333333333332
0 0.9108695652173913 0.26958333333333334 0.1746376811594203 0.01125
0 0.9108695652173913 0.22708333333333333 0.06086956521739131 0.01375
0 0.9115942028985508 0.2529166666666667 0.3681159420289855 0.01125
0 0.9159420289855073 0.1375 0.15289855072463768 0.028333333333333332
0 0.9173913043478261 0.11625 0.5268115942028986 0.01125
0 0.9181159420289855 0.09083333333333334 0.0536231884057971 0.01375
0 1.3398550724637681 0.29041666666666666 0.14420289855072463 0.028333333333333332
0 1.3398550724637681 0.2529166666666667 0.34492753623188405 0.01125
0 1.3398550724637681 0.22708333333333333 0.05652173913043478 0.010833333333333334
0 1.3405797101449275 0.26958333333333334 0.18188405797101448 0.01125
