0 0.04420289855072464 0.0125 0.1608695652173913 0.03333333333333333
0 0.050724637681159424 0.4058333333333333 0.26521739130434785 0.01125
0 0.05144927536231884 0.4270833333333333 0.14782608695652175 0.028333333333333332
0 0.05144927536231884 0.27375 0.13768115942028986 0.028333333333333332
0 0.05144927536231884 0.1375 0.14420289855072463 0.028333333333333332
0 0.05144927536231884 0.11625 0.5652173913043478 0.01125
0 0.05217391304347826 0.38916666666666666 0.28405797101449276 0.01125
0 0.05289855072463768 0.36375 0.05289855072463768 0.010833333333333334
0 0.05289855072463768 0.2529166666666667 0.532608695652174 0.01125
0 0.05289855072463768 0.22708333333333333 0.07028985507246377 0.01375
0 0.05289855072463768 0.09083333333333334 0.0644927536231884 0.01375
0 0.22246376811594204 0.0125 0.1644927536231884 0.03333333333333333
0 0.4043478260869565 0.0125 0.13840579710144926 0.03333333333333333
0 0.4811594202898551 0.4270833333333333 0.13695652173913042 0.028333333333333332
0 0.4811594202898551 0.4058333333333333 0.1855072463768116 0.01125
0 0.48188405797101447 0.38916666666666666 0.3471014492753623 0.01125
0 0.48188405797101447 0.36333333333333334 0.07536231884057971 0.011666666666666667
0 0.5601449275362319 0.0125 0.1391304347826087 0.03333333333333333
0 0.9101449275362319 0.36375 0.07173913043478261 0.01375
0 0.9108695652173913 0.4270833333333333 0.1391304347826087 0.028333333333333332
0 0.9108695652173913 0.4058333333333333 0.32028985507246377 0.01125
0 0.9108695652173913 0.38916666666666666 0.2 0.01125
0 0.9159420289855073 0.27375 0.14202898550724638 0.028333333333333332
0 0.9166666666666666 0.22666666666666666 0.07608695652173914 0.014166666666666666
0 0.9173913043478261 0.2529166666666667 0.5514492753623188 0.01125
0 1.3398550724637681 0.4270833333333333 0.1471014492753623 0.028333333333333332
0 1.3398550724637681 0.4058333333333333 0.3442028985507246 0.01125
0 1.3405797101449275 0.38916666666666666 0.20434782608695654 0.01125
0 1.3420289855072465 0.36375 0.059420289855072465 0.010833333333333334
