0 0.04420289855072464 0.0125 0.13478260869565217 0.03333333333333333
0 0.05144927536231884 0.44375 0.14130434782608695 0.028333333333333332
0 0.05144927536231884 0.29041666666666666 0.15289855072463768 0.028333333333333332
0 0.05144927536231884 0.22708333333333333 0.07318840579710145 0.01375
0 0.05144927536231884 0.1375 0.1391304347826087 0.028333333333333332
0 0.05217391304347826 0.4058333333333333 0.336231884057971 0.01125
0 0.05217391304347826 0.26958333333333334 0.27246376811594203 0.01125
0 0.05217391304347826 0.2529166666666667 0.2782608695652174 0.01125
0 0.05217391304347826 0.11625 0.5376811594202898 0.01125
0 0.05217391304347826 0.09041666666666667 0.07536231884057971 0.011666666666666667
0 0.05289855072463768 0.4225 0.18695652173913044 0.01125
0 0.05289855072463768 0.3804166666666667 0.07318840579710145 0.010833333333333334
0 0.1963768115942029 0.0125 0.15289855072463768 0.03333333333333333
0 0.36666666666666664 0.0125 0.14420289855072463 0.03333333333333333
0 0.4811594202898551 0.44375 0.1398550724637681 0.028333333333333332
0 0.4811594202898551 0.4225 0.2246376811594203 0.01125
0 0.4811594202898551 0.4058333333333333 0.34347826086956523 0.01125
0 0.4811594202898551 0.3804166666666667 0.07318840579710145 0.01125
0 0.4811594202898551 0.29041666666666666 0.14347826086956522 0.028333333333333332
0 0.4811594202898551 0.26958333333333334 0.19057971014492753 0.01125
0 0.4811594202898551 0.22708333333333333 0.06811594202898551 0.01125
0 0.48188405797101447 0.2529166666666667 0.3239130434782609 0.01125
0 0.5282608695652173 0.0125 0.15507246376811595 0.03333333333333333
0 0.7007246376811594 0.0125 0.14202898550724638 0.03333333333333333
0 0.9101449275362319 0.3804166666666667 0.06811594202898551 0.01375
0 0.9101449275362319 0.22708333333333333 0.07971014492753623 0.010833333333333334
0 0.9108695652173913 0.46041666666666664 0.14347826086956522 0.028333333333333332
0 0.9108695652173913 0.4225 0.3318840579710145 0.01125
0 0.9108695652173913 0.4058333333333333 0.1608695652173913 0.01125
0 0.9108695652173913 0.29041666666666666 0.14420289855072463 0.028333333333333332
0 0.9108695652173913 0.26958333333333334 0.21884057971014492 0.01125
0 0.9115942028985508 0.43916666666666665 0.04492753623188406 0.00875
0 0.9115942028985508 0.2529166666666667 0.3384057971014493 0.01125
0 1.3398550724637681 0.44375 0.14782608695652175 0.028333333333333332
0 1.3398550724637681 0.4225 0.28695652173913044 0.01125
0 1.3398550724637681 0.4058333333333333 0.2536231884057971 0.01125
0 1.3398550724637681 0.29041666666666666 0.1463768115942029 0.028333333333333332
0 1.3405797101449275 0.26958333333333334 0.20434782608695654 0.01125
0 1.3405797101449275 0.2529166666666667 0.3253623188405797 0.01125
0 1.3420289855072465 0.3804166666666667 0.06521739130434782 0.010833333333333334
0 1.3420289855072465 0.22708333333333333 0.06159420289855073 0.01375
