0 0.04420289855072464 0.0125 0.14855072463768115 0.03333333333333333
0 0.05144927536231884 0.29041666666666666 0.13478260869565217 0.028333333333333332
0 0.05144927536231884 0.1375 0.15289855072463768 0.028333333333333332
0 0.05144927536231884 0.11625 0.5405797101449276 0.01125
0 0.05144927536231884 0.09083333333333334 0.0572463768115942 0.01375
0 0.05217391304347826 0.22666666666666666 0.059420289855072465 0.014166666666666666
0 0.05289855072463768 0.26958333333333334 0.22246376811594204 0.01125
0 0.05289855072463768 0.2529166666666667 0.2891304347826087 0.01125
0 0.21014492753623187 0.0125 0.15144927536231884 0.03333333333333333
0 0.3789855072463768 0.0125 0.13260869565217392 0.03333333333333333
0 0.4811594202898551 0.29041666666666666 0.1398550724637681 0.028333333333333332
0 0.4811594202898551 0.2529166666666667 0.30144927536231886 0.01125
0 0.48188405797101447 0.26958333333333334 0.24710144927536232 0.01125
0 0.4826086956521739 0.22708333333333333 0.0644927536231884 0.010833333333333334
0 0.5289855072463768 0.0125 0.15144927536231884 0.03333333333333333
0 0.9101449275362319 0.22708333333333333 0.06086956521739131 0.010833333333333334
0 0.9108695652173913 0.29041666666666666 0.14782608695652175 0.028333333333333332
0 0.9108695652173913 0.26958333333333334 0.2942028985507246 0.01125
0 0.9108695652173913 0.2529166666666667 0.20507246376811594 0.01125
0 0.9159420289855073 0.1375 0.14855072463768115 0.028333333333333332
0 0.9166666666666666 0.11625 0.5413043478260869 0.01125
0 0.9181159420289855 0.09083333333333334 0.0746376811594203 0.01125
0 1.3398550724637681 0.29041666666666666 0.13768115942028986 0.028333333333333332
0 1.3405797101449275 0.26958333333333334 0.3217391304347826 0.01125
0 1.3413043478260869 0.2529166666666667 0.18840579710144928 0.01125
0 1.3413043478260869 0.22708333333333333 0.0782608695652174 0.01125
