0 0.04420289855072464 0.0125 0.16014492753623188 0.03333333333333333
0 0.05144927536231884 0.4270833333333333 0.13695652173913042 0.028333333333333332
0 0.05144927536231884 0.4058333333333333 0.5376811594202898 0.01125
0 0.05144927536231884 0.3804166666666667 0.06739130434782609 0.010833333333333334
0 0.05144927536231884 0.29041666666666666 0.13768115942028986 0.028333333333333332
0 0.05144927536231884 0.2529166666666667 0.28043478260869564 0.01125
0 0.05144927536231884 0.22708333333333333 0.07318840579710145 0.010833333333333334
0 0.05144927536231884 0.1375 0.14565217391304347 0.028333333333333332
0 0.05144927536231884 0.09083333333333334 0.08115942028985507 0.01375
0 0.05217391304347826 0.26958333333333334 0.2463768115942029 0.01125
0 0.05217391304347826 0.11625 0.5094202898550725 0.01125
0 0.2217391304347826 0.0125 0.14492753623188406 0.03333333333333333
0 0.38405797101449274 0.0125 0.14420289855072463 0.03333333333333333
0 0.4811594202898551 0.29041666666666666 0.1398550724637681 0.028333333333333332
0 0.4811594202898551 0.26958333333333334 0.26594202898550723 0.01125
0 0.4811594202898551 0.2529166666666667 0.28695652173913044 0.01125
0 0.4826086956521739 0.22708333333333333 0.07391304347826087 0.01375
0 0.9108695652173913 0.29041666666666666 0.12681159420289856 0.028333333333333332
0 0.9108695652173913 0.2529166666666667 0.27318840579710146 0.01125
0 0.9115942028985508 0.26958333333333334 0.24855072463768116 0.01125
0 0.9123188405797101 0.22708333333333333 0.07246376811594203 0.01375
0 0.9159420289855073 0.1375 0.1398550724637681 0.028333333333333332
0 0.9166666666666666 0.11625 0.5202898550724637 0.01125
0 0.9166666666666666 0.09041666666666667 0.07028985507246377 0.011666666666666667
0 1.3398550724637681 0.29041666666666666 0.13840579710144926 0.028333333333333332
0 1.3405797101449275 0.2529166666666667 0.2898550724637681 0.01125
0 1.3413043478260869 0.26958333333333334 0.2673913043478261 0.01125
0 1.3420289855072465 0.22708333333333333 0.0644927536231884 0.010833333333333334
