0 0.04420289855072464 0.0125 0.13260869565217392 0.03333333333333333
0 0.05144927536231884 0.44375 0.14202898550724638 0.028333333333333332
0 0.05144927536231884 0.3070833333333333 0.15072463768115943 0.028333333333333332
0 0.05144927536231884 0.26958333333333334 0.3282608695652174 0.01125
0 0.05144927536231884 0.1375 0.14420289855072463 0.028333333333333332
0 0.05217391304347826 0.4225 0.553623188405797 0.01125
0 0.05217391304347826 0.28625 0.03695652173913044 0.00875
0 0.05217391304347826 0.11625 0.5623188405797102 0.01125
0 0.05289855072463768 0.39708333333333334 0.0572463768115942 0.01375
0 0.05289855072463768 0.2529166666666667 0.1673913043478261 0.01125
0 0.05289855072463768 0.22708333333333333 0.06956521739130435 0.010833333333333334
0 0.05289855072463768 0.09083333333333334 0.0746376811594203 0.01375
0 0.19420289855072465 0.0125 0.12608695652173912 0.03333333333333333
0 0.4811594202898551 0.29041666666666666 0.15072463768115943 0.028333333333333332
0 0.4811594202898551 0.26958333333333334 0.21811594202898552 0.01125
0 0.4811594202898551 0.2529166666666667 0.286231884057971 0.01125
0 0.48188405797101447 0.22666666666666666 0.06956521739130435 0.014166666666666666
0 0.48478260869565215 0.23 0.017391304347826087 0.004166666666666667
0 0.9108695652173913 0.29041666666666666 0.13623188405797101 0.028333333333333332
0 0.9115942028985508 0.26958333333333334 0.15072463768115943 0.01125
0 0.9115942028985508 0.2529166666666667 0.3239130434782609 0.01125
0 0.9123188405797101 0.22708333333333333 0.07681159420289856 0.01375
0 0.9159420289855073 0.44375 0.1463768115942029 0.028333333333333332
0 0.9159420289855073 0.39708333333333334 0.0746376811594203 0.010833333333333334
0 0.9166666666666666 0.4225 0.5253623188405797 0.01125
0 1.3398550724637681 0.29041666666666666 0.15507246376811595 0.028333333333333332
0 1.3405797101449275 0.26958333333333334 0.2833333333333333 0.01125
0 1.3405797101449275 0.2529166666666667 0.22826086956521738 0.01125
0 1.3405797101449275 0.22666666666666666 0.07536231884057971 0.014166666666666666
