0 0.04420289855072464 0.0125 0.15507246376811595 0.03333333333333333
0 0.050724637681159424 0.11625 0.5304347826086957 0.01125
0 0.05144927536231884 0.4270833333333333 0.13405797101449277 0.028333333333333332
0 0.05144927536231884 0.27375 0.14057971014492754 0.028333333333333332
0 0.05144927536231884 0.2529166666666667 0.5362318840579711 0.01125
0 0.05144927536231884 0.1375 0.1355072463768116 0.028333333333333332
0 0.05217391304347826 0.4058333333333333 0.21666666666666667 0.01125
0 0.05217391304347826 0.38916666666666666 0.3333333333333333 0.01125
0 0.05217391304347826 0.09083333333333334 0.0746376811594203 0.01375
0 0.05289855072463768 0.36375 0.08623188405797101 0.010833333333333334
0 0.05289855072463768 0.22708333333333333 0.07246376811594203 0.01375
0 0.21666666666666667 0.0125 0.14855072463768115 0.03333333333333333
0 0.4811594202898551 0.4270833333333333 0.14347826086956522 0.028333333333333332
0 0.4811594202898551 0.4058333333333333 0.30144927536231886 0.01125
0 0.4811594202898551 0.38916666666666666 0.22681159420289856 0.01125
0 0.4826086956521739 0.36375 0.07101449275362319 0.01375
0 0.9108695652173913 0.4270833333333333 0.14782608695652175 0.028333333333333332
0 0.9115942028985508 0.4058333333333333 0.26014492753623186 0.01125
0 0.9115942028985508 0.38916666666666666 0.2514492753623188 0.01125
0 0.9123188405797101 0.36375 0.06304347826086956 0.010833333333333334
0 0.9159420289855073 0.1375 0.14782608695652175 0.028333333333333332
0 0.9166666666666666 0.11625 0.5594202898550724 0.01125
0 0.9181159420289855 0.09083333333333334 0.05507246376811594 0.010833333333333334
0 1.3398550724637681 0.4270833333333333 0.13695652173913042 0.028333333333333332
0 1.3405797101449275 0.38916666666666666 0.32608695652173914 0.01125
0 1.3405797101449275 0.36333333333333334 0.07101449275362319 0.014166666666666666
0 1.3413043478260869 0.4058333333333333 0.18985507246376812 0.01125
