0 0.04420289855072464 0.0125 0.1608695652173913 0.03333333333333333
0 0.05144927536231884 0.15416666666666667 0.1391304347826087 0.028333333333333332
0 0.05144927536231884 0.13291666666666666 0.32753623188405795 0.01125
0 0.05217391304347826 0.11625 0.1927536231884058 0.01125
0 0.05217391304347826 0.09041666666666667 0.06376811594202898 0.011666666666666667
0 0.22246376811594204 0.0125 0.12391304347826088 0.03333333333333333
0 0.36376811594202896 0.0125 0.14202898550724638 0.03333333333333333
0 0.4811594202898551 0.15416666666666667 0.14420289855072463 0.028333333333333332
0 0.4811594202898551 0.13291666666666666 0.2826086956521739 0.01125
0 0.4811594202898551 0.09083333333333334 0.06231884057971015 0.01375
0 0.48188405797101447 0.11625 0.2217391304347826 0.01125
0 0.9108695652173913 0.15416666666666667 0.13623188405797101 0.028333333333333332
0 0.9108695652173913 0.13291666666666666 0.2956521739130435 0.01125
0 0.9115942028985508 0.11625 0.2289855072463768 0.01125
0 0.9123188405797101 0.09083333333333334 0.0644927536231884 0.010833333333333334
0 1.3398550724637681 0.15416666666666667 0.1471014492753623 0.028333333333333332
0 1.3398550724637681 0.13291666666666666 0.15579710144927536 0.01125
0 1.3398550724637681 0.09083333333333334 0.07536231884057971 0.01375
0 1.3405797101449275 0.11625 0.34782608695652173 0.01125
