0 0.04420289855072464 0.0125 0.1536231884057971 0.03333333333333333
0 0.05144927536231884 0.44375 0.15144927536231884 0.028333333333333332
0 0.05144927536231884 0.29041666666666666 0.1471014492753623 0.028333333333333332
0 0.05144927536231884 0.26958333333333334 0.3065217391304348 0.01125
0 0.05144927536231884 0.22708333333333333 0.08260869565217391 0.010833333333333334
0 0.05144927536231884 0.1375 0.15507246376811595 0.028333333333333332
0 0.05144927536231884 0.11625 0.5384057971014493 0.01125
0 0.05217391304347826 0.39666666666666667 0.07101449275362319 0.011666666666666667
0 0.05217391304347826 0.2529166666666667 0.20434782608695654 0.01125
0 0.05289855072463768 0.4225 0.5384057971014493 0.01125
0 0.05289855072463768 0.09083333333333334 0.06811594202898551 0.01375
0 0.21521739130434783 0.0125 0.1565217391304348 0.03333333333333333
0 0.38913043478260867 0.0125 0.14420289855072463 0.03333333333333333
0 0.4811594202898551 0.29041666666666666 0.1471014492753623 0.028333333333333332
0 0.4811594202898551 0.26958333333333334 0.2579710144927536 0.01125
0 0.4811594202898551 0.2529166666666667 0.3159420289855073 0.01125
0 0.4811594202898551 0.22708333333333333 0.06521739130434782 0.010833333333333334
0 0.9101449275362319 0.22708333333333333 0.07391304347826087 0.010833333333333334
0 0.9108695652173913 0.3070833333333333 0.1471014492753623 0.028333333333333332
0 0.9115942028985508 0.28625 0.06159420289855073 0.01125
0 0.9115942028985508 0.26958333333333334 0.30579710144927535 0.01125
0 0.9115942028985508 0.2529166666666667 0.1572463768115942 0.01125
0 0.9159420289855073 0.1375 0.13478260869565217 0.028333333333333332
0 0.9159420289855073 0.09083333333333334 0.07898550724637682 0.01375
0 0.9166666666666666 0.11625 0.5282608695652173 0.01125
0 1.3398550724637681 0.29041666666666666 0.13695652173913042 0.028333333333333332
0 1.3398550724637681 0.2529166666666667 0.25869565217391305 0.01125
0 1.3405797101449275 0.26958333333333334 0.3 0.01125
0 1.3420289855072465 0.22708333333333333 0.07318840579710145 0.010833333333333334
