0 0.04420289855072464 0.0125 0.14492753623188406 0.03333333333333333
0 0.05144927536231884 0.1375 0.1289855072463768 0.028333333333333332
0 0.05289855072463768 0.11625 0.563768115942029 0.01125
0 0.05289855072463768 0.09083333333333334 0.08188405797101449 0.010833333333333334
0 0.20652173913043478 0.0125 0.14782608695652175 0.03333333333333333
0 0.3717391304347826 0.0125 0.1471014492753623 0.03333333333333333
0 0.5362318840579711 0.0125 0.15072463768115943 0.03333333333333333
0 0.9159420289855073 0.1375 0.14420289855072463 0.028333333333333332
0 0.9166666666666666 0.09083333333333334 0.058695652173913045 0.01375
0 0.9173913043478261 0.11625 0.5224637681159421 0.01125
