0 0.04420289855072464 0.0125 0.1471014492753623 0.03333333333333333
0 0.050724637681159424 0.4058333333333333 0.5427536231884058 0.01125
0 0.05144927536231884 0.4270833333333333 0.13260869565217392 0.028333333333333332
0 0.05144927536231884 0.29041666666666666 0.14565217391304347 0.028333333333333332
0 0.05144927536231884 0.15416666666666667 0.1427536231884058 0.028333333333333332
0 0.05144927536231884 0.11625 0.3217391304347826 0.01125
0 0.05217391304347826 0.26958333333333334 0.5391304347826087 0.01125
0 0.05217391304347826 0.13291666666666666 0.20144927536231885 0.01125
0 0.05217391304347826 0.09041666666666667 0.07391304347826087 0.014166666666666666
0 0.05289855072463768 0.3804166666666667 0.06739130434782609 0.01375
0 0.05289855072463768 0.24375 0.08260869565217391 0.010833333333333334
0 0.05507246376811594 0.09375 0.016666666666666666 0.004166666666666667
0 0.20869565217391303 0.0125 0.14420289855072463 0.03333333333333333
0 0.37028985507246376 0.0125 0.15579710144927536 0.03333333333333333
0 0.4811594202898551 0.15416666666666667 0.12681159420289856 0.028333333333333332
0 0.4811594202898551 0.11625 0.3318840579710145 0.01125
0 0.4811594202898551 0.09083333333333334 0.06884057971014493 0.01375
0 0.48188405797101447 0.13291666666666666 0.1963768115942029 0.01125
0 0.9101449275362319 0.09083333333333334 0.06739130434782609 0.01375
0 0.9108695652173913 0.15416666666666667 0.1318840579710145 0.028333333333333332
0 0.9115942028985508 0.13291666666666666 0.19855072463768117 0.01125
0 0.9115942028985508 0.11625 0.3050724637681159 0.01125
0 0.9159420289855073 0.4270833333333333 0.1355072463768116 0.028333333333333332
0 0.9159420289855073 0.29041666666666666 0.14420289855072463 0.028333333333333332
0 0.9166666666666666 0.4058333333333333 0.5434782608695652 0.01125
0 0.9166666666666666 0.26958333333333334 0.5492753623188406 0.01125
0 0.9181159420289855 0.3804166666666667 0.07318840579710145 0.01375
0 0.9181159420289855 0.24375 0.07173913043478261 0.01375
0 1.3398550724637681 0.15416666666666667 0.1391304347826087 0.028333333333333332
0 1.3398550724637681 0.09083333333333334 0.0644927536231884 0.01375
0 1.3405797101449275 0.13291666666666666 0.26594202898550723 0.01125
0 1.3405797101449275 0.11625 0.24057971014492754 0.01125
