0 0.04420289855072464 0.0125 0.14855072463768115 0.03333333333333333
0 0.05144927536231884 0.4270833333333333 0.1355072463768116 0.028333333333333332
0 0.05144927536231884 0.38916666666666666 0.3398550724637681 0.01125
0 0.05144927536231884 0.27375 0.14057971014492754 0.028333333333333332
0 0.05144927536231884 0.2529166666666667 0.5608695652173913 0.01125
0 0.05144927536231884 0.1375 0.1608695652173913 0.028333333333333332
0 0.05217391304347826 0.4058333333333333 0.1782608695652174 0.01125
0 0.05217391304347826 0.36375 0.07246376811594203 0.010833333333333334
0 0.05217391304347826 0.22666666666666666 0.07246376811594203 0.014166666666666666
0 0.05217391304347826 0.11625 0.5630434782608695 0.01125
0 0.05217391304347826 0.09041666666666667 0.06159420289855073 0.014166666666666666
0 0.21014492753623187 0.0125 0.15 0.03333333333333333
0 0.4811594202898551 0.4270833333333333 0.13623188405797101 0.028333333333333332
0 0.4811594202898551 0.4058333333333333 0.22681159420289856 0.01125
0 0.48188405797101447 0.38916666666666666 0.33405797101449275 0.01125
0 0.48188405797101447 0.36333333333333334 0.08043478260869565 0.011666666666666667
0 0.9101449275362319 0.36375 0.06884057971014493 0.010833333333333334
0 0.9108695652173913 0.4270833333333333 0.1355072463768116 0.028333333333333332
0 0.9115942028985508 0.4058333333333333 0.20797101449275363 0.01125
0 0.9115942028985508 0.38916666666666666 0.29927536231884055 0.01125
0 0.9159420289855073 0.27375 0.1463768115942029 0.028333333333333332
0 0.9159420289855073 0.22708333333333333 0.06666666666666667 0.010833333333333334
0 0.9166666666666666 0.2529166666666667 0.5253623188405797 0.01125
0 1.3398550724637681 0.4270833333333333 0.15 0.028333333333333332
0 1.3405797101449275 0.4058333333333333 0.21014492753623187 0.01125
0 1.3405797101449275 0.36333333333333334 0.058695652173913045 0.014166666666666666
0 1.3413043478260869 0.38916666666666666 0.33115942028985507 0.01125
0 1.3442028985507246 0.36666666666666664 0.016666666666666666 0.004166666666666667
