0 0.04420289855072464 0.0125 0.14782608695652175 0.03333333333333333
0 0.05144927536231884 0.15416666666666667 0.1398550724637681 0.028333333333333332
0 0.05144927536231884 0.13291666666666666 0.22608695652173913 0.01125
0 0.05289855072463768 0.11625 0.3173913043478261 0.01125
0 0.05289855072463768 0.09083333333333334 0.0782608695652174 0.01375
0 0.20942028985507247 0.0125 0.1355072463768116 0.03333333333333333
0 0.48043478260869565 0.09083333333333334 0.06956521739130435 0.01375
0 0.4811594202898551 0.15416666666666667 0.14057971014492754 0.028333333333333332
0 0.48188405797101447 0.13291666666666666 0.2543478260869565 0.01125
0 0.48188405797101447 0.11625 0.2702898550724638 0.01125
0 0.9108695652173913 0.15416666666666667 0.15144927536231884 0.028333333333333332
0 0.9108695652173913 0.13291666666666666 0.21884057971014492 0.01125
0 0.9115942028985508 0.11625 0.32753623188405795 0.01125
0 0.9123188405797101 0.09083333333333334 0.07101449275362319 0.010833333333333334
0 1.3398550724637681 0.15416666666666667 0.12681159420289856 0.028333333333333332
0 1.3398550724637681 0.09083333333333334 0.059420289855072465 0.01375
0 1.3413043478260869 0.13291666666666666 0.20579710144927535 0.01125
0 1.3413043478260869 0.11625 0.30289855072463767 0.01125
