0 0.04420289855072464 0.0125 0.15289855072463768 0.03333333333333333
0 0.050724637681159424 0.4225 0.5094202898550725 0.01125
0 0.05144927536231884 0.44375 0.13478260869565217 0.028333333333333332
0 0.05144927536231884 0.39708333333333334 0.0746376811594203 0.010833333333333334
0 0.05144927536231884 0.29041666666666666 0.14855072463768115 0.028333333333333332
0 0.05144927536231884 0.22708333333333333 0.06521739130434782 0.01125
0 0.05144927536231884 0.1375 0.16159420289855073 0.028333333333333332
0 0.05217391304347826 0.26958333333333334 0.1934782608695652 0.01125
0 0.05217391304347826 0.11625 0.5615942028985508 0.01125
0 0.05289855072463768 0.2529166666666667 0.32681159420289857 0.01125
0 0.05289855072463768 0.09083333333333334 0.07173913043478261 0.010833333333333334
0 0.2144927536231884 0.0125 0.13405797101449277 0.03333333333333333
0 0.36594202898550726 0.0125 0.15507246376811595 0.03333333333333333
0 0.4811594202898551 0.29041666666666666 0.14057971014492754 0.028333333333333332
0 0.4811594202898551 0.22708333333333333 0.060144927536231886 0.01375
0 0.48188405797101447 0.26958333333333334 0.20144927536231885 0.01125
0 0.48188405797101447 0.2529166666666667 0.3427536231884058 0.01125
0 0.9108695652173913 0.29041666666666666 0.1318840579710145 0.028333333333333332
0 0.9108695652173913 0.22666666666666666 0.08768115942028985 0.011666666666666667
0 0.9115942028985508 0.26958333333333334 0.1782608695652174 0.01125
0 0.9115942028985508 0.2529166666666667 0.3384057971014493 0.01125
0 0.9159420289855073 0.44375 0.15289855072463768 0.028333333333333332
0 0.9166666666666666 0.39708333333333334 0.08188405797101449 0.01375
0 0.9173913043478261 0.4225 0.5355072463768116 0.01125
0 1.3398550724637681 0.3070833333333333 0.15579710144927536 0.028333333333333332
0 1.3405797101449275 0.26958333333333334 0.32463768115942027 0.01125
0 1.3405797101449275 0.2529166666666667 0.10507246376811594 0.01125
0 1.3413043478260869 0.28625 0.10072463768115943 0.00875
0 1.3420289855072465 0.22708333333333333 0.06811594202898551 0.010833333333333334
