0 0.04420289855072464 0.0125 0.15217391304347827 0.03333333333333333
0 0.05144927536231884 0.4270833333333333 0.13115942028985508 0.028333333333333332
0 0.05144927536231884 0.4058333333333333 0.19855072463768117 0.01125
0 0.05144927536231884 0.27375 0.1282608695652174 0.028333333333333332
0 0.05144927536231884 0.1375 0.10797101449275362 0.028333333333333332
0 0.05217391304347826 0.38916666666666666 0.30434782608695654 0.01125
0 0.05217391304347826 0.2529166666666667 0.5289855072463768 0.01125
0 0.05217391304347826 0.11625 0.5144927536231884 0.01125
0 0.05289855072463768 0.36375 0.06884057971014493 0.01375
0 0.05289855072463768 0.22708333333333333 0.07318840579710145 0.01375
0 0.05289855072463768 0.09083333333333334 0.08260869565217391 0.01375
0 0.213768115942029 0.0125 0.14057971014492754 0.03333333333333333
0 0.3717391304347826 0.0125 0.14057971014492754 0.03333333333333333
0 0.4811594202898551 0.4270833333333333 0.14130434782608695 0.028333333333333332
0 0.4811594202898551 0.4058333333333333 0.15289855072463768 0.01125
0 0.4811594202898551 0.38916666666666666 0.3442028985507246 0.01125
0 0.48188405797101447 0.36333333333333334 0.0782608695652174 0.014166666666666666
0 0.9101449275362319 0.4058333333333333 0.25507246376811593 0.01125
0 0.9101449275362319 0.36375 0.0746376811594203 0.01375
0 0.9108695652173913 0.4270833333333333 0.14202898550724638 0.028333333333333332
0 0.9108695652173913 0.38916666666666666 0.29927536231884055 0.01125
0 0.9159420289855073 0.1375 0.13695652173913042 0.028333333333333332
0 0.9166666666666666 0.11625 0.5043478260869565 0.01125
0 0.9166666666666666 0.09083333333333334 0.07391304347826087 0.01375
0 1.3398550724637681 0.4270833333333333 0.13695652173913042 0.028333333333333332
0 1.3398550724637681 0.38916666666666666 0.25072463768115943 0.01125
0 1.3405797101449275 0.4058333333333333 0.25579710144927537 0.01125
0 1.3420289855072465 0.36375 0.0746376811594203 0.010833333333333334
