0 0.04420289855072464 0.0125 0.14782608695652175 0.03333333333333333
0 0.05144927536231884 0.4270833333333333 0.16304347826086957 0.028333333333333332
0 0.05144927536231884 0.4058333333333333 0.21521739130434783 0.01125
0 0.05144927536231884 0.27375 0.14492753623188406 0.028333333333333332
0 0.05144927536231884 0.1375 0.14202898550724638 0.028333333333333332
0 0.05217391304347826 0.36333333333333334 0.07028985507246377 0.012083333333333333
0 0.05217391304347826 0.2529166666666667 0.5739130434782609 0.01125
0 0.05217391304347826 0.11625 0.5463768115942029 0.01125
0 0.05289855072463768 0.38916666666666666 0.3094202898550725 0.01125
0 0.05289855072463768 0.22708333333333333 0.08478260869565217 0.010833333333333334
0 0.05289855072463768 0.09083333333333334 0.06956521739130435 0.01375
0 0.20942028985507247 0.0125 0.1608695652173913 0.03333333333333333
0 0.38768115942028986 0.0125 0.15434782608695652 0.03333333333333333
0 0.48043478260869565 0.36375 0.06376811594202898 0.010833333333333334
0 0.4811594202898551 0.4270833333333333 0.1391304347826087 0.028333333333333332
0 0.4811594202898551 0.38916666666666666 0.3318840579710145 0.01125
0 0.48188405797101447 0.4058333333333333 0.2326086956521739 0.01125
0 0.5594202898550724 0.0125 0.14565217391304347 0.03333333333333333
0 0.722463768115942 0.0125 0.17173913043478262 0.03333333333333333
0 0.9108695652173913 0.4270833333333333 0.1471014492753623 0.028333333333333332
0 0.9108695652173913 0.4058333333333333 0.20579710144927535 0.01125
0 0.9108695652173913 0.38916666666666666 0.33260869565217394 0.01125
0 0.9108695652173913 0.36333333333333334 0.07681159420289856 0.014166666666666666
0 0.9159420289855073 0.27375 0.16159420289855073 0.028333333333333332
0 0.9166666666666666 0.22708333333333333 0.06231884057971015 0.01375
0 0.9173913043478261 0.2529166666666667 0.5413043478260869 0.01125
0 1.3398550724637681 0.44375 0.14202898550724638 0.028333333333333332
0 1.3405797101449275 0.4225 0.07898550724637682 0.01125
0 1.3405797101449275 0.38916666666666666 0.14057971014492754 0.01125
0 1.3413043478260869 0.4058333333333333 0.29492753623188406 0.01125
0 1.3420289855072465 0.36375 0.06376811594202898 0.010833333333333334
