0 0.04420289855072464 0.0125 0.15797101449275364 0.03333333333333333
0 0.050724637681159424 0.4058333333333333 0.5282608695652173 0.01125
0 0.05144927536231884 0.4270833333333333 0.14347826086956522 0.028333333333333332
0 0.05144927536231884 0.29041666666666666 0.14565217391304347 0.028333333333333332
0 0.05144927536231884 0.2529166666666667 0.2492753623188406 0.01125
0 0.05144927536231884 0.22708333333333333 0.08333333333333333 0.010833333333333334
0 0.05144927536231884 0.1375 0.1492753623188406 0.028333333333333332
0 0.05144927536231884 0.09083333333333334 0.0746376811594203 0.010833333333333334
0 0.05217391304347826 0.38 0.07246376811594203 0.014166666666666666
0 0.05217391304347826 0.26958333333333334 0.26231884057971017 0.01125
0 0.05217391304347826 0.11625 0.5304347826086957 0.01125
0 0.21956521739130436 0.0125 0.14492753623188406 0.03333333333333333
0 0.3818840579710145 0.0125 0.15144927536231884 0.03333333333333333
0 0.4811594202898551 0.29041666666666666 0.14202898550724638 0.028333333333333332
0 0.4811594202898551 0.26958333333333334 0.18043478260869567 0.01125
0 0.48188405797101447 0.2529166666666667 0.3471014492753623 0.01125
0 0.4826086956521739 0.22708333333333333 0.07536231884057971 0.01375
0 0.5507246376811594 0.0125 0.15144927536231884 0.03333333333333333
0 0.9108695652173913 0.29041666666666666 0.1463768115942029 0.028333333333333332
0 0.9108695652173913 0.26958333333333334 0.25869565217391305 0.01125
0 0.9108695652173913 0.2529166666666667 0.2855072463768116 0.01125
0 0.9108695652173913 0.22708333333333333 0.07898550724637682 0.01375
0 0.9159420289855073 0.1375 0.1471014492753623 0.028333333333333332
0 0.9166666666666666 0.09083333333333334 0.0782608695652174 0.01375
0 0.9173913043478261 0.11625 0.5355072463768116 0.01125
0 1.3398550724637681 0.29041666666666666 0.1536231884057971 0.028333333333333332
0 1.3398550724637681 0.26958333333333334 0.2318840579710145 0.01125
0 1.3413043478260869 0.2529166666666667 0.3159420289855073 0.01125
0 1.3420289855072465 0.22708333333333333 0.07028985507246377 0.01375
