0 0.04420289855072464 0.0125 0.1289855072463768 0.03333333333333333
0 0.05144927536231884 0.15416666666666667 0.1463768115942029 0.028333333333333332
0 0.05144927536231884 0.11625 0.31666666666666665 0.01125
0 0.05144927536231884 0.09083333333333334 0.0782608695652174 0.01375
0 0.05289855072463768 0.13291666666666666 0.23115942028985506 0.01125
0 0.19057971014492753 0.0125 0.15942028985507245 0.03333333333333333
0 0.3673913043478261 0.0125 0.15 0.03333333333333333
0 0.4811594202898551 0.15416666666666667 0.12173913043478261 0.028333333333333332
0 0.4811594202898551 0.13291666666666666 0.1753623188405797 0.01125
0 0.4811594202898551 0.09083333333333334 0.0644927536231884 0.01375
0 0.48188405797101447 0.11625 0.33768115942028987 0.01125
0 0.5347826086956522 0.0125 0.13333333333333333 0.03333333333333333
0 0.9108695652173913 0.15416666666666667 0.12681159420289856 0.028333333333333332
0 0.9115942028985508 0.13291666666666666 0.25217391304347825 0.01125
0 0.9115942028985508 0.11625 0.24202898550724639 0.01125
0 0.9115942028985508 0.09041666666666667 0.06811594202898551 0.014166666666666666
0 1.3398550724637681 0.15416666666666667 0.1391304347826087 0.028333333333333332
0 1.3413043478260869 0.13291666666666666 0.24057971014492754 0.01125
0 1.3413043478260869 0.11625 0.29130434782608694 0.01125
0 1.3420289855072465 0.09083333333333334 0.06884057971014493 0.01375
