0 0.04420289855072464 0.0125 0.1572463768115942 0.03333333333333333
0 0.05144927536231884 0.4270833333333333 0.1427536231884058 0.028333333333333332
0 0.05144927536231884 0.29041666666666666 0.15144927536231884 0.028333333333333332
0 0.05144927536231884 0.26958333333333334 0.17681159420289855 0.01125
0 0.05144927536231884 0.2529166666666667 0.3427536231884058 0.01125
0 0.05144927536231884 0.22708333333333333 0.07608695652173914 0.01375
0 0.05144927536231884 0.1375 0.1471014492753623 0.028333333333333332
0 0.05289855072463768 0.4058333333333333 0.527536231884058 0.01125
0 0.05289855072463768 0.3804166666666667 0.0746376811594203 0.01375
0 0.05289855072463768 0.11625 0.5449275362318841 0.01125
0 0.05289855072463768 0.09083333333333334 0.06594202898550725 0.01375
0 0.21884057971014492 0.0125 0.15289855072463768 0.03333333333333333
0 0.38913043478260867 0.0125 0.16159420289855073 0.03333333333333333
0 0.4811594202898551 0.29041666666666666 0.15507246376811595 0.028333333333333332
0 0.4811594202898551 0.2529166666666667 0.34057971014492755 0.01125
0 0.48188405797101447 0.26958333333333334 0.19420289855072465 0.01125
0 0.4826086956521739 0.22708333333333333 0.07101449275362319 0.01125
0 0.5681159420289855 0.0125 0.15144927536231884 0.03333333333333333
0 0.7369565217391304 0.0125 0.15144927536231884 0.03333333333333333
0 0.9101449275362319 0.22708333333333333 0.059420289855072465 0.010833333333333334
0 0.9108695652173913 0.29041666666666666 0.14130434782608695 0.028333333333333332
0 0.9108695652173913 0.26958333333333334 0.27753623188405796 0.01125
0 0.9115942028985508 0.2529166666666667 0.25869565217391305 0.01125
0 0.9159420289855073 0.1375 0.14565217391304347 0.028333333333333332
0 0.9159420289855073 0.11625 0.508695652173913 0.01125
0 0.9181159420289855 0.09083333333333334 0.05579710144927536 0.01375
0 1.3398550724637681 0.29041666666666666 0.15289855072463768 0.028333333333333332
0 1.3398550724637681 0.22708333333333333 0.08188405797101449 0.010833333333333334
0 1.3405797101449275 0.26958333333333334 0.29130434782608694 0.01125
0 1.3413043478260869 0.2529166666666667 0.2847826086956522 0.01125
