0 0.04420289855072464 0.0125 0.15434782608695652 0.03333333333333333
0 0.05144927536231884 0.46041666666666664 0.13840579710144926 0.028333333333333332
0 0.05144927536231884 0.32375 0.15579710144927536 0.028333333333333332
0 0.05144927536231884 0.15416666666666667 0.1318840579710145 0.028333333333333332
0 0.05144927536231884 0.11625 0.16956521739130434 0.01125
0 0.05217391304347826 0.30291666666666667 0.21231884057971015 0.01125
0 0.05217391304347826 0.28625 0.3471014492753623 0.01125
0 0.05217391304347826 0.13291666666666666 0.3442028985507246 0.01125
0 0.05289855072463768 0.43916666666666665 0.518840579710145 0.01125
0 0.05289855072463768 0.41375 0.06594202898550725 0.01375
0 0.05289855072463768 0.2604166666666667 0.06884057971014493 0.01375
0 0.05289855072463768 0.09083333333333334 0.058695652173913045 0.010833333333333334
0 0.21594202898550724 0.0125 0.13623188405797101 0.03333333333333333
0 0.3695652173913043 0.0125 0.1427536231884058 0.03333333333333333
0 0.4811594202898551 0.32375 0.1536231884057971 0.028333333333333332
0 0.4811594202898551 0.17083333333333334 0.13478260869565217 0.028333333333333332
0 0.4811594202898551 0.15208333333333332 0.07608695652173914 0.00875
0 0.4811594202898551 0.13291666666666666 0.3355072463768116 0.01125
0 0.4811594202898551 0.11625 0.13115942028985508 0.00875
0 0.48188405797101447 0.30291666666666667 0.20507246376811594 0.01125
0 0.48188405797101447 0.28625 0.33768115942028987 0.01125
0 0.4826086956521739 0.2604166666666667 0.06594202898550725 0.01375
0 0.4826086956521739 0.09083333333333334 0.0644927536231884 0.010833333333333334
0 0.9108695652173913 0.32375 0.14420289855072463 0.028333333333333332
0 0.9108695652173913 0.2604166666666667 0.08985507246376812 0.01375
0 0.9108695652173913 0.15416666666666667 0.14782608695652175 0.028333333333333332
0 0.9108695652173913 0.13291666666666666 0.1746376811594203 0.01125
0 0.9115942028985508 0.30291666666666667 0.3217391304347826 0.01125
0 0.9115942028985508 0.28625 0.23550724637681159 0.01125
0 0.9115942028985508 0.11625 0.33405797101449275 0.01125
0 0.9123188405797101 0.09083333333333334 0.059420289855072465 0.01375
0 0.9159420289855073 0.46041666666666664 0.14782608695652175 0.028333333333333332
0 0.9166666666666666 0.43916666666666665 0.5253623188405797 0.01125
0 0.9181159420289855 0.41375 0.07681159420289856 0.01375
0 1.3398550724637681 0.32375 0.14202898550724638 0.028333333333333332
0 1.3398550724637681 0.30291666666666667 0.20942028985507247 0.01125
0 1.3398550724637681 0.2604166666666667 0.06739130434782609 0.01375
0 1.3398550724637681 0.15416666666666667 0.15144927536231884 0.028333333333333332
0 1.3398550724637681 0.13291666666666666 0.24782608695652175 0.01125
0 1.3405797101449275 0.28625 0.32608695652173914 0.01125
0 1.3405797101449275 0.11625 0.2920289855072464 0.01125
0 1.3420289855072465 0.09083333333333334 0.07028985507246377 0.01375
