0 0.04420289855072464 0.0125 0.15 0.03333333333333333
0 0.05144927536231884 0.44375 0.13043478260869565 0.028333333333333332
0 0.05144927536231884 0.29041666666666666 0.14492753623188406 0.028333333333333332
0 0.05144927536231884 0.2529166666666667 0.3463768115942029 0.01125
0 0.05144927536231884 0.1375 0.14492753623188406 0.028333333333333332
0 0.05144927536231884 0.09083333333333334 0.06521739130434782 0.010833333333333334
0 0.05217391304347826 0.4225 0.5652173913043478 0.01125
0 0.05217391304347826 0.39666666666666667 0.07971014492753623 0.011666666666666667
0 0.05217391304347826 0.26958333333333334 0.16594202898550725 0.01125
0 0.05217391304347826 0.11625 0.5268115942028986 0.01125
0 0.05289855072463768 0.22708333333333333 0.0644927536231884 0.01375
0 0.21159420289855072 0.0125 0.13768115942028986 0.03333333333333333
0 0.36666666666666664 0.0125 0.15869565217391304 0.03333333333333333
0 0.4811594202898551 0.29041666666666666 0.16014492753623188 0.028333333333333332
0 0.4811594202898551 0.2529166666666667 0.3144927536231884 0.01125
0 0.48188405797101447 0.26958333333333334 0.213768115942029 0.01125
0 0.4826086956521739 0.22708333333333333 0.07898550724637682 0.010833333333333334
0 0.5427536231884058 0.0125 0.13043478260869565 0.03333333333333333
0 0.9101449275362319 0.22708333333333333 0.07681159420289856 0.01375
0 0.9108695652173913 0.3070833333333333 0.1492753623188406 0.028333333333333332
0 0.9108695652173913 0.28625 0.20507246376811594 0.01125
0 0.9108695652173913 0.26958333333333334 0.2594202898550725 0.01125
0 0.9108695652173913 0.2529166666666667 0.0927536231884058 0.01125
0 0.9159420289855073 0.44375 0.1398550724637681 0.028333333333333332
0 0.9159420289855073 0.4225 0.5608695652173913 0.01125
0 0.9159420289855073 0.39708333333333334 0.07173913043478261 0.01375
0 1.3398550724637681 0.3070833333333333 0.14782608695652175 0.028333333333333332
0 1.3398550724637681 0.26958333333333334 0.19492753623188405 0.01125
0 1.3398550724637681 0.22708333333333333 0.07608695652173914 0.010833333333333334
0 1.3405797101449275 0.28625 0.18115942028985507 0.01125
0 1.3413043478260869 0.2529166666666667 0.1826086956521739 0.01125
