0 0.04420289855072464 0.0125 0.15507246376811595 0.03333333333333333
0 0.05144927536231884 0.15416666666666667 0.12391304347826088 0.028333333333333332
0 0.05144927536231884 0.13291666666666666 0.3347826086956522 0.01125
0 0.05144927536231884 0.11625 0.20579710144927535 0.01125
0 0.05289855072463768 0.09083333333333334 0.07681159420289856 0.01375
0 0.21666666666666667 0.0125 0.13623188405797101 0.03333333333333333
0 0.4811594202898551 0.15416666666666667 0.13768115942028986 0.028333333333333332
0 0.48188405797101447 0.13291666666666666 0.2217391304347826 0.01125
0 0.48188405797101447 0.11625 0.3050724637681159 0.01125
0 0.48188405797101447 0.09041666666666667 0.06666666666666667 0.014166666666666666
0 0.9108695652173913 0.15416666666666667 0.12028985507246377 0.028333333333333332
0 0.9108695652173913 0.13291666666666666 0.213768115942029 0.01125
0 0.9115942028985508 0.11625 0.31956521739130433 0.01125
0 0.9123188405797101 0.09083333333333334 0.07028985507246377 0.010833333333333334
0 1.3398550724637681 0.17083333333333334 0.12753623188405797 0.028333333333333332
0 1.3398550724637681 0.13291666666666666 0.35797101449275365 0.01125
0 1.3398550724637681 0.11625 0.06956521739130435 0.01125
0 1.3405797101449275 0.14958333333333335 0.08478260869565217 0.01125
0 1.3405797101449275 0.09083333333333334 0.0746376811594203 0.01375
