0 0.04420289855072464 0.0125 0.15217391304347827 0.03333333333333333
0 0.05144927536231884 0.44375 0.13333333333333333 0.028333333333333332
0 0.05144927536231884 0.3070833333333333 0.1391304347826087 0.028333333333333332
0 0.05144927536231884 0.17083333333333334 0.1471014492753623 0.028333333333333332
0 0.05217391304347826 0.39666666666666667 0.0782608695652174 0.011666666666666667
0 0.05217391304347826 0.28625 0.4971014492753623 0.01125
0 0.05217391304347826 0.14958333333333335 0.16594202898550725 0.01125
0 0.05217391304347826 0.13291666666666666 0.20869565217391303 0.01125
0 0.05217391304347826 0.11625 0.14565217391304347 0.01125
0 0.05289855072463768 0.4225 0.5217391304347826 0.01125
0 0.05289855072463768 0.2604166666666667 0.06666666666666667 0.01375
0 0.05289855072463768 0.09083333333333334 0.060144927536231886 0.01375
0 0.213768115942029 0.0125 0.16231884057971013 0.03333333333333333
0 0.3934782608695652 0.0125 0.1398550724637681 0.03333333333333333
0 0.4811594202898551 0.15416666666666667 0.1398550724637681 0.028333333333333332
0 0.4811594202898551 0.13291666666666666 0.22246376811594204 0.01125
0 0.48188405797101447 0.11625 0.33695652173913043 0.01125
0 0.4826086956521739 0.09083333333333334 0.0746376811594203 0.010833333333333334
0 0.5507246376811594 0.0125 0.1536231884057971 0.03333333333333333
0 0.7217391304347827 0.0125 0.14130434782608695 0.03333333333333333
0 0.9108695652173913 0.15416666666666667 0.14855072463768115 0.028333333333333332
0 0.9115942028985508 0.13291666666666666 0.29347826086956524 0.01125
0 0.9115942028985508 0.11625 0.2717391304347826 0.01125
0 0.9123188405797101 0.09083333333333334 0.0746376811594203 0.010833333333333334
0 0.9159420289855073 0.3070833333333333 0.1492753623188406 0.028333333333333332
0 0.9159420289855073 0.2604166666666667 0.059420289855072465 0.01375
0 0.9166666666666666 0.28625 0.5210144927536232 0.01125
0 1.3398550724637681 0.17083333333333334 0.14202898550724638 0.028333333333333332
0 1.3398550724637681 0.13291666666666666 0.3398550724637681 0.01125
0 1.3398550724637681 0.09083333333333334 0.07608695652173914 0.01375
0 1.3405797101449275 0.15208333333333332 0.021014492753623187 0.00625
0 1.3413043478260869 0.11625 0.17971014492753623 0.01125
