0 0.04420289855072464 0.0125 0.14202898550724638 0.03333333333333333
0 0.050724637681159424 0.4058333333333333 0.5340579710144927 0.01125
0 0.05144927536231884 0.4270833333333333 0.1572463768115942 0.028333333333333332
0 0.05144927536231884 0.3804166666666667 0.06956521739130435 0.01125
0 0.05144927536231884 0.29041666666666666 0.13260869565217392 0.028333333333333332
0 0.05144927536231884 0.24375 0.08405797101449275 0.01375
0 0.05144927536231884 0.15416666666666667 0.1536231884057971 0.028333333333333332
0 0.05144927536231884 0.11625 0.21594202898550724 0.01125
0 0.05217391304347826 0.26958333333333334 0.5384057971014493 0.01125
0 0.05217391304347826 0.09041666666666667 0.06231884057971015 0.011666666666666667
0 0.05289855072463768 0.13291666666666666 0.33260869565217394 0.01125
0 0.2036231884057971 0.0125 0.14420289855072463 0.03333333333333333
0 0.3652173913043478 0.0125 0.16014492753623188 0.03333333333333333
0 0.4811594202898551 0.15416666666666667 0.14565217391304347 0.028333333333333332
0 0.4811594202898551 0.11625 0.2920289855072464 0.01125
0 0.48188405797101447 0.13291666666666666 0.23550724637681159 0.01125
0 0.4826086956521739 0.09083333333333334 0.0746376811594203 0.01375
0 0.9108695652173913 0.15416666666666667 0.13260869565217392 0.028333333333333332
0 0.9108695652173913 0.13291666666666666 0.24782608695652175 0.01125
0 0.9108695652173913 0.11625 0.28695652173913044 0.01125
0 0.9123188405797101 0.09083333333333334 0.06159420289855073 0.01375
0 0.9159420289855073 0.4270833333333333 0.1463768115942029 0.028333333333333332
0 0.9159420289855073 0.4058333333333333 0.5449275362318841 0.01125
0 0.9181159420289855 0.3804166666666667 0.06739130434782609 0.01375
0 1.3398550724637681 0.15416666666666667 0.13768115942028986 0.028333333333333332
0 1.3398550724637681 0.13291666666666666 0.3289855072463768 0.01125
0 1.3398550724637681 0.09083333333333334 0.0746376811594203 0.01375
0 1.3405797101449275 0.11625 0.2028985507246377 0.01125
