0 0.04420289855072464 0.0125 0.1463768115942029 0.03333333333333333
0 0.05144927536231884 0.41041666666666665 0.13768115942028986 0.028333333333333332
0 0.05144927536231884 0.38916666666666666 0.5217391304347826 0.01125
0 0.05144927536231884 0.27375 0.11739130434782609 0.028333333333333332
0 0.05144927536231884 0.2529166666666667 0.5710144927536231 0.01125
0 0.05144927536231884 0.1375 0.1492753623188406 0.028333333333333332
0 0.05217391304347826 0.22708333333333333 0.06376811594202898 0.01375
0 0.05217391304347826 0.11625 0.572463768115942 0.01125
0 0.05289855072463768 0.36375 0.08478260869565217 0.01375
0 0.05289855072463768 0.09083333333333334 0.06594202898550725 0.01375
0 0.20797101449275363 0.0125 0.15217391304347827 0.03333333333333333
0 0.377536231884058 0.0125 0.16159420289855073 0.03333333333333333
0 0.9159420289855073 0.27375 0.15072463768115943 0.028333333333333332
0 0.9166666666666666 0.2529166666666667 0.4905797101449275 0.01125
0 0.9181159420289855 0.22708333333333333 0.08333333333333333 0.01375
