0 0.04420289855072464 0.0125 0.13840579710144926 0.03333333333333333
0 0.05144927536231884 0.4270833333333333 0.1398550724637681 0.028333333333333332
0 0.05144927536231884 0.38916666666666666 0.3036231884057971 0.01125
0 0.05144927536231884 0.27375 0.14782608695652175 0.028333333333333332
0 0.05144927536231884 0.1375 0.13623188405797101 0.028333333333333332
0 0.05217391304347826 0.4058333333333333 0.19202898550724637 0.01125
0 0.05217391304347826 0.11625 0.591304347826087 0.01125
0 0.05289855072463768 0.36375 0.05507246376811594 0.01375
0 0.05289855072463768 0.2529166666666667 0.5601449275362319 0.01125
0 0.05289855072463768 0.22708333333333333 0.07681159420289856 0.01375
0 0.05289855072463768 0.09083333333333334 0.06739130434782609 0.010833333333333334
0 0.2 0.0125 0.1463768115942029 0.03333333333333333
0 0.36376811594202896 0.0125 0.15 0.03333333333333333
0 0.4811594202898551 0.4270833333333333 0.10289855072463767 0.028333333333333332
0 0.4811594202898551 0.4058333333333333 0.23115942028985506 0.01125
0 0.4811594202898551 0.38916666666666666 0.3007246376811594 0.01125
0 0.4811594202898551 0.36375 0.05652173913043478 0.01375
0 0.5311594202898551 0.0125 0.14057971014492754 0.03333333333333333
0 0.9108695652173913 0.4270833333333333 0.13478260869565217 0.028333333333333332
0 0.9108695652173913 0.4058333333333333 0.2956521739130435 0.01125
0 0.9108695652173913 0.38916666666666666 0.28043478260869564 0.01125
0 0.9108695652173913 0.36375 0.06956521739130435 0.01375
0 0.9159420289855073 0.27375 0.1572463768115942 0.028333333333333332
0 0.9173913043478261 0.2529166666666667 0.5123188405797101 0.01125
0 0.9181159420289855 0.22708333333333333 0.0782608695652174 0.01375
0 1.3398550724637681 0.4270833333333333 0.13043478260869565 0.028333333333333332
0 1.3413043478260869 0.4058333333333333 0.17681159420289855 0.01125
0 1.3413043478260869 0.38916666666666666 0.3384057971014493 0.01125
0 1.3420289855072465 0.36375 0.08188405797101449 0.01375
