0 0.04420289855072464 0.0125 0.1536231884057971 0.03333333333333333
0 0.05144927536231884 0.4270833333333333 0.13478260869565217 0.028333333333333332
0 0.05144927536231884 0.29041666666666666 0.1355072463768116 0.028333333333333332
0 0.05144927536231884 0.15416666666666667 0.13768115942028986 0.028333333333333332
0 0.05144927536231884 0.13291666666666666 0.22318840579710145 0.01125
0 0.05217391304347826 0.26958333333333334 0.5594202898550724 0.01125
0 0.05217391304347826 0.24333333333333335 0.07536231884057971 0.014166666666666666
0 0.05217391304347826 0.11625 0.30434782608695654 0.01125
0 0.05217391304347826 0.09083333333333334 0.06666666666666667 0.01375
0 0.05289855072463768 0.4058333333333333 0.5463768115942029 0.01125
0 0.05289855072463768 0.3804166666666667 0.08260869565217391 0.010833333333333334
0 0.21521739130434783 0.0125 0.14492753623188406 0.03333333333333333
0 0.377536231884058 0.0125 0.14057971014492754 0.03333333333333333
0 0.48043478260869565 0.09083333333333334 0.07391304347826087 0.01125
0 0.4811594202898551 0.15416666666666667 0.12608695652173912 0.028333333333333332
0 0.48188405797101447 0.13291666666666666 0.17173913043478262 0.01125
0 0.48188405797101447 0.11625 0.3398550724637681 0.01125
0 0.9101449275362319 0.13291666666666666 0.2427536231884058 0.01125
0 0.9108695652173913 0.15416666666666667 0.13768115942028986 0.028333333333333332
0 0.9115942028985508 0.11625 0.2753623188405797 0.01125
0 0.9123188405797101 0.09083333333333334 0.08115942028985507 0.01375
0 0.9159420289855073 0.29041666666666666 0.15434782608695652 0.028333333333333332
0 0.9173913043478261 0.26958333333333334 0.5347826086956522 0.01125
0 0.9181159420289855 0.24375 0.07318840579710145 0.010833333333333334
0 1.3398550724637681 0.15416666666666667 0.1398550724637681 0.028333333333333332
0 1.3405797101449275 0.11625 0.26666666666666666 0.01125
0 1.3405797101449275 0.09041666666666667 0.08623188405797101 0.014166666666666666
0 1.3413043478260869 0.13291666666666666 0.2797101449275362 0.01125
