0 0.04420289855072464 0.0125 0.14057971014492754 0.03333333333333333
0 0.05144927536231884 0.44375 0.12753623188405797 0.028333333333333332
0 0.05144927536231884 0.39708333333333334 0.08043478260869565 0.01375
0 0.05144927536231884 0.3070833333333333 0.13260869565217392 0.028333333333333332
0 0.05144927536231884 0.28625 0.5579710144927537 0.01125
0 0.05144927536231884 0.17083333333333334 0.13695652173913042 0.028333333333333332
0 0.05144927536231884 0.14958333333333335 0.10289855072463767 0.01125
0 0.05144927536231884 0.13291666666666666 0.2565217391304348 0.01125
0 0.05144927536231884 0.11625 0.1673913043478261 0.01125
0 0.05144927536231884 0.09083333333333334 0.059420289855072465 0.01125
0 0.05289855072463768 0.4225 0.5572463768115942 0.01125
0 0.05289855072463768 0.2604166666666667 0.06594202898550725 0.01375
0 0.20217391304347826 0.0125 0.15507246376811595 0.03333333333333333
0 0.3746376811594203 0.0125 0.1398550724637681 0.03333333333333333
0 0.4811594202898551 0.15416666666666667 0.15289855072463768 0.028333333333333332
0 0.4811594202898551 0.13291666666666666 0.14492753623188406 0.01125
0 0.4811594202898551 0.09083333333333334 0.06739130434782609 0.01375
0 0.48188405797101447 0.11625 0.3289855072463768 0.01125
0 0.9108695652173913 0.15416666666666667 0.14347826086956522 0.028333333333333332
0 0.9115942028985508 0.13291666666666666 0.16594202898550725 0.01125
0 0.9115942028985508 0.11625 0.31956521739130433 0.01125
0 0.9123188405797101 0.09083333333333334 0.07536231884057971 0.010833333333333334
0 0.9159420289855073 0.44375 0.1391304347826087 0.028333333333333332
0 0.9159420289855073 0.4225 0.5659420289855073 0.01125
0 0.9181159420289855 0.39708333333333334 0.06811594202898551 0.01375
0 1.3398550724637681 0.15416666666666667 0.12971014492753624 0.028333333333333332
0 1.3398550724637681 0.09083333333333334 0.07391304347826087 0.01375
0 1.3405797101449275 0.13291666666666666 0.20869565217391303 0.01125
0 1.3413043478260869 0.11625 0.3471014492753623 0.01125
