0 0.04420289855072464 0.0125 0.13043478260869565 0.03333333333333333
0 0.050724637681159424 0.26958333333333334 0.5543478260869565 0.01125
0 0.05144927536231884 0.4270833333333333 0.14347826086956522 0.028333333333333332
0 0.05144927536231884 0.29041666666666666 0.15869565217391304 0.028333333333333332
0 0.05144927536231884 0.24375 0.07681159420289856 0.01375
0 0.05144927536231884 0.15416666666666667 0.14855072463768115 0.028333333333333332
0 0.05217391304347826 0.4058333333333333 0.5405797101449276 0.01125
0 0.05217391304347826 0.13291666666666666 0.21304347826086956 0.01125
0 0.05217391304347826 0.09041666666666667 0.08623188405797101 0.011666666666666667
0 0.05289855072463768 0.3804166666666667 0.07028985507246377 0.01375
0 0.05289855072463768 0.11625 0.3094202898550725 0.01125
0 0.19202898550724637 0.0125 0.15507246376811595 0.03333333333333333
0 0.4811594202898551 0.15416666666666667 0.15579710144927536 0.028333333333333332
0 0.4811594202898551 0.09083333333333334 0.08333333333333333 0.010833333333333334
0 0.48188405797101447 0.13291666666666666 0.19710144927536233 0.00875
0 0.48188405797101447 0.11625 0.34855072463768116 0.01125
0 0.9108695652173913 0.15416666666666667 0.13768115942028986 0.028333333333333332
0 0.9108695652173913 0.13291666666666666 0.25579710144927537 0.01125
0 0.9108695652173913 0.11625 0.2855072463768116 0.01125
0 0.9123188405797101 0.09083333333333334 0.07971014492753623 0.01375
0 0.9159420289855073 0.4270833333333333 0.13768115942028986 0.028333333333333332
0 0.9166666666666666 0.4058333333333333 0.5340579710144927 0.01125
0 0.9166666666666666 0.3804166666666667 0.04855072463768116 0.010833333333333334
0 1.3398550724637681 0.15416666666666667 0.14855072463768115 0.028333333333333332
0 1.3398550724637681 0.13291666666666666 0.1536231884057971 0.01125
0 1.3398550724637681 0.09083333333333334 0.06956521739130435 0.010833333333333334
0 1.3413043478260869 0.11625 0.33043478260869563 0.01125
