0 0.04420289855072464 0.0125 0.1391304347826087 0.03333333333333333
0 0.05144927536231884 0.44375 0.14782608695652175 0.028333333333333332
0 0.05144927536231884 0.36375 0.06159420289855073 0.01125
0 0.05144927536231884 0.27375 0.1391304347826087 0.028333333333333332
0 0.05144927536231884 0.2529166666666667 0.5318840579710145 0.01125
0 0.05144927536231884 0.1375 0.13768115942028986 0.028333333333333332
0 0.05144927536231884 0.11625 0.5427536231884058 0.01125
0 0.05217391304347826 0.4058333333333333 0.3036231884057971 0.01125
0 0.05217391304347826 0.38916666666666666 0.16159420289855073 0.01125
0 0.05289855072463768 0.4225 0.058695652173913045 0.01125
0 0.05289855072463768 0.22708333333333333 0.06666666666666667 0.010833333333333334
0 0.05289855072463768 0.09083333333333334 0.07681159420289856 0.01375
0 0.20072463768115942 0.0125 0.15797101449275364 0.03333333333333333
0 0.3760869565217391 0.0125 0.16159420289855073 0.03333333333333333
0 0.4811594202898551 0.4270833333333333 0.13768115942028986 0.028333333333333332
0 0.4811594202898551 0.38916666666666666 0.29130434782608694 0.01125
0 0.4811594202898551 0.36375 0.07028985507246377 0.01375
0 0.48188405797101447 0.4058333333333333 0.26666666666666666 0.01125
0 0.9101449275362319 0.36375 0.08478260869565217 0.010833333333333334
0 0.9108695652173913 0.4270833333333333 0.12246376811594203 0.028333333333333332
0 0.9108695652173913 0.38916666666666666 0.27753623188405796 0.01125
0 0.9115942028985508 0.4058333333333333 0.22681159420289856 0.01125
0 0.9159420289855073 0.27375 0.1492753623188406 0.028333333333333332
0 0.9159420289855073 0.2529166666666667 0.5507246376811594 0.01125
0 0.9181159420289855 0.22708333333333333 0.05434782608695652 0.01375
0 1.3398550724637681 0.4270833333333333 0.13478260869565217 0.028333333333333332
0 1.3398550724637681 0.4058333333333333 0.19420289855072465 0.01125
0 1.3413043478260869 0.38916666666666666 0.3144927536231884 0.01125
0 1.3420289855072465 0.36375 0.06739130434782609 0.010833333333333334
