0 0.04420289855072464 0.0125 0.1608695652173913 0.03333333333333333
0 0.05144927536231884 0.27375 0.15072463768115943 0.028333333333333332
0 0.05144927536231884 0.2529166666666667 0.5507246376811594 0.01125
0 0.05144927536231884 0.1375 0.15507246376811595 0.028333333333333332
0 0.05217391304347826 0.11625 0.5492753623188406 0.01125
0 0.05289855072463768 0.22708333333333333 0.08043478260869565 0.010833333333333334
0 0.05289855072463768 0.09083333333333334 0.06521739130434782 0.010833333333333334
0 0.22246376811594204 0.0125 0.12246376811594203 0.03333333333333333
0 0.36231884057971014 0.0125 0.14782608695652175 0.03333333333333333
0 0.527536231884058 0.0125 0.14057971014492754 0.03333333333333333
