0 0.04420289855072464 0.0125 0.16304347826086957 0.03333333333333333
0 0.05144927536231884 0.3070833333333333 0.1398550724637681 0.028333333333333332
0 0.05144927536231884 0.28625 0.22318840579710145 0.01125
0 0.05144927536231884 0.15416666666666667 0.14855072463768115 0.028333333333333332
0 0.05144927536231884 0.13291666666666666 0.17898550724637682 0.01125
0 0.05217391304347826 0.26958333333333334 0.2710144927536232 0.01125
0 0.05217391304347826 0.09041666666666667 0.05579710144927536 0.014166666666666666
0 0.05289855072463768 0.24375 0.06956521739130435 0.01375
0 0.05289855072463768 0.11625 0.32971014492753625 0.01125
0 0.2246376811594203 0.0125 0.14492753623188406 0.03333333333333333
0 0.3869565217391304 0.0125 0.16014492753623188 0.03333333333333333
0 0.48043478260869565 0.24375 0.0746376811594203 0.010833333333333334
0 0.4811594202898551 0.3070833333333333 0.1391304347826087 0.028333333333333332
0 0.4811594202898551 0.26958333333333334 0.3072463768115942 0.01125
0 0.4811594202898551 0.15416666666666667 0.11739130434782609 0.028333333333333332
0 0.4811594202898551 0.13291666666666666 0.22971014492753622 0.01125
0 0.4811594202898551 0.11625 0.3094202898550725 0.01125
0 0.48188405797101447 0.28625 0.1934782608695652 0.01125
0 0.48188405797101447 0.09041666666666667 0.0782608695652174 0.011666666666666667
0 0.48478260869565215 0.09375 0.016666666666666666 0.004166666666666667
0 0.9101449275362319 0.28625 0.2072463768115942 0.01125
0 0.9101449275362319 0.09083333333333334 0.06159420289855073 0.010833333333333334
0 0.9108695652173913 0.3070833333333333 0.1463768115942029 0.028333333333333332
0 0.9108695652173913 0.24333333333333335 0.0746376811594203 0.014166666666666666
0 0.9108695652173913 0.15416666666666667 0.14492753623188406 0.028333333333333332
0 0.9108695652173913 0.13291666666666666 0.24130434782608695 0.01125
0 0.9108695652173913 0.11625 0.26956521739130435 0.01125
0 0.9115942028985508 0.26958333333333334 0.3333333333333333 0.01125
0 1.3398550724637681 0.32375 0.14347826086956522 0.028333333333333332
0 1.3398550724637681 0.30291666666666667 0.1492753623188406 0.01125
0 1.3398550724637681 0.15416666666666667 0.15144927536231884 0.028333333333333332
0 1.3398550724637681 0.09083333333333334 0.0536231884057971 0.01375
0 1.3405797101449275 0.26958333333333334 0.03695652173913044 0.00875
0 1.3405797101449275 0.24333333333333335 0.07028985507246377 0.011666666666666667
0 1.3405797101449275 0.13291666666666666 0.20797101449275363 0.01125
0 1.3413043478260869 0.28625 0.32681159420289857 0.01125
0 1.3413043478260869 0.11625 0.32318840579710145 0.01125
