0 0.04420289855072464 0.0125 0.14782608695652175 0.03333333333333333
0 0.05144927536231884 0.4270833333333333 0.1398550724637681 0.028333333333333332
0 0.05144927536231884 0.4058333333333333 0.563768115942029 0.01125
0 0.05144927536231884 0.29041666666666666 0.1398550724637681 0.028333333333333332
0 0.05144927536231884 0.15416666666666667 0.15579710144927536 0.028333333333333332
0 0.05217391304347826 0.13291666666666666 0.32463768115942027 0.01125
0 0.05289855072463768 0.3804166666666667 0.06304347826086956 0.01375
0 0.05289855072463768 0.26958333333333334 0.5282608695652173 0.01125
0 0.05289855072463768 0.24375 0.08115942028985507 0.01375
0 0.05289855072463768 0.11625 0.21884057971014492 0.01125
0 0.05289855072463768 0.09083333333333334 0.07681159420289856 0.01375
0 0.20942028985507247 0.0125 0.14855072463768115 0.03333333333333333
0 0.4811594202898551 0.15416666666666667 0.12971014492753624 0.028333333333333332
0 0.48188405797101447 0.13291666666666666 0.26231884057971017 0.01125
0 0.48188405797101447 0.11625 0.26014492753623186 0.01125
0 0.4826086956521739 0.09083333333333334 0.08768115942028985 0.01375
0 0.9108695652173913 0.15416666666666667 0.13768115942028986 0.028333333333333332
0 0.9108695652173913 0.13291666666666666 0.22318840579710145 0.01125
0 0.9115942028985508 0.11625 0.3217391304347826 0.01125
0 0.9123188405797101 0.09083333333333334 0.0746376811594203 0.010833333333333334
0 0.9159420289855073 0.4270833333333333 0.12246376811594203 0.028333333333333332
0 0.9166666666666666 0.4058333333333333 0.5340579710144927 0.01125
0 0.9181159420289855 0.3804166666666667 0.08550724637681159 0.010833333333333334
0 1.3398550724637681 0.15416666666666667 0.14565217391304347 0.028333333333333332
0 1.3398550724637681 0.13291666666666666 0.1753623188405797 0.01125
0 1.3405797101449275 0.11625 0.34492753623188405 0.01125
0 1.3405797101449275 0.09041666666666667 0.07608695652173914 0.014166666666666666
