0 0.04420289855072464 0.0125 0.14492753623188406 0.03333333333333333
0 0.05144927536231884 0.4270833333333333 0.15072463768115943 0.028333333333333332
0 0.05144927536231884 0.36375 0.06666666666666667 0.01125
0 0.05144927536231884 0.27375 0.14492753623188406 0.028333333333333332
0 0.05144927536231884 0.2529166666666667 0.5471014492753623 0.01125
0 0.05144927536231884 0.1375 0.14057971014492754 0.028333333333333332
0 0.05217391304347826 0.11625 0.5159420289855072 0.01125
0 0.05217391304347826 0.09083333333333334 0.08043478260869565 0.01375
0 0.05289855072463768 0.4058333333333333 0.17318840579710146 0.01125
0 0.05289855072463768 0.38916666666666666 0.3289855072463768 0.01125
0 0.05289855072463768 0.22708333333333333 0.05579710144927536 0.010833333333333334
0 0.20652173913043478 0.0125 0.13333333333333333 0.03333333333333333
0 0.3572463768115942 0.0125 0.14057971014492754 0.03333333333333333
0 0.4811594202898551 0.4270833333333333 0.1391304347826087 0.028333333333333332
0 0.4811594202898551 0.38916666666666666 0.34057971014492755 0.01125
0 0.48188405797101447 0.4058333333333333 0.1391304347826087 0.01125
0 0.4826086956521739 0.36375 0.06594202898550725 0.01375
0 0.5152173913043478 0.0125 0.14202898550724638 0.03333333333333333
0 0.9101449275362319 0.36375 0.07028985507246377 0.01375
0 0.9108695652173913 0.4270833333333333 0.14782608695652175 0.028333333333333332
0 0.9108695652173913 0.38916666666666666 0.23550724637681159 0.01125
0 0.9115942028985508 0.4058333333333333 0.3072463768115942 0.01125
0 0.9159420289855073 0.27375 0.11956521739130435 0.028333333333333332
0 0.9159420289855073 0.1375 0.11884057971014493 0.028333333333333332
0 0.9166666666666666 0.2529166666666667 0.5391304347826087 0.01125
0 0.9173913043478261 0.22666666666666666 0.07753623188405798 0.011666666666666667
0 0.9173913043478261 0.11625 0.5847826086956521 0.01125
0 0.9181159420289855 0.09083333333333334 0.06956521739130435 0.010833333333333334
0 1.3398550724637681 0.44375 0.13115942028985508 0.028333333333333332
0 1.3405797101449275 0.4225 0.021739130434782608 0.00875
0 1.3405797101449275 0.4058333333333333 0.3463768115942029 0.01125
0 1.3413043478260869 0.38916666666666666 0.16304347826086957 0.01125
0 1.3420289855072465 0.36375 0.07753623188405798 0.010833333333333334
