0 0.04420289855072464 0.0125 0.14057971014492754 0.03333333333333333
0 0.05144927536231884 0.3070833333333333 0.15217391304347827 0.028333333333333332
0 0.05144927536231884 0.28625 0.5094202898550725 0.01125
0 0.05144927536231884 0.15416666666666667 0.12753623188405797 0.028333333333333332
0 0.05217391304347826 0.13291666666666666 0.1956521739130435 0.01125
0 0.05217391304347826 0.11625 0.33405797101449275 0.01125
0 0.05289855072463768 0.2604166666666667 0.08550724637681159 0.010833333333333334
0 0.05289855072463768 0.09083333333333334 0.07971014492753623 0.010833333333333334
0 0.20217391304347826 0.0125 0.12608695652173912 0.03333333333333333
0 0.3456521739130435 0.0125 0.1355072463768116 0.03333333333333333
0 0.4811594202898551 0.15416666666666667 0.1471014492753623 0.028333333333333332
0 0.4811594202898551 0.11625 0.32971014492753625 0.01125
0 0.48188405797101447 0.13291666666666666 0.20507246376811594 0.01125
0 0.4826086956521739 0.09083333333333334 0.07318840579710145 0.010833333333333334
0 0.4985507246376812 0.0125 0.14782608695652175 0.03333333333333333
0 0.663768115942029 0.0125 0.14130434782608695 0.03333333333333333
0 0.9108695652173913 0.15416666666666667 0.14782608695652175 0.028333333333333332
0 0.9108695652173913 0.13291666666666666 0.24202898550724639 0.01125
0 0.9115942028985508 0.11625 0.31956521739130433 0.01125
0 0.9123188405797101 0.09083333333333334 0.07391304347826087 0.010833333333333334
0 1.3398550724637681 0.17083333333333334 0.13695652173913042 0.028333333333333332
0 1.3398550724637681 0.14958333333333335 0.04565217391304348 0.00875
0 1.3398550724637681 0.09083333333333334 0.06739130434782609 0.01375
0 1.3405797101449275 0.13291666666666666 0.33768115942028987 0.01125
0 1.3413043478260869 0.11625 0.16159420289855073 0.01125
