0 0.04420289855072464 0.0125 0.13405797101449277 0.03333333333333333
0 0.05144927536231884 0.4270833333333333 0.14492753623188406 0.028333333333333332
0 0.05144927536231884 0.4058333333333333 0.2876811594202899 0.01125
0 0.05144927536231884 0.38916666666666666 0.24347826086956523 0.01125
0 0.05144927536231884 0.27375 0.1492753623188406 0.028333333333333332
0 0.05144927536231884 0.1375 0.13768115942028986 0.028333333333333332
0 0.05144927536231884 0.09083333333333334 0.06521739130434782 0.010833333333333334
0 0.05289855072463768 0.36375 0.07608695652173914 0.01375
0 0.05289855072463768 0.2529166666666667 0.5449275362318841 0.01125
0 0.05289855072463768 0.22708333333333333 0.06594202898550725 0.01375
0 0.05289855072463768 0.11625 0.5210144927536232 0.01125
0 0.1956521739130435 0.0125 0.14057971014492754 0.03333333333333333
0 0.3536231884057971 0.0125 0.14130434782608695 0.03333333333333333
0 0.4811594202898551 0.4270833333333333 0.13695652173913042 0.028333333333333332
0 0.4811594202898551 0.4058333333333333 0.2594202898550725 0.01125
0 0.4811594202898551 0.38916666666666666 0.28695652173913044 0.01125
0 0.4826086956521739 0.36375 0.06594202898550725 0.01375
0 0.5123188405797101 0.0125 0.14130434782608695 0.03333333333333333
0 0.6710144927536232 0.0125 0.1355072463768116 0.03333333333333333
0 0.9101449275362319 0.36375 0.05289855072463768 0.01375
0 0.9108695652173913 0.4270833333333333 0.1471014492753623 0.028333333333333332
0 0.9108695652173913 0.4083333333333333 0.08043478260869565 0.00625
0 0.9108695652173913 0.38916666666666666 0.4 0.01125
0 0.9159420289855073 0.1375 0.12608695652173912 0.028333333333333332
0 0.9159420289855073 0.09083333333333334 0.0644927536231884 0.01375
0 0.9173913043478261 0.11625 0.5297101449275362 0.01125
0 1.3398550724637681 0.4270833333333333 0.1391304347826087 0.028333333333333332
0 1.3398550724637681 0.4058333333333333 0.3 0.01125
0 1.3413043478260869 0.38916666666666666 0.24420289855072463 0.01125
0 1.3420289855072465 0.36375 0.0536231884057971 0.01375
