0 0.04420289855072464 0.0125 0.13115942028985508 0.03333333333333333
0 0.05144927536231884 0.15416666666666667 0.13840579710144926 0.028333333333333332
0 0.05217391304347826 0.13291666666666666 0.31956521739130433 0.01125
0 0.05217391304347826 0.11625 0.27898550724637683 0.01125
0 0.05217391304347826 0.09041666666666667 0.06884057971014493 0.011666666666666667
0 0.1927536231884058 0.0125 0.15144927536231884 0.03333333333333333
0 0.3615942028985507 0.0125 0.12681159420289856 0.03333333333333333
0 0.4811594202898551 0.15416666666666667 0.15072463768115943 0.028333333333333332
0 0.48188405797101447 0.13291666666666666 0.16884057971014493 0.01125
0 0.48188405797101447 0.11625 0.3391304347826087 0.01125
0 0.48188405797101447 0.09041666666666667 0.0746376811594203 0.014166666666666666
0 0.5057971014492754 0.0125 0.1398550724637681 0.03333333333333333
0 0.9101449275362319 0.09083333333333334 0.07608695652173914 0.01375
0 0.9108695652173913 0.15416666666666667 0.14782608695652175 0.028333333333333332
0 0.9108695652173913 0.13291666666666666 0.336231884057971 0.01125
0 0.9108695652173913 0.11625 0.22971014492753622 0.01125
0 1.3398550724637681 0.15416666666666667 0.13695652173913042 0.028333333333333332
0 1.3398550724637681 0.13291666666666666 0.286231884057971 0.01125
0 1.3405797101449275 0.11625 0.2847826086956522 0.01125
0 1.3405797101449275 0.09041666666666667 0.07101449275362319 0.014166666666666666
