0 0.04420289855072464 0.0125 0.15434782608695652 0.03333333333333333
0 0.05144927536231884 0.4270833333333333 0.13260869565217392 0.028333333333333332
0 0.05144927536231884 0.3804166666666667 0.07028985507246377 0.01125
0 0.05144927536231884 0.29041666666666666 0.14130434782608695 0.028333333333333332
0 0.05144927536231884 0.1375 0.14782608695652175 0.028333333333333332
0 0.05144927536231884 0.09083333333333334 0.07391304347826087 0.01375
0 0.05217391304347826 0.4058333333333333 0.5260869565217391 0.01125
0 0.05217391304347826 0.26958333333333334 0.2289855072463768 0.01125
0 0.05217391304347826 0.2529166666666667 0.3391304347826087 0.01125
0 0.05217391304347826 0.11625 0.5101449275362319 0.01125
0 0.05289855072463768 0.22708333333333333 0.06666666666666667 0.010833333333333334
0 0.21594202898550724 0.0125 0.14057971014492754 0.03333333333333333
0 0.3739130434782609 0.0125 0.1398550724637681 0.03333333333333333
0 0.4811594202898551 0.29041666666666666 0.1427536231884058 0.028333333333333332
0 0.4811594202898551 0.26958333333333334 0.27391304347826084 0.01125
0 0.48188405797101447 0.2529166666666667 0.2514492753623188 0.01125
0 0.4826086956521739 0.22708333333333333 0.07898550724637682 0.01375
0 0.9108695652173913 0.29041666666666666 0.13840579710144926 0.028333333333333332
0 0.9108695652173913 0.26958333333333334 0.26956521739130435 0.01125
0 0.9115942028985508 0.2529166666666667 0.24855072463768116 0.01125
0 0.9123188405797101 0.22708333333333333 0.0746376811594203 0.01375
0 0.9159420289855073 0.1375 0.14130434782608695 0.028333333333333332
0 0.9166666666666666 0.11625 0.5311594202898551 0.01125
0 0.9173913043478261 0.09041666666666667 0.06304347826086956 0.014166666666666666
0 1.3398550724637681 0.29041666666666666 0.1391304347826087 0.028333333333333332
0 1.3413043478260869 0.26958333333333334 0.20507246376811594 0.01125
0 1.3413043478260869 0.2529166666666667 0.33768115942028987 0.01125
0 1.3420289855072465 0.22708333333333333 0.0572463768115942 0.010833333333333334
