0 0.04420289855072464 0.0125 0.15072463768115943 0.03333333333333333
0 0.050724637681159424 0.43916666666666665 0.2927536231884058 0.01125
0 0.05144927536231884 0.47708333333333336 0.15942028985507245 0.028333333333333332
0 0.05144927536231884 0.3070833333333333 0.1398550724637681 0.028333333333333332
0 0.05144927536231884 0.15416666666666667 0.13478260869565217 0.028333333333333332
0 0.05217391304347826 0.4558333333333333 0.26014492753623186 0.01125
0 0.05217391304347826 0.26958333333333334 0.3289855072463768 0.01125
0 0.05217391304347826 0.24333333333333335 0.06304347826086956 0.011666666666666667
0 0.05217391304347826 0.13291666666666666 0.4 0.01125
0 0.05217391304347826 0.09041666666666667 0.060144927536231886 0.012083333333333333
0 0.05289855072463768 0.41375 0.07246376811594203 0.01375
0 0.05289855072463768 0.28625 0.19710144927536233 0.01125
0 0.05289855072463768 0.11625 0.11884057971014493 0.01125
0 0.21231884057971015 0.0125 0.1463768115942029 0.03333333333333333
0 0.48043478260869565 0.41375 0.09057971014492754 0.01125
0 0.4811594202898551 0.47708333333333336 0.1398550724637681 0.028333333333333332
0 0.4811594202898551 0.32375 0.1318840579710145 0.028333333333333332
0 0.4811594202898551 0.24375 0.06666666666666667 0.01375
0 0.4811594202898551 0.15416666666666667 0.14202898550724638 0.028333333333333332
0 0.4811594202898551 0.13291666666666666 0.18188405797101448 0.01125
0 0.48188405797101447 0.4558333333333333 0.25217391304347825 0.01125
0 0.48188405797101447 0.43916666666666665 0.3050724637681159 0.01125
0 0.48188405797101447 0.30291666666666667 0.0463768115942029 0.01125
0 0.48188405797101447 0.28625 0.32681159420289857 0.01125
0 0.48188405797101447 0.26958333333333334 0.1782608695652174 0.01125
0 0.48188405797101447 0.11625 0.31666666666666665 0.01125
0 0.4826086956521739 0.09083333333333334 0.06884057971014493 0.01375
0 0.9101449275362319 0.4558333333333333 0.2326086956521739 0.01125
0 0.9108695652173913 0.47708333333333336 0.13623188405797101 0.028333333333333332
0 0.9108695652173913 0.3070833333333333 0.14347826086956522 0.028333333333333332
0 0.9108695652173913 0.28625 0.2898550724637681 0.01125
0 0.9108695652173913 0.26958333333333334 0.21304347826086956 0.01125
0 0.9108695652173913 0.15416666666666667 0.1536231884057971 0.028333333333333332
0 0.9108695652173913 0.13291666666666666 0.2289855072463768 0.01125
0 0.9108695652173913 0.11625 0.27898550724637683 0.01125
0 0.9115942028985508 0.43916666666666665 0.2956521739130435 0.01125
0 0.9115942028985508 0.24333333333333335 0.06739130434782609 0.014166666666666666
0 0.9123188405797101 0.41375 0.08115942028985507 0.010833333333333334
0 0.9123188405797101 0.09083333333333334 0.07391304347826087 0.01375
0 1.3398550724637681 0.47708333333333336 0.1355072463768116 0.028333333333333332
0 1.3398550724637681 0.3070833333333333 0.13115942028985508 0.028333333333333332
0 1.3398550724637681 0.28625 0.3333333333333333 0.01125
0 1.3398550724637681 0.15416666666666667 0.14565217391304347 0.028333333333333332
0 1.3405797101449275 0.26958333333333334 0.20434782608695654 0.01125
0 1.3405797101449275 0.11625 0.25 0.01125
0 1.3413043478260869 0.4558333333333333 0.2818840579710145 0.01125
0 1.3413043478260869 0.43916666666666665 0.23695652173913043 0.01125
0 1.3413043478260869 0.41375 0.07608695652173914 0.01125
0 1.3413043478260869 0.13291666666666666 0.2746376811594203 0.01125
0 1.3420289855072465 0.24375 0.07101449275362319 0.01375
0 1.3420289855072465 0.09083333333333334 0.06811594202898551 0.01375
