0 0.04420289855072464 0.0125 0.14492753623188406 0.03333333333333333
0 0.05144927536231884 0.44375 0.12971014492753624 0.028333333333333332
0 0.05144927536231884 0.3070833333333333 0.14347826086956522 0.028333333333333332
0 0.05144927536231884 0.26958333333333334 0.35797101449275365 0.01125
0 0.05144927536231884 0.1375 0.13260869565217392 0.028333333333333332
0 0.05217391304347826 0.4225 0.5355072463768116 0.01125
0 0.05217391304347826 0.28625 0.07536231884057971 0.00875
0 0.05217391304347826 0.2529166666666667 0.11231884057971014 0.01125
0 0.05217391304347826 0.11625 0.5231884057971015 0.01125
0 0.05217391304347826 0.09083333333333334 0.07246376811594203 0.010833333333333334
0 0.05289855072463768 0.39708333333333334 0.07318840579710145 0.01375
0 0.05289855072463768 0.22708333333333333 0.06956521739130435 0.01125
0 0.20652173913043478 0.0125 0.14347826086956522 0.03333333333333333
0 0.3673913043478261 0.0125 0.1565217391304348 0.03333333333333333
0 0.4811594202898551 0.29041666666666666 0.11231884057971014 0.028333333333333332
0 0.4811594202898551 0.26958333333333334 0.2644927536231884 0.01125
0 0.4811594202898551 0.2529166666666667 0.27318840579710146 0.01125
0 0.4811594202898551 0.22708333333333333 0.08478260869565217 0.01375
0 0.5413043478260869 0.0125 0.15507246376811595 0.03333333333333333
0 0.9108695652173913 0.29041666666666666 0.14347826086956522 0.028333333333333332
0 0.9108695652173913 0.22708333333333333 0.07246376811594203 0.010833333333333334
0 0.9115942028985508 0.26958333333333334 0.2514492753623188 0.01125
0 0.9115942028985508 0.2529166666666667 0.2847826086956522 0.01125
0 0.9159420289855073 0.1375 0.13623188405797101 0.028333333333333332
0 0.9173913043478261 0.11625 0.5434782608695652 0.01125
0 0.9181159420289855 0.09083333333333334 0.09057971014492754 0.01375
0 1.3398550724637681 0.29041666666666666 0.14057971014492754 0.028333333333333332
0 1.3398550724637681 0.22708333333333333 0.06811594202898551 0.01375
0 1.3405797101449275 0.26958333333333334 0.3108695652173913 0.01125
0 1.3405797101449275 0.2529166666666667 0.21739130434782608 0.01125
