0 0.04420289855072464 0.0125 0.14855072463768115 0.03333333333333333
0 0.05144927536231884 0.4270833333333333 0.1572463768115942 0.028333333333333332
0 0.05144927536231884 0.29041666666666666 0.13768115942028986 0.028333333333333332
0 0.05144927536231884 0.24375 0.08478260869565217 0.010833333333333334
0 0.05144927536231884 0.15416666666666667 0.12246376811594203 0.028333333333333332
0 0.05144927536231884 0.13291666666666666 0.2565217391304348 0.01125
0 0.05217391304347826 0.4058333333333333 0.5391304347826087 0.01125
0 0.05217391304347826 0.38 0.07898550724637682 0.014166666666666666
0 0.05217391304347826 0.26958333333333334 0.5217391304347826 0.01125
0 0.05217391304347826 0.11625 0.29057971014492756 0.01125
0 0.05289855072463768 0.09083333333333334 0.06884057971014493 0.010833333333333334
0 0.21014492753623187 0.0125 0.1492753623188406 0.03333333333333333
0 0.4811594202898551 0.15416666666666667 0.14420289855072463 0.028333333333333332
0 0.4811594202898551 0.13291666666666666 0.20942028985507247 0.01125
0 0.4811594202898551 0.11625 0.32608695652173914 0.01125
0 0.4826086956521739 0.09083333333333334 0.07971014492753623 0.010833333333333334
0 0.9101449275362319 0.11625 0.3101449275362319 0.01125
0 0.9108695652173913 0.15416666666666667 0.13115942028985508 0.028333333333333332
0 0.9108695652173913 0.13291666666666666 0.23550724637681159 0.01125
0 0.9115942028985508 0.09041666666666667 0.06739130434782609 0.011666666666666667
0 0.9159420289855073 0.4270833333333333 0.1471014492753623 0.028333333333333332
0 0.9166666666666666 0.3804166666666667 0.06231884057971015 0.01375
0 0.9173913043478261 0.4058333333333333 0.5391304347826087 0.01125
0 1.3398550724637681 0.15416666666666667 0.1565217391304348 0.028333333333333332
0 1.3398550724637681 0.11625 0.34492753623188405 0.01125
0 1.3405797101449275 0.13291666666666666 0.1644927536231884 0.01125
0 1.3420289855072465 0.09083333333333334 0.05579710144927536 0.01125
