0 0.04420289855072464 0.0125 0.13840579710144926 0.03333333333333333
0 0.05144927536231884 0.15416666666666667 0.14492753623188406 0.028333333333333332
0 0.05144927536231884 0.13291666666666666 0.15797101449275364 0.01125
0 0.05144927536231884 0.11625 0.3463768115942029 0.01125
0 0.05217391304347826 0.09041666666666667 0.07318840579710145 0.011666666666666667
0 0.2 0.0125 0.1463768115942029 0.03333333333333333
0 0.36376811594202896 0.0125 0.1492753623188406 0.03333333333333333
0 0.4811594202898551 0.15416666666666667 0.15217391304347827 0.028333333333333332
0 0.4811594202898551 0.13291666666666666 0.23623188405797102 0.01125
0 0.4811594202898551 0.11625 0.2920289855072464 0.01125
0 0.4826086956521739 0.09083333333333334 0.034057971014492754 0.01375
0 0.5304347826086957 0.0125 0.1536231884057971 0.03333333333333333
0 0.9108695652173913 0.15416666666666667 0.14565217391304347 0.028333333333333332
0 0.9108695652173913 0.13291666666666666 0.3065217391304348 0.01125
0 0.9108695652173913 0.11625 0.2028985507246377 0.01125
0 0.9115942028985508 0.09041666666666667 0.07391304347826087 0.014166666666666666
0 1.3398550724637681 0.15416666666666667 0.1289855072463768 0.028333333333333332
0 1.3405797101449275 0.13291666666666666 0.1565217391304348 0.01125
0 1.3405797101449275 0.11625 0.3471014492753623 0.01125
0 1.3420289855072465 0.09083333333333334 0.07391304347826087 0.01375
