0 0.04420289855072464 0.0125 0.15217391304347827 0.03333333333333333
0 0.05144927536231884 0.4270833333333333 0.14347826086956522 0.028333333333333332
0 0.05144927536231884 0.29041666666666666 0.1355072463768116 0.028333333333333332
0 0.05144927536231884 0.26958333333333334 0.5224637681159421 0.01125
0 0.05144927536231884 0.15416666666666667 0.14855072463768115 0.028333333333333332
0 0.05217391304347826 0.4058333333333333 0.572463768115942 0.01125
0 0.05217391304347826 0.13291666666666666 0.2847826086956522 0.01125
0 0.05217391304347826 0.11625 0.2702898550724638 0.01125
0 0.05217391304347826 0.09041666666666667 0.08333333333333333 0.014166666666666666
0 0.05289855072463768 0.3804166666666667 0.060144927536231886 0.01375
0 0.05289855072463768 0.24375 0.07681159420289856 0.01375
0 0.05507246376811594 0.09375 0.017391304347826087 0.004166666666666667
0 0.213768115942029 0.0125 0.14347826086956522 0.03333333333333333
0 0.4811594202898551 0.15416666666666667 0.1463768115942029 0.028333333333333332
0 0.4811594202898551 0.11625 0.2608695652173913 0.01125
0 0.48188405797101447 0.13291666666666666 0.2811594202898551 0.01125
0 0.48188405797101447 0.09041666666666667 0.07681159420289856 0.011666666666666667
0 0.9108695652173913 0.15416666666666667 0.15072463768115943 0.028333333333333332
0 0.9108695652173913 0.11625 0.32753623188405795 0.01125
0 0.9115942028985508 0.13291666666666666 0.20942028985507247 0.01125
0 0.9123188405797101 0.09083333333333334 0.07246376811594203 0.010833333333333334
0 0.9159420289855073 0.4270833333333333 0.1471014492753623 0.028333333333333332
0 0.9159420289855073 0.3804166666666667 0.05217391304347826 0.01125
0 0.9173913043478261 0.4058333333333333 0.5623188405797102 0.01125
0 1.3398550724637681 0.15416666666666667 0.13405797101449277 0.028333333333333332
0 1.3405797101449275 0.13291666666666666 0.24202898550724639 0.01125
0 1.3405797101449275 0.11625 0.29130434782608694 0.01125
0 1.3405797101449275 0.09041666666666667 0.06739130434782609 0.011666666666666667
0 1.3442028985507246 0.09375 0.016666666666666666 0.004166666666666667
