0 0.04420289855072464 0.0125 0.14130434782608695 0.03333333333333333
0 0.05144927536231884 0.4270833333333333 0.12681159420289856 0.028333333333333332
0 0.05144927536231884 0.3804166666666667 0.06231884057971015 0.010833333333333334
0 0.05144927536231884 0.29041666666666666 0.1492753623188406 0.028333333333333332
0 0.05144927536231884 0.26958333333333334 0.527536231884058 0.01125
0 0.05144927536231884 0.24375 0.07318840579710145 0.01375
0 0.05144927536231884 0.15416666666666667 0.1391304347826087 0.028333333333333332
0 0.05144927536231884 0.11625 0.27246376811594203 0.01125
0 0.05217391304347826 0.4058333333333333 0.5463768115942029 0.01125
0 0.05289855072463768 0.13291666666666666 0.25579710144927537 0.01125
0 0.05289855072463768 0.09083333333333334 0.07391304347826087 0.010833333333333334
0 0.2028985507246377 0.0125 0.14782608695652175 0.03333333333333333
0 0.4811594202898551 0.15416666666666667 0.13840579710144926 0.028333333333333332
0 0.48188405797101447 0.13291666666666666 0.18405797101449275 0.00875
0 0.48188405797101447 0.11625 0.34347826086956523 0.01125
0 0.4826086956521739 0.09083333333333334 0.07173913043478261 0.01375
0 0.9108695652173913 0.15416666666666667 0.14057971014492754 0.028333333333333332
0 0.9108695652173913 0.13291666666666666 0.24130434782608695 0.01125
0 0.9115942028985508 0.11625 0.2847826086956522 0.01125
0 0.9123188405797101 0.09083333333333334 0.0782608695652174 0.01125
0 0.9159420289855073 0.4270833333333333 0.14565217391304347 0.028333333333333332
0 0.9159420289855073 0.4058333333333333 0.5507246376811594 0.01125
0 0.9181159420289855 0.3804166666666667 0.06086956521739131 0.01375
0 1.3398550724637681 0.15416666666666667 0.1463768115942029 0.028333333333333332
0 1.3398550724637681 0.09083333333333334 0.07101449275362319 0.010833333333333334
0 1.3405797101449275 0.11625 0.3159420289855073 0.01125
0 1.3413043478260869 0.13291666666666666 0.24130434782608695 0.01125
