0 0.04420289855072464 0.0125 0.14855072463768115 0.03333333333333333
0 0.05144927536231884 0.4270833333333333 0.15217391304347827 0.028333333333333332
0 0.05144927536231884 0.4058333333333333 0.5340579710144927 0.01125
0 0.05144927536231884 0.3804166666666667 0.060144927536231886 0.01125
0 0.05144927536231884 0.29041666666666666 0.1471014492753623 0.028333333333333332
0 0.05144927536231884 0.2529166666666667 0.34492753623188405 0.01125
0 0.05144927536231884 0.1375 0.1391304347826087 0.028333333333333332
0 0.05289855072463768 0.26958333333333334 0.18478260869565216 0.01125
0 0.05289855072463768 0.22708333333333333 0.06594202898550725 0.01375
0 0.05289855072463768 0.11625 0.5115942028985507 0.01125
0 0.05289855072463768 0.09083333333333334 0.06884057971014493 0.01125
0 0.21014492753623187 0.0125 0.14492753623188406 0.03333333333333333
0 0.372463768115942 0.0125 0.15434782608695652 0.03333333333333333
0 0.4811594202898551 0.29041666666666666 0.1391304347826087 0.028333333333333332
0 0.4811594202898551 0.2529166666666667 0.32028985507246377 0.01125
0 0.48188405797101447 0.26958333333333334 0.2536231884057971 0.01125
0 0.48188405797101447 0.22666666666666666 0.06956521739130435 0.011666666666666667
0 0.9101449275362319 0.22708333333333333 0.07608695652173914 0.01375
0 0.9108695652173913 0.29041666666666666 0.12608695652173912 0.028333333333333332
0 0.9115942028985508 0.26958333333333334 0.2746376811594203 0.01125
0 0.9115942028985508 0.2529166666666667 0.2753623188405797 0.01125
0 0.9159420289855073 0.1375 0.14782608695652175 0.028333333333333332
0 0.9166666666666666 0.11625 0.513768115942029 0.01125
0 0.9181159420289855 0.09083333333333334 0.06956521739130435 0.01375
0 1.3398550724637681 0.29041666666666666 0.14565217391304347 0.028333333333333332
0 1.3398550724637681 0.26958333333333334 0.20579710144927535 0.01125
0 1.3405797101449275 0.22666666666666666 0.06739130434782609 0.014166666666666666
0 1.3413043478260869 0.2529166666666667 0.3159420289855073 0.01125
