0 0.04420289855072464 0.0125 0.1463768115942029 0.03333333333333333
0 0.05144927536231884 0.4270833333333333 0.1463768115942029 0.028333333333333332
0 0.05144927536231884 0.29041666666666666 0.14202898550724638 0.028333333333333332
0 0.05144927536231884 0.1375 0.13405797101449277 0.028333333333333332
0 0.05217391304347826 0.4058333333333333 0.5579710144927537 0.01125
0 0.05217391304347826 0.26958333333333334 0.20507246376811594 0.01125
0 0.05217391304347826 0.11625 0.5695652173913044 0.01125
0 0.05217391304347826 0.09083333333333334 0.06521739130434782 0.01375
0 0.05289855072463768 0.3804166666666667 0.07608695652173914 0.01375
0 0.05289855072463768 0.2529166666666667 0.3318840579710145 0.01125
0 0.05289855072463768 0.22708333333333333 0.08623188405797101 0.01125
0 0.20797101449275363 0.0125 0.13768115942028986 0.03333333333333333
0 0.3630434782608696 0.0125 0.15289855072463768 0.03333333333333333
0 0.4811594202898551 0.29041666666666666 0.15072463768115943 0.028333333333333332
0 0.4811594202898551 0.26958333333333334 0.21884057971014492 0.01125
0 0.4811594202898551 0.2529166666666667 0.3217391304347826 0.01125
0 0.4826086956521739 0.22708333333333333 0.06884057971014493 0.01375
0 0.5333333333333333 0.0125 0.1565217391304348 0.03333333333333333
0 0.7072463768115942 0.0125 0.15869565217391304 0.03333333333333333
0 0.9101449275362319 0.26958333333333334 0.04855072463768116 0.01125
0 0.9108695652173913 0.29041666666666666 0.14130434782608695 0.028333333333333332
0 0.9115942028985508 0.2529166666666667 0.3992753623188406 0.01125
0 0.9123188405797101 0.22708333333333333 0.06884057971014493 0.01375
0 0.9159420289855073 0.4270833333333333 0.15 0.028333333333333332
0 0.9159420289855073 0.3804166666666667 0.059420289855072465 0.01375
0 0.9166666666666666 0.4058333333333333 0.5514492753623188 0.01125
0 1.3398550724637681 0.29041666666666666 0.14057971014492754 0.028333333333333332
0 1.3398550724637681 0.2529166666666667 0.29057971014492756 0.01125
0 1.3405797101449275 0.22666666666666666 0.0782608695652174 0.012083333333333333
0 1.3413043478260869 0.26958333333333334 0.23695652173913043 0.01125
