0 0.04420289855072464 0.0125 0.15289855072463768 0.03333333333333333
0 0.05144927536231884 0.44375 0.14565217391304347 0.028333333333333332
0 0.05144927536231884 0.4225 0.5463768115942029 0.01125
0 0.05144927536231884 0.3070833333333333 0.1565217391304348 0.028333333333333332
0 0.05144927536231884 0.2604166666666667 0.08333333333333333 0.01375
0 0.05144927536231884 0.17083333333333334 0.14565217391304347 0.028333333333333332
0 0.05217391304347826 0.28625 0.5847826086956521 0.01125
0 0.05217391304347826 0.13291666666666666 0.4 0.01125
0 0.05217391304347826 0.11625 0.030434782608695653 0.01125
0 0.05289855072463768 0.39708333333333334 0.06811594202898551 0.01375
0 0.05289855072463768 0.14958333333333335 0.0536231884057971 0.00875
0 0.05289855072463768 0.09083333333333334 0.06666666666666667 0.01375
0 0.2144927536231884 0.0125 0.15507246376811595 0.03333333333333333
0 0.3869565217391304 0.0125 0.15579710144927536 0.03333333333333333
0 0.4811594202898551 0.15416666666666667 0.15144927536231884 0.028333333333333332
0 0.4811594202898551 0.13291666666666666 0.213768115942029 0.01125
0 0.4811594202898551 0.11625 0.31521739130434784 0.01125
0 0.4826086956521739 0.09083333333333334 0.06304347826086956 0.01375
0 0.5601449275362319 0.0125 0.16231884057971013 0.03333333333333333
0 0.7398550724637681 0.0125 0.1673913043478261 0.03333333333333333
0 0.9108695652173913 0.15416666666666667 0.1463768115942029 0.028333333333333332
0 0.9115942028985508 0.13291666666666666 0.263768115942029 0.01125
0 0.9115942028985508 0.11625 0.25 0.01125
0 0.9123188405797101 0.09083333333333334 0.08043478260869565 0.01375
0 0.9159420289855073 0.44375 0.1355072463768116 0.028333333333333332
0 0.9159420289855073 0.39708333333333334 0.08333333333333333 0.01375
0 0.9166666666666666 0.4225 0.5420289855072464 0.01125
0 1.3398550724637681 0.15416666666666667 0.1355072463768116 0.028333333333333332
0 1.3398550724637681 0.13291666666666666 0.24347826086956523 0.01125
0 1.3405797101449275 0.11625 0.2768115942028985 0.01125
0 1.3405797101449275 0.09041666666666667 0.06884057971014493 0.014166666666666666
0 1.3442028985507246 0.09458333333333334 0.017391304347826087 0.0033333333333333335
