0 0.04420289855072464 0.0125 0.14492753623188406 0.03333333333333333
0 0.05144927536231884 0.44375 0.14420289855072463 0.028333333333333332
0 0.05144927536231884 0.4225 0.5268115942028986 0.01125
0 0.05144927536231884 0.29041666666666666 0.12391304347826088 0.028333333333333332
0 0.05144927536231884 0.2529166666666667 0.3355072463768116 0.01125
0 0.05144927536231884 0.1375 0.13695652173913042 0.028333333333333332
0 0.05217391304347826 0.26958333333333334 0.15942028985507245 0.01125
0 0.05217391304347826 0.11625 0.5166666666666667 0.01125
0 0.05289855072463768 0.39708333333333334 0.07318840579710145 0.010833333333333334
0 0.05289855072463768 0.22708333333333333 0.05652173913043478 0.01375
0 0.05289855072463768 0.09083333333333334 0.07318840579710145 0.01375
0 0.20652173913043478 0.0125 0.13333333333333333 0.03333333333333333
0 0.3572463768115942 0.0125 0.13405797101449277 0.03333333333333333
0 0.48043478260869565 0.22708333333333333 0.0644927536231884 0.01375
0 0.4811594202898551 0.29041666666666666 0.15144927536231884 0.028333333333333332
0 0.4811594202898551 0.2529166666666667 0.34130434782608693 0.01125
0 0.48188405797101447 0.26958333333333334 0.12318840579710146 0.00875
0 0.9101449275362319 0.22708333333333333 0.07391304347826087 0.01375
0 0.9108695652173913 0.3070833333333333 0.1318840579710145 0.028333333333333332
0 0.9108695652173913 0.28875 0.10507246376811594 0.00875
0 0.9108695652173913 0.2529166666666667 0.07101449275362319 0.01125
0 0.9115942028985508 0.26958333333333334 0.3398550724637681 0.01125
0 0.9159420289855073 0.44375 0.13405797101449277 0.028333333333333332
0 0.9173913043478261 0.4225 0.5405797101449276 0.01125
0 0.9181159420289855 0.39708333333333334 0.0572463768115942 0.010833333333333334
0 1.3398550724637681 0.29041666666666666 0.15507246376811595 0.028333333333333332
0 1.3398550724637681 0.2529166666666667 0.29927536231884055 0.01125
0 1.3405797101449275 0.26958333333333334 0.23478260869565218 0.01125
0 1.3413043478260869 0.22666666666666666 0.060144927536231886 0.014166666666666666
