0 0.04420289855072464 0.0125 0.15072463768115943 0.03333333333333333
0 0.050724637681159424 0.38916666666666666 0.27608695652173915 0.01125
0 0.050724637681159424 0.11625 0.527536231884058 0.01125
0 0.05144927536231884 0.4270833333333333 0.1427536231884058 0.028333333333333332
0 0.05144927536231884 0.36375 0.0782608695652174 0.01375
0 0.05144927536231884 0.27375 0.1398550724637681 0.028333333333333332
0 0.05144927536231884 0.22708333333333333 0.06304347826086956 0.01125
0 0.05144927536231884 0.1375 0.1492753623188406 0.028333333333333332
0 0.05144927536231884 0.09083333333333334 0.06086956521739131 0.01125
0 0.05217391304347826 0.4058333333333333 0.24057971014492754 0.01125
0 0.05217391304347826 0.2529166666666667 0.5333333333333333 0.01125
0 0.21231884057971015 0.0125 0.14565217391304347 0.03333333333333333
0 0.3753623188405797 0.0125 0.1492753623188406 0.03333333333333333
0 0.4811594202898551 0.4270833333333333 0.14855072463768115 0.028333333333333332
0 0.48188405797101447 0.4058333333333333 0.3181159420289855 0.01125
0 0.48188405797101447 0.38916666666666666 0.20144927536231885 0.01125
0 0.48188405797101447 0.36333333333333334 0.0746376811594203 0.014166666666666666
0 0.5420289855072464 0.0125 0.14565217391304347 0.03333333333333333
0 0.7050724637681159 0.0125 0.1565217391304348 0.03333333333333333
0 0.9101449275362319 0.36375 0.07536231884057971 0.010833333333333334
0 0.9108695652173913 0.44375 0.14492753623188406 0.028333333333333332
0 0.9108695652173913 0.4225 0.10289855072463767 0.01125
0 0.9108695652173913 0.4058333333333333 0.29927536231884055 0.01125
0 0.9115942028985508 0.38916666666666666 0.12391304347826088 0.01125
0 0.9159420289855073 0.1375 0.14492753623188406 0.028333333333333332
0 0.9166666666666666 0.11625 0.5340579710144927 0.01125
0 0.9173913043478261 0.09041666666666667 0.07608695652173914 0.011666666666666667
0 1.3398550724637681 0.4270833333333333 0.13478260869565217 0.028333333333333332
0 1.3405797101449275 0.4058333333333333 0.2072463768115942 0.01125
0 1.3405797101449275 0.38916666666666666 0.286231884057971 0.01125
0 1.3420289855072465 0.36375 0.06521739130434782 0.010833333333333334
