0 0.04420289855072464 0.0125 0.16666666666666666 0.03333333333333333
0 0.05144927536231884 0.4270833333333333 0.12753623188405797 0.028333333333333332
0 0.05144927536231884 0.4058333333333333 0.19420289855072465 0.01125
0 0.05144927536231884 0.27375 0.13623188405797101 0.028333333333333332
0 0.05144927536231884 0.2529166666666667 0.5 0.01125
0 0.05144927536231884 0.1375 0.13623188405797101 0.028333333333333332
0 0.05217391304347826 0.38916666666666666 0.34347826086956523 0.01125
0 0.05217391304347826 0.22666666666666666 0.07028985507246377 0.014166666666666666
0 0.05217391304347826 0.11625 0.5543478260869565 0.01125
0 0.05289855072463768 0.36375 0.08043478260869565 0.01375
0 0.05289855072463768 0.09083333333333334 0.0782608695652174 0.01375
0 0.22826086956521738 0.0125 0.1608695652173913 0.03333333333333333
0 0.40652173913043477 0.0125 0.15434782608695652 0.03333333333333333
0 0.4811594202898551 0.4270833333333333 0.14492753623188406 0.028333333333333332
0 0.4811594202898551 0.38916666666666666 0.34202898550724636 0.01125
0 0.48188405797101447 0.4058333333333333 0.18043478260869567 0.01125
0 0.48188405797101447 0.36333333333333334 0.06159420289855073 0.012083333333333333
0 0.5782608695652174 0.0125 0.1463768115942029 0.03333333333333333
0 0.9108695652173913 0.4270833333333333 0.1471014492753623 0.028333333333333332
0 0.9108695652173913 0.4058333333333333 0.16159420289855073 0.01125
0 0.9108695652173913 0.38916666666666666 0.32971014492753625 0.01125
0 0.9115942028985508 0.36333333333333334 0.08333333333333333 0.012083333333333333
0 0.9159420289855073 0.1375 0.15 0.028333333333333332
0 0.9159420289855073 0.11625 0.5891304347826087 0.01125
0 0.9166666666666666 0.09083333333333334 0.06594202898550725 0.01125
0 1.3398550724637681 0.4270833333333333 0.13768115942028986 0.028333333333333332
0 1.3405797101449275 0.4058333333333333 0.1855072463768116 0.01125
0 1.3405797101449275 0.38916666666666666 0.32753623188405795 0.01125
0 1.3420289855072465 0.36375 0.05 0.01375
