0 0.04420289855072464 0.0125 0.14420289855072463 0.03333333333333333
0 0.05144927536231884 0.4270833333333333 0.13260869565217392 0.028333333333333332
0 0.05144927536231884 0.29041666666666666 0.13768115942028986 0.028333333333333332
0 0.05144927536231884 0.15416666666666667 0.1289855072463768 0.028333333333333332
0 0.05144927536231884 0.09083333333333334 0.060144927536231886 0.010833333333333334
0 0.05217391304347826 0.4058333333333333 0.5224637681159421 0.01125
0 0.05217391304347826 0.26958333333333334 0.5181159420289855 0.01125
0 0.05217391304347826 0.24333333333333335 0.08405797101449275 0.014166666666666666
0 0.05217391304347826 0.13291666666666666 0.3130434782608696 0.01125
0 0.05217391304347826 0.11625 0.22826086956521738 0.01125
0 0.05289855072463768 0.3804166666666667 0.07536231884057971 0.01375
0 0.20579710144927535 0.0125 0.15434782608695652 0.03333333333333333
0 0.377536231884058 0.0125 0.14420289855072463 0.03333333333333333
0 0.4811594202898551 0.15416666666666667 0.11521739130434783 0.028333333333333332
0 0.4811594202898551 0.13291666666666666 0.3159420289855073 0.01125
0 0.4811594202898551 0.11625 0.24420289855072463 0.01125
0 0.4826086956521739 0.09083333333333334 0.07753623188405798 0.01375
0 0.5391304347826087 0.0125 0.1536231884057971 0.03333333333333333
0 0.9108695652173913 0.15416666666666667 0.13623188405797101 0.028333333333333332
0 0.9108695652173913 0.13291666666666666 0.4 0.01125
0 0.9108695652173913 0.11625 0.1282608695652174 0.01125
0 0.9115942028985508 0.09041666666666667 0.06594202898550725 0.011666666666666667
0 0.9159420289855073 0.29041666666666666 0.1427536231884058 0.028333333333333332
0 0.9173913043478261 0.26958333333333334 0.5485507246376812 0.01125
0 0.9181159420289855 0.24375 0.06739130434782609 0.01375
0 1.3398550724637681 0.15416666666666667 0.1427536231884058 0.028333333333333332
0 1.3405797101449275 0.11625 0.16304347826086957 0.01125
0 1.3413043478260869 0.13291666666666666 0.33768115942028987 0.01125
0 1.3420289855072465 0.09083333333333334 0.06666666666666667 0.01375
