0 0.04420289855072464 0.0125 0.16159420289855073 0.03333333333333333
0 0.05144927536231884 0.4270833333333333 0.13333333333333333 0.028333333333333332
0 0.05144927536231884 0.27375 0.14420289855072463 0.028333333333333332
0 0.05144927536231884 0.2529166666666667 0.5492753623188406 0.01125
0 0.05144927536231884 0.22708333333333333 0.07608695652173914 0.010833333333333334
0 0.05144927536231884 0.1375 0.13623188405797101 0.028333333333333332
0 0.05144927536231884 0.11625 0.5217391304347826 0.01125
0 0.05144927536231884 0.09083333333333334 0.08695652173913043 0.010833333333333334
0 0.05289855072463768 0.4058333333333333 0.19782608695652174 0.01125
0 0.05289855072463768 0.38916666666666666 0.34492753623188405 0.01125
0 0.05289855072463768 0.36375 0.0782608695652174 0.01375
0 0.22318840579710145 0.0125 0.16304347826086957 0.03333333333333333
0 0.4036231884057971 0.0125 0.1355072463768116 0.03333333333333333
0 0.48043478260869565 0.38916666666666666 0.30144927536231886 0.01125
0 0.4811594202898551 0.4270833333333333 0.13115942028985508 0.028333333333333332
0 0.48188405797101447 0.4058333333333333 0.24347826086956523 0.01125
0 0.4826086956521739 0.36375 0.06594202898550725 0.01125
0 0.9101449275362319 0.36375 0.06811594202898551 0.010833333333333334
0 0.9108695652173913 0.4270833333333333 0.12753623188405797 0.028333333333333332
0 0.9108695652173913 0.4058333333333333 0.26956521739130435 0.01125
0 0.9115942028985508 0.38916666666666666 0.2463768115942029 0.01125
0 0.9159420289855073 0.27375 0.14057971014492754 0.028333333333333332
0 0.9166666666666666 0.2529166666666667 0.5507246376811594 0.01125
0 0.9173913043478261 0.22666666666666666 0.06811594202898551 0.014166666666666666
0 1.3398550724637681 0.4270833333333333 0.14565217391304347 0.028333333333333332
0 1.3398550724637681 0.4058333333333333 0.20579710144927535 0.01125
0 1.3413043478260869 0.38916666666666666 0.3217391304347826 0.01125
0 1.3413043478260869 0.36333333333333334 0.07681159420289856 0.011666666666666667
