0 0.04420289855072464 0.0125 0.13260869565217392 0.03333333333333333
0 0.05144927536231884 0.4270833333333333 0.13840579710144926 0.028333333333333332
0 0.05144927536231884 0.38916666666666666 0.3188405797101449 0.01125
0 0.05144927536231884 0.27375 0.13695652173913042 0.028333333333333332
0 0.05144927536231884 0.22708333333333333 0.06521739130434782 0.010833333333333334
0 0.05144927536231884 0.1375 0.13043478260869565 0.028333333333333332
0 0.05217391304347826 0.4058333333333333 0.24130434782608695 0.01125
0 0.05217391304347826 0.36333333333333334 0.07608695652173914 0.014166666666666666
0 0.05217391304347826 0.2529166666666667 0.5144927536231884 0.01125
0 0.05289855072463768 0.11625 0.5333333333333333 0.01125
0 0.05289855072463768 0.09083333333333334 0.06521739130434782 0.01375
0 0.05507246376811594 0.36666666666666664 0.017391304347826087 0.004166666666666667
0 0.19420289855072465 0.0125 0.15869565217391304 0.03333333333333333
0 0.37028985507246376 0.0125 0.15 0.03333333333333333
0 0.4811594202898551 0.4270833333333333 0.12753623188405797 0.028333333333333332
0 0.4811594202898551 0.4058333333333333 0.19130434782608696 0.01125
0 0.48188405797101447 0.38916666666666666 0.3471014492753623 0.01125
0 0.4826086956521739 0.36375 0.06739130434782609 0.01375
0 0.9108695652173913 0.4270833333333333 0.1391304347826087 0.028333333333333332
0 0.9108695652173913 0.38916666666666666 0.29057971014492756 0.01125
0 0.9115942028985508 0.4058333333333333 0.26666666666666666 0.01125
0 0.9123188405797101 0.36375 0.07246376811594203 0.010833333333333334
0 0.9159420289855073 0.1375 0.14347826086956522 0.028333333333333332
0 0.9166666666666666 0.11625 0.5224637681159421 0.01125
0 0.9181159420289855 0.09083333333333334 0.060144927536231886 0.01375
0 1.3398550724637681 0.44375 0.11811594202898551 0.028333333333333332
0 1.3398550724637681 0.36375 0.05579710144927536 0.01375
0 1.3405797101449275 0.4058333333333333 0.24347826086956523 0.01125
0 1.3405797101449275 0.38916666666666666 0.12753623188405797 0.01125
0 1.3413043478260869 0.4225 0.1318840579710145 0.01125
