0 0.04420289855072464 0.0125 0.15434782608695652 0.03333333333333333
0 0.05144927536231884 0.29041666666666666 0.16304347826086957 0.028333333333333332
0 0.05144927536231884 0.15416666666666667 0.13333333333333333 0.028333333333333332
0 0.05144927536231884 0.09083333333333334 0.06304347826086956 0.01375
0 0.05217391304347826 0.26958333333333334 0.5717391304347826 0.01125
0 0.05217391304347826 0.13291666666666666 0.22318840579710145 0.01125
0 0.05217391304347826 0.11625 0.2746376811594203 0.01125
0 0.05289855072463768 0.24375 0.05579710144927536 0.01375
0 0.21594202898550724 0.0125 0.1572463768115942 0.03333333333333333
0 0.39057971014492754 0.0125 0.13043478260869565 0.03333333333333333
0 0.4811594202898551 0.15416666666666667 0.1492753623188406 0.028333333333333332
0 0.4811594202898551 0.11625 0.34130434782608693 0.01125
0 0.4811594202898551 0.09083333333333334 0.05507246376811594 0.010833333333333334
0 0.48188405797101447 0.13291666666666666 0.1934782608695652 0.01125
0 0.5384057971014493 0.0125 0.1536231884057971 0.03333333333333333
0 0.7094202898550724 0.0125 0.1289855072463768 0.03333333333333333
0 0.9108695652173913 0.15416666666666667 0.15289855072463768 0.028333333333333332
0 0.9108695652173913 0.13291666666666666 0.1427536231884058 0.01125
0 0.9115942028985508 0.11625 0.34202898550724636 0.01125
0 0.9115942028985508 0.09041666666666667 0.0644927536231884 0.014166666666666666
0 0.9144927536231884 0.09375 0.016666666666666666 0.004166666666666667
0 0.9159420289855073 0.29041666666666666 0.14855072463768115 0.028333333333333332
0 0.9166666666666666 0.26958333333333334 0.5231884057971015 0.01125
0 0.9181159420289855 0.24375 0.07608695652173914 0.01375
0 1.3398550724637681 0.15416666666666667 0.15072463768115943 0.028333333333333332
0 1.3413043478260869 0.13291666666666666 0.27246376811594203 0.01125
0 1.3413043478260869 0.11625 0.2673913043478261 0.01125
0 1.3420289855072465 0.09083333333333334 0.07101449275362319 0.01375
