0 0.04420289855072464 0.0125 0.1572463768115942 0.03333333333333333
0 0.050724637681159424 0.4058333333333333 0.5108695652173914 0.01125
0 0.05144927536231884 0.4270833333333333 0.14782608695652175 0.028333333333333332
0 0.05144927536231884 0.3804166666666667 0.08260869565217391 0.01375
0 0.05144927536231884 0.29041666666666666 0.14202898550724638 0.028333333333333332
0 0.05144927536231884 0.1375 0.14565217391304347 0.028333333333333332
0 0.05217391304347826 0.26958333333333334 0.18115942028985507 0.01125
0 0.05217391304347826 0.2529166666666667 0.322463768115942 0.01125
0 0.05289855072463768 0.22708333333333333 0.06739130434782609 0.01375
0 0.05289855072463768 0.11625 0.527536231884058 0.01125
0 0.05289855072463768 0.09083333333333334 0.07173913043478261 0.010833333333333334
0 0.21884057971014492 0.0125 0.12753623188405797 0.03333333333333333
0 0.4811594202898551 0.29041666666666666 0.1398550724637681 0.028333333333333332
0 0.4811594202898551 0.26958333333333334 0.2528985507246377 0.01125
0 0.4811594202898551 0.2529166666666667 0.2572463768115942 0.01125
0 0.4826086956521739 0.22708333333333333 0.06884057971014493 0.01375
0 0.9101449275362319 0.22708333333333333 0.07681159420289856 0.01125
0 0.9108695652173913 0.29041666666666666 0.15072463768115943 0.028333333333333332
0 0.9108695652173913 0.2529166666666667 0.2942028985507246 0.01125
0 0.9115942028985508 0.26958333333333334 0.23478260869565218 0.01125
0 0.9159420289855073 0.1375 0.1536231884057971 0.028333333333333332
0 0.9166666666666666 0.11625 0.5217391304347826 0.01125
0 0.9166666666666666 0.09083333333333334 0.057971014492753624 0.01375
0 1.3398550724637681 0.29041666666666666 0.14855072463768115 0.028333333333333332
0 1.3405797101449275 0.2529166666666667 0.27246376811594203 0.01125
0 1.3413043478260869 0.26958333333333334 0.2898550724637681 0.01125
0 1.3413043478260869 0.22666666666666666 0.07391304347826087 0.014166666666666666
