0 0.04420289855072464 0.0125 0.15072463768115943 0.03333333333333333
0 0.05144927536231884 0.44375 0.15144927536231884 0.028333333333333332
0 0.05144927536231884 0.4225 0.5420289855072464 0.01125
0 0.05144927536231884 0.3070833333333333 0.1282608695652174 0.028333333333333332
0 0.05144927536231884 0.15416666666666667 0.15507246376811595 0.028333333333333332
0 0.05144927536231884 0.11625 0.31666666666666665 0.01125
0 0.05217391304347826 0.39666666666666667 0.06666666666666667 0.014166666666666666
0 0.05217391304347826 0.28625 0.5427536231884058 0.01125
0 0.05217391304347826 0.13291666666666666 0.2398550724637681 0.01125
0 0.05289855072463768 0.2604166666666667 0.07971014492753623 0.01375
0 0.05289855072463768 0.09083333333333334 0.07536231884057971 0.01375
0 0.05507246376811594 0.4 0.017391304347826087 0.004166666666666667
0 0.21231884057971015 0.0125 0.13840579710144926 0.03333333333333333
0 0.3681159420289855 0.0125 0.15289855072463768 0.03333333333333333
0 0.4811594202898551 0.15416666666666667 0.1463768115942029 0.028333333333333332
0 0.4811594202898551 0.11625 0.2326086956521739 0.01125
0 0.4811594202898551 0.09083333333333334 0.07246376811594203 0.01125
0 0.48188405797101447 0.13291666666666666 0.2942028985507246 0.01125
0 0.5384057971014493 0.0125 0.14782608695652175 0.03333333333333333
0 0.7036231884057971 0.0125 0.13695652173913042 0.03333333333333333
0 0.9108695652173913 0.17083333333333334 0.1289855072463768 0.028333333333333332
0 0.9108695652173913 0.15208333333333332 0.021739130434782608 0.00875
0 0.9115942028985508 0.13291666666666666 0.3384057971014493 0.01125
0 0.9115942028985508 0.11625 0.1608695652173913 0.01125
0 0.9123188405797101 0.09083333333333334 0.07681159420289856 0.01375
0 0.9159420289855073 0.44375 0.14492753623188406 0.028333333333333332
0 0.9166666666666666 0.4225 0.5239130434782608 0.01125
0 0.9181159420289855 0.39708333333333334 0.07608695652173914 0.01125
0 1.3398550724637681 0.15416666666666667 0.14057971014492754 0.028333333333333332
0 1.3398550724637681 0.13291666666666666 0.16376811594202897 0.01125
0 1.3398550724637681 0.11625 0.33695652173913043 0.01125
0 1.3413043478260869 0.09083333333333334 0.07246376811594203 0.01125
