0 0.04420289855072464 0.0125 0.13115942028985508 0.03333333333333333
0 0.05144927536231884 0.4270833333333333 0.14202898550724638 0.028333333333333332
0 0.05144927536231884 0.29041666666666666 0.13623188405797101 0.028333333333333332
0 0.05144927536231884 0.24375 0.06739130434782609 0.01375
0 0.05144927536231884 0.15416666666666667 0.1391304347826087 0.028333333333333332
0 0.05144927536231884 0.11625 0.2811594202898551 0.01125
0 0.05217391304347826 0.4058333333333333 0.5369565217391304 0.01125
0 0.05217391304347826 0.26958333333333334 0.5347826086956522 0.01125
0 0.05289855072463768 0.3804166666666667 0.07753623188405798 0.01375
0 0.05289855072463768 0.13291666666666666 0.2318840579710145 0.01125
0 0.05289855072463768 0.09083333333333334 0.057971014492753624 0.01375
0 0.1927536231884058 0.0125 0.15507246376811595 0.03333333333333333
0 0.48043478260869565 0.13291666666666666 0.1826086956521739 0.01125
0 0.4811594202898551 0.15416666666666667 0.14130434782608695 0.028333333333333332
0 0.4811594202898551 0.11625 0.3427536231884058 0.01125
0 0.48188405797101447 0.09041666666666667 0.0746376811594203 0.011666666666666667
0 0.48478260869565215 0.09375 0.016666666666666666 0.004166666666666667
0 0.9108695652173913 0.15416666666666667 0.12536231884057972 0.028333333333333332
0 0.9108695652173913 0.13291666666666666 0.22753623188405797 0.01125
0 0.9108695652173913 0.11625 0.27246376811594203 0.01125
0 0.9108695652173913 0.09083333333333334 0.07536231884057971 0.01125
0 0.9159420289855073 0.4270833333333333 0.13478260869565217 0.028333333333333332
0 0.9166666666666666 0.4058333333333333 0.518840579710145 0.01125
0 0.9181159420289855 0.3804166666666667 0.08115942028985507 0.01375
0 1.3398550724637681 0.15416666666666667 0.1536231884057971 0.028333333333333332
0 1.3413043478260869 0.13291666666666666 0.1934782608695652 0.01125
0 1.3413043478260869 0.11625 0.34057971014492755 0.01125
0 1.3420289855072465 0.09083333333333334 0.06304347826086956 0.010833333333333334
