0 0.04420289855072464 0.0125 0.16304347826086957 0.03333333333333333
0 0.05144927536231884 0.4270833333333333 0.12753623188405797 0.028333333333333332
0 0.05144927536231884 0.27375 0.1246376811594203 0.028333333333333332
0 0.05144927536231884 0.2529166666666667 0.5528985507246377 0.01125
0 0.05144927536231884 0.1375 0.14420289855072463 0.028333333333333332
0 0.05217391304347826 0.4058333333333333 0.18188405797101448 0.01125
0 0.05217391304347826 0.38916666666666666 0.34130434782608693 0.01125
0 0.05217391304347826 0.11625 0.5115942028985507 0.01125
0 0.05289855072463768 0.36375 0.06956521739130435 0.01375
0 0.05289855072463768 0.22708333333333333 0.07971014492753623 0.010833333333333334
0 0.05289855072463768 0.09083333333333334 0.07318840579710145 0.01125
0 0.2246376811594203 0.0125 0.15289855072463768 0.03333333333333333
0 0.39492753623188404 0.0125 0.15869565217391304 0.03333333333333333
0 0.4811594202898551 0.44375 0.11739130434782609 0.028333333333333332
0 0.4811594202898551 0.4225 0.04492753623188406 0.01125
0 0.4811594202898551 0.38916666666666666 0.12173913043478261 0.01125
0 0.48188405797101447 0.4058333333333333 0.336231884057971 0.01125
0 0.4826086956521739 0.36375 0.0782608695652174 0.01375
0 0.5710144927536231 0.0125 0.15217391304347827 0.03333333333333333
0 0.7405797101449275 0.0125 0.1355072463768116 0.03333333333333333
0 0.9101449275362319 0.4058333333333333 0.2391304347826087 0.01125
0 0.9108695652173913 0.4270833333333333 0.1572463768115942 0.028333333333333332
0 0.9115942028985508 0.38916666666666666 0.26231884057971017 0.01125
0 0.9123188405797101 0.36375 0.07608695652173914 0.010833333333333334
0 0.9159420289855073 0.1375 0.14420289855072463 0.028333333333333332
0 0.9166666666666666 0.11625 0.5057971014492754 0.01125
0 0.9181159420289855 0.09083333333333334 0.06376811594202898 0.01375
0 1.3398550724637681 0.4270833333333333 0.1536231884057971 0.028333333333333332
0 1.3398550724637681 0.36375 0.06231884057971015 0.01375
0 1.3405797101449275 0.4058333333333333 0.34492753623188405 0.01125
0 1.3405797101449275 0.38916666666666666 0.2608695652173913 0.01125
