0 0.04420289855072464 0.0125 0.14782608695652175 0.03333333333333333
0 0.05144927536231884 0.4270833333333333 0.1391304347826087 0.028333333333333332
0 0.05144927536231884 0.29041666666666666 0.1318840579710145 0.028333333333333332
0 0.05144927536231884 0.2529166666666667 0.20652173913043478 0.01125
0 0.05144927536231884 0.1375 0.13405797101449277 0.028333333333333332
0 0.05217391304347826 0.4058333333333333 0.5362318840579711 0.01125
0 0.05217391304347826 0.26958333333333334 0.3471014492753623 0.01125
0 0.05217391304347826 0.11625 0.5094202898550725 0.01125
0 0.05289855072463768 0.3804166666666667 0.06956521739130435 0.01125
0 0.05289855072463768 0.22708333333333333 0.05144927536231884 0.010833333333333334
0 0.05289855072463768 0.09083333333333334 0.07391304347826087 0.01125
0 0.20942028985507247 0.0125 0.14420289855072463 0.03333333333333333
0 0.4811594202898551 0.29041666666666666 0.14202898550724638 0.028333333333333332
0 0.4811594202898551 0.2529166666666667 0.322463768115942 0.01125
0 0.48188405797101447 0.26958333333333334 0.25072463768115943 0.01125
0 0.48188405797101447 0.22666666666666666 0.059420289855072465 0.014166666666666666
0 0.48478260869565215 0.23 0.017391304347826087 0.004166666666666667
0 0.9108695652173913 0.29041666666666666 0.1427536231884058 0.028333333333333332
0 0.9108695652173913 0.26958333333333334 0.23478260869565218 0.01125
0 0.9108695652173913 0.2529166666666667 0.3007246376811594 0.01125
0 0.9123188405797101 0.22708333333333333 0.05652173913043478 0.01375
0 0.9159420289855073 0.1375 0.1289855072463768 0.028333333333333332
0 0.9166666666666666 0.11625 0.513768115942029 0.01125
0 0.9181159420289855 0.09083333333333334 0.057971014492753624 0.01375
0 1.3398550724637681 0.29041666666666666 0.13478260869565217 0.028333333333333332
0 1.3405797101449275 0.26958333333333334 0.21594202898550724 0.01125
0 1.3413043478260869 0.2529166666666667 0.3318840579710145 0.01125
0 1.3420289855072465 0.22708333333333333 0.06739130434782609 0.01375
