0 0.04420289855072464 0.0125 0.13623188405797101 0.03333333333333333
0 0.05144927536231884 0.4270833333333333 0.13695652173913042 0.028333333333333332
0 0.05144927536231884 0.4058333333333333 0.5289855072463768 0.01125
0 0.05144927536231884 0.29041666666666666 0.13043478260869565 0.028333333333333332
0 0.05144927536231884 0.26958333333333334 0.5362318840579711 0.01125
0 0.05144927536231884 0.24375 0.07173913043478261 0.01375
0 0.05144927536231884 0.15416666666666667 0.13478260869565217 0.028333333333333332
0 0.05144927536231884 0.11625 0.3471014492753623 0.01125
0 0.05217391304347826 0.09083333333333334 0.0746376811594203 0.01375
0 0.05289855072463768 0.3804166666666667 0.060144927536231886 0.010833333333333334
0 0.05289855072463768 0.13291666666666666 0.18985507246376812 0.01125
0 0.19782608695652174 0.0125 0.14347826086956522 0.03333333333333333
0 0.358695652173913 0.0125 0.15144927536231884 0.03333333333333333
0 0.4811594202898551 0.15416666666666667 0.13768115942028986 0.028333333333333332
0 0.4811594202898551 0.13291666666666666 0.1782608695652174 0.01125
0 0.4811594202898551 0.11625 0.3398550724637681 0.01125
0 0.4826086956521739 0.09083333333333334 0.07681159420289856 0.01125
0 0.527536231884058 0.0125 0.1572463768115942 0.03333333333333333
0 0.7021739130434783 0.0125 0.15 0.03333333333333333
0 0.9108695652173913 0.15416666666666667 0.1289855072463768 0.028333333333333332
0 0.9108695652173913 0.13291666666666666 0.213768115942029 0.01125
0 0.9108695652173913 0.11625 0.3181159420289855 0.01125
0 0.9123188405797101 0.09083333333333334 0.05507246376811594 0.01375
0 0.9159420289855073 0.4270833333333333 0.14492753623188406 0.028333333333333332
0 0.9159420289855073 0.3804166666666667 0.057971014492753624 0.01375
0 0.9166666666666666 0.4058333333333333 0.5753623188405798 0.01125
0 1.3398550724637681 0.15416666666666667 0.1355072463768116 0.028333333333333332
0 1.3405797101449275 0.13291666666666666 0.21956521739130436 0.01125
0 1.3405797101449275 0.11625 0.33260869565217394 0.01125
0 1.3420289855072465 0.09083333333333334 0.07681159420289856 0.01375
