0 0.04420289855072464 0.0125 0.1471014492753623 0.03333333333333333
0 0.05144927536231884 0.44375 0.11739130434782609 0.028333333333333332
0 0.05144927536231884 0.3070833333333333 0.1289855072463768 0.028333333333333332
0 0.05144927536231884 0.2604166666666667 0.0746376811594203 0.010833333333333334
0 0.05144927536231884 0.15416666666666667 0.13695652173913042 0.028333333333333332
0 0.05144927536231884 0.13291666666666666 0.2594202898550725 0.01125
0 0.05144927536231884 0.11625 0.2688405797101449 0.01125
0 0.05217391304347826 0.28625 0.5362318840579711 0.01125
0 0.05289855072463768 0.4225 0.5340579710144927 0.01125
0 0.05289855072463768 0.39708333333333334 0.07246376811594203 0.01375
0 0.05289855072463768 0.09083333333333334 0.0572463768115942 0.010833333333333334
0 0.20869565217391303 0.0125 0.15579710144927536 0.03333333333333333
0 0.3818840579710145 0.0125 0.14202898550724638 0.03333333333333333
0 0.4811594202898551 0.15416666666666667 0.12753623188405797 0.028333333333333332
0 0.48188405797101447 0.13291666666666666 0.2927536231884058 0.01125
0 0.48188405797101447 0.11625 0.2826086956521739 0.01125
0 0.48188405797101447 0.09041666666666667 0.06159420289855073 0.012083333333333333
0 0.5413043478260869 0.0125 0.14492753623188406 0.03333333333333333
0 0.9108695652173913 0.15416666666666667 0.1398550724637681 0.028333333333333332
0 0.9108695652173913 0.13291666666666666 0.2717391304347826 0.01125
0 0.9108695652173913 0.11625 0.2688405797101449 0.01125
0 0.9123188405797101 0.09083333333333334 0.06666666666666667 0.010833333333333334
0 0.9159420289855073 0.3070833333333333 0.1492753623188406 0.028333333333333332
0 0.9166666666666666 0.28625 0.5601449275362319 0.01125
0 0.9181159420289855 0.2604166666666667 0.07173913043478261 0.010833333333333334
0 1.3398550724637681 0.17083333333333334 0.14130434782608695 0.028333333333333332
0 1.3398550724637681 0.14958333333333335 0.10434782608695652 0.01125
0 1.3398550724637681 0.09083333333333334 0.07246376811594203 0.010833333333333334
0 1.3405797101449275 0.13291666666666666 0.3442028985507246 0.01125
0 1.3405797101449275 0.11625 0.12318840579710146 0.01125
0 1.355072463768116 0.09083333333333334 0.015942028985507246 0.002916666666666667
