0 0.04420289855072464 0.0125 0.13840579710144926 0.03333333333333333
0 0.05144927536231884 0.44375 0.14565217391304347 0.028333333333333332
0 0.05144927536231884 0.4225 0.5057971014492754 0.01125
0 0.05144927536231884 0.29041666666666666 0.1471014492753623 0.028333333333333332
0 0.05144927536231884 0.1375 0.1355072463768116 0.028333333333333332
0 0.05144927536231884 0.11625 0.586231884057971 0.01125
0 0.05217391304347826 0.26958333333333334 0.1855072463768116 0.01125
0 0.05217391304347826 0.2529166666666667 0.32318840579710145 0.01125
0 0.05289855072463768 0.39708333333333334 0.06811594202898551 0.010833333333333334
0 0.05289855072463768 0.22708333333333333 0.06739130434782609 0.010833333333333334
0 0.05289855072463768 0.09083333333333334 0.07898550724637682 0.01125
0 0.2 0.0125 0.15942028985507245 0.03333333333333333
0 0.37681159420289856 0.0125 0.15144927536231884 0.03333333333333333
0 0.4811594202898551 0.3070833333333333 0.14492753623188406 0.028333333333333332
0 0.4811594202898551 0.28875 0.030434782608695653 0.00875
0 0.4811594202898551 0.26958333333333334 0.32028985507246377 0.01125
0 0.4811594202898551 0.2529166666666667 0.2318840579710145 0.01125
0 0.4826086956521739 0.22708333333333333 0.06811594202898551 0.01125
0 0.5456521739130434 0.0125 0.16014492753623188 0.03333333333333333
0 0.7231884057971014 0.0125 0.15579710144927536 0.03333333333333333
0 0.9108695652173913 0.29041666666666666 0.1282608695652174 0.028333333333333332
0 0.9108695652173913 0.2529166666666667 0.3442028985507246 0.00875
0 0.9108695652173913 0.22708333333333333 0.05434782608695652 0.01375
0 0.9115942028985508 0.26958333333333334 0.1681159420289855 0.01125
0 0.9159420289855073 0.44375 0.14565217391304347 0.028333333333333332
0 0.9166666666666666 0.4225 0.5384057971014493 0.01125
0 0.9166666666666666 0.39708333333333334 0.07608695652173914 0.01375
0 1.3398550724637681 0.29041666666666666 0.15072463768115943 0.028333333333333332
0 1.3398550724637681 0.22708333333333333 0.0536231884057971 0.010833333333333334
0 1.3405797101449275 0.2529166666666667 0.33115942028985507 0.01125
0 1.3413043478260869 0.26958333333333334 0.13333333333333333 0.01125
