0 0.04420289855072464 0.0125 0.1391304347826087 0.03333333333333333
0 0.05144927536231884 0.4270833333333333 0.1463768115942029 0.028333333333333332
0 0.05144927536231884 0.29041666666666666 0.14420289855072463 0.028333333333333332
0 0.05144927536231884 0.26958333333333334 0.23768115942028986 0.01125
0 0.05144927536231884 0.1375 0.1289855072463768 0.028333333333333332
0 0.05144927536231884 0.11625 0.55 0.01125
0 0.05144927536231884 0.09083333333333334 0.08043478260869565 0.01125
0 0.05217391304347826 0.2529166666666667 0.33260869565217394 0.01125
0 0.05289855072463768 0.4058333333333333 0.5217391304347826 0.01125
0 0.05289855072463768 0.3804166666666667 0.07898550724637682 0.01375
0 0.05289855072463768 0.22708333333333333 0.07101449275362319 0.01375
0 0.20072463768115942 0.0125 0.14057971014492754 0.03333333333333333
0 0.358695652173913 0.0125 0.14130434782608695 0.03333333333333333
0 0.4811594202898551 0.29041666666666666 0.13695652173913042 0.028333333333333332
0 0.48188405797101447 0.26958333333333334 0.19782608695652174 0.01125
0 0.48188405797101447 0.2529166666666667 0.3282608695652174 0.01125
0 0.48188405797101447 0.22666666666666666 0.07101449275362319 0.011666666666666667
0 0.5173913043478261 0.0125 0.15797101449275364 0.03333333333333333
0 0.9101449275362319 0.22708333333333333 0.0746376811594203 0.01375
0 0.9108695652173913 0.29041666666666666 0.13333333333333333 0.028333333333333332
0 0.9108695652173913 0.2529166666666667 0.28840579710144926 0.01125
0 0.9115942028985508 0.26958333333333334 0.2855072463768116 0.01125
0 0.9159420289855073 0.1375 0.1318840579710145 0.028333333333333332
0 0.9166666666666666 0.11625 0.5594202898550724 0.01125
0 0.9181159420289855 0.09083333333333334 0.06304347826086956 0.01375
0 1.3398550724637681 0.29041666666666666 0.1318840579710145 0.028333333333333332
0 1.3405797101449275 0.26958333333333334 0.21304347826086956 0.01125
0 1.3413043478260869 0.2529166666666667 0.3217391304347826 0.01125
0 1.3413043478260869 0.22666666666666666 0.07536231884057971 0.014166666666666666
