0 0.04420289855072464 0.0125 0.13768115942028986 0.03333333333333333
0 0.05144927536231884 0.44375 0.16666666666666666 0.028333333333333332
0 0.05144927536231884 0.4058333333333333 0.29130434782608694 0.01125
0 0.05144927536231884 0.38916666666666666 0.19782608695652174 0.01125
0 0.05144927536231884 0.27375 0.15434782608695652 0.028333333333333332
0 0.05144927536231884 0.1375 0.14202898550724638 0.028333333333333332
0 0.05144927536231884 0.09083333333333334 0.08043478260869565 0.010833333333333334
0 0.05217391304347826 0.4225 0.07971014492753623 0.00875
0 0.05217391304347826 0.36333333333333334 0.07101449275362319 0.014166666666666666
0 0.05217391304347826 0.2529166666666667 0.5224637681159421 0.01125
0 0.05217391304347826 0.22666666666666666 0.0536231884057971 0.014166666666666666
0 0.05289855072463768 0.11625 0.5376811594202898 0.01125
0 0.19927536231884058 0.0125 0.15 0.03333333333333333
0 0.36666666666666664 0.0125 0.1471014492753623 0.03333333333333333
0 0.4811594202898551 0.4270833333333333 0.14130434782608695 0.028333333333333332
0 0.4811594202898551 0.38916666666666666 0.2579710144927536 0.01125
0 0.48188405797101447 0.4058333333333333 0.30289855072463767 0.01125
0 0.48188405797101447 0.36333333333333334 0.07173913043478261 0.014166666666666666
0 0.5311594202898551 0.0125 0.16231884057971013 0.03333333333333333
0 0.7108695652173913 0.0125 0.15144927536231884 0.03333333333333333
0 0.9108695652173913 0.4270833333333333 0.1463768115942029 0.028333333333333332
0 0.9115942028985508 0.4058333333333333 0.23043478260869565 0.01125
0 0.9115942028985508 0.38916666666666666 0.2927536231884058 0.01125
0 0.9123188405797101 0.36375 0.06956521739130435 0.01375
0 0.9159420289855073 0.1375 0.14565217391304347 0.028333333333333332
0 0.9173913043478261 0.11625 0.4920289855072464 0.01125
0 0.9173913043478261 0.09041666666666667 0.06594202898550725 0.014166666666666666
0 0.9202898550724637 0.09375 0.016666666666666666 0.004166666666666667
0 1.3398550724637681 0.4270833333333333 0.1318840579710145 0.028333333333333332
0 1.3405797101449275 0.4058333333333333 0.20869565217391303 0.01125
0 1.3413043478260869 0.38916666666666666 0.31231884057971016 0.01125
0 1.3420289855072465 0.36375 0.05652173913043478 0.010833333333333334
