0 0.04420289855072464 0.0125 0.14130434782608695 0.03333333333333333
0 0.05144927536231884 0.4270833333333333 0.1463768115942029 0.028333333333333332
0 0.05144927536231884 0.38916666666666666 0.32608695652173914 0.01125
0 0.05144927536231884 0.27375 0.13623188405797101 0.028333333333333332
0 0.05144927536231884 0.22708333333333333 0.06811594202898551 0.01375
0 0.05144927536231884 0.1375 0.14492753623188406 0.028333333333333332
0 0.05144927536231884 0.09083333333333334 0.07246376811594203 0.010833333333333334
0 0.05217391304347826 0.4058333333333333 0.22028985507246376 0.01125
0 0.05217391304347826 0.2529166666666667 0.5173913043478261 0.01125
0 0.05289855072463768 0.36375 0.06086956521739131 0.01375
0 0.05289855072463768 0.11625 0.5804347826086956 0.01125
0 0.2028985507246377 0.0125 0.15507246376811595 0.03333333333333333
0 0.3753623188405797 0.0125 0.1427536231884058 0.03333333333333333
0 0.48043478260869565 0.38916666666666666 0.13260869565217392 0.01125
0 0.4811594202898551 0.44375 0.13840579710144926 0.028333333333333332
0 0.4811594202898551 0.4058333333333333 0.3289855072463768 0.01125
0 0.48188405797101447 0.4225 0.042753623188405795 0.01125
0 0.4826086956521739 0.36375 0.07536231884057971 0.01375
0 0.5355072463768116 0.0125 0.1572463768115942 0.03333333333333333
0 0.9101449275362319 0.38916666666666666 0.13478260869565217 0.01125
0 0.9108695652173913 0.44375 0.14782608695652175 0.028333333333333332
0 0.9115942028985508 0.4225 0.11811594202898551 0.01125
0 0.9115942028985508 0.4058333333333333 0.2971014492753623 0.01125
0 0.9123188405797101 0.36375 0.07246376811594203 0.01375
0 0.9159420289855073 0.1375 0.1289855072463768 0.028333333333333332
0 0.9166666666666666 0.09041666666666667 0.07318840579710145 0.011666666666666667
0 0.9173913043478261 0.11625 0.5579710144927537 0.01125
0 1.3398550724637681 0.4270833333333333 0.14855072463768115 0.028333333333333332
0 1.3398550724637681 0.38916666666666666 0.2876811594202899 0.01125
0 1.3405797101449275 0.4058333333333333 0.22536231884057972 0.01125
0 1.3413043478260869 0.36333333333333334 0.06811594202898551 0.011666666666666667
