0 0.04420289855072464 0.0125 0.15217391304347827 0.03333333333333333
0 0.05144927536231884 0.4270833333333333 0.1355072463768116 0.028333333333333332
0 0.05144927536231884 0.36375 0.08188405797101449 0.01375
0 0.05144927536231884 0.27375 0.14347826086956522 0.028333333333333332
0 0.05144927536231884 0.22708333333333333 0.06666666666666667 0.010833333333333334
0 0.05144927536231884 0.1375 0.1536231884057971 0.028333333333333332
0 0.05144927536231884 0.11625 0.5224637681159421 0.01125
0 0.05217391304347826 0.4058333333333333 0.2644927536231884 0.01125
0 0.05217391304347826 0.38916666666666666 0.24347826086956523 0.01125
0 0.05217391304347826 0.2529166666666667 0.5115942028985507 0.01125
0 0.05289855072463768 0.09083333333333334 0.05434782608695652 0.01375
0 0.213768115942029 0.0125 0.15289855072463768 0.03333333333333333
0 0.38405797101449274 0.0125 0.16304347826086957 0.03333333333333333
0 0.4811594202898551 0.4270833333333333 0.12028985507246377 0.028333333333333332
0 0.4811594202898551 0.4058333333333333 0.2942028985507246 0.01125
0 0.4811594202898551 0.38916666666666666 0.24347826086956523 0.01125
0 0.4826086956521739 0.36375 0.07173913043478261 0.01375
0 0.5644927536231884 0.0125 0.15507246376811595 0.03333333333333333
0 0.7369565217391304 0.0125 0.1471014492753623 0.03333333333333333
0 0.9108695652173913 0.4270833333333333 0.1355072463768116 0.028333333333333332
0 0.9108695652173913 0.4058333333333333 0.2855072463768116 0.01125
0 0.9108695652173913 0.38916666666666666 0.2847826086956522 0.01125
0 0.9123188405797101 0.36375 0.05579710144927536 0.010833333333333334
0 0.9159420289855073 0.27375 0.13623188405797101 0.028333333333333332
0 0.9166666666666666 0.2529166666666667 0.5210144927536232 0.01125
0 0.9166666666666666 0.22708333333333333 0.08188405797101449 0.01375
0 1.3398550724637681 0.4270833333333333 0.13695652173913042 0.028333333333333332
0 1.3405797101449275 0.36333333333333334 0.08550724637681159 0.012083333333333333
0 1.3413043478260869 0.4058333333333333 0.2543478260869565 0.01125
0 1.3413043478260869 0.38916666666666666 0.2920289855072464 0.01125
