0 0.04420289855072464 0.0125 0.14565217391304347 0.03333333333333333
0 0.05144927536231884 0.44375 0.15144927536231884 0.028333333333333332
0 0.05144927536231884 0.4225 0.48478260869565215 0.01125
0 0.05144927536231884 0.39708333333333334 0.07391304347826087 0.01375
0 0.05144927536231884 0.3070833333333333 0.15434782608695652 0.028333333333333332
0 0.05144927536231884 0.28625 0.0536231884057971 0.00875
0 0.05144927536231884 0.1375 0.13695652173913042 0.028333333333333332
0 0.05217391304347826 0.26958333333333334 0.3427536231884058 0.01125
0 0.05217391304347826 0.11625 0.5333333333333333 0.01125
0 0.05289855072463768 0.2529166666666667 0.14057971014492754 0.01125
0 0.05289855072463768 0.22708333333333333 0.08260869565217391 0.010833333333333334
0 0.05289855072463768 0.09083333333333334 0.07608695652173914 0.01375
0 0.2072463768115942 0.0125 0.1463768115942029 0.03333333333333333
0 0.3710144927536232 0.0125 0.14855072463768115 0.03333333333333333
0 0.4811594202898551 0.29041666666666666 0.13260869565217392 0.028333333333333332
0 0.4811594202898551 0.2529166666666667 0.3355072463768116 0.01125
0 0.48188405797101447 0.26958333333333334 0.23695652173913043 0.01125
0 0.4826086956521739 0.22708333333333333 0.07391304347826087 0.010833333333333334
0 0.7630434782608696 0.5266666666666666 0.2144927536231884 0.01125
0 0.9108695652173913 0.29041666666666666 0.15579710144927536 0.028333333333333332
0 0.9108695652173913 0.2529166666666667 0.34130434782608693 0.01125
0 0.9115942028985508 0.26958333333333334 0.20072463768115942 0.01125
0 0.9123188405797101 0.22708333333333333 0.06811594202898551 0.01375
0 0.9159420289855073 0.44375 0.13478260869565217 0.028333333333333332
0 0.9173913043478261 0.4225 0.5572463768115942 0.01125
0 0.9181159420289855 0.39708333333333334 0.06956521739130435 0.01375
0 1.3398550724637681 0.3070833333333333 0.1398550724637681 0.028333333333333332
0 1.3398550724637681 0.26958333333333334 0.22826086956521738 0.01125
0 1.3405797101449275 0.28625 0.12971014492753624 0.01125
0 1.3405797101449275 0.2529166666666667 0.1934782608695652 0.01125
0 1.3420289855072465 0.22708333333333333 0.06739130434782609 0.01375
