0 0.04420289855072464 0.0125 0.1471014492753623 0.03333333333333333
0 0.05144927536231884 0.29041666666666666 0.13768115942028986 0.028333333333333332
0 0.05144927536231884 0.26958333333333334 0.28043478260869564 0.01125
0 0.05144927536231884 0.1375 0.14347826086956522 0.028333333333333332
0 0.05217391304347826 0.2529166666666667 0.26811594202898553 0.01125
0 0.05289855072463768 0.22708333333333333 0.0746376811594203 0.01375
0 0.05289855072463768 0.11625 0.5391304347826087 0.01125
0 0.05289855072463768 0.09083333333333334 0.07391304347826087 0.010833333333333334
0 0.20869565217391303 0.0125 0.1398550724637681 0.03333333333333333
0 0.36594202898550726 0.0125 0.1391304347826087 0.03333333333333333
0 0.48043478260869565 0.26958333333333334 0.22391304347826088 0.01125
0 0.4811594202898551 0.29041666666666666 0.1463768115942029 0.028333333333333332
0 0.4811594202898551 0.2529166666666667 0.29927536231884055 0.01125
0 0.4811594202898551 0.22708333333333333 0.06884057971014493 0.01375
0 0.5224637681159421 0.0125 0.15579710144927536 0.03333333333333333
0 0.9101449275362319 0.22708333333333333 0.07028985507246377 0.01375
0 0.9108695652173913 0.29041666666666666 0.1565217391304348 0.028333333333333332
0 0.9108695652173913 0.26958333333333334 0.2891304347826087 0.01125
0 0.9108695652173913 0.2529166666666667 0.22681159420289856 0.01125
0 1.3398550724637681 0.29041666666666666 0.1427536231884058 0.028333333333333332
0 1.3405797101449275 0.2529166666666667 0.23550724637681159 0.01125
0 1.3413043478260869 0.26958333333333334 0.3094202898550725 0.01125
0 1.3420289855072465 0.22708333333333333 0.05507246376811594 0.01125
