0 0.04420289855072464 0.0125 0.16376811594202897 0.03333333333333333
0 0.05144927536231884 0.15416666666666667 0.14420289855072463 0.028333333333333332
0 0.05144927536231884 0.11625 0.2710144927536232 0.01125
0 0.05217391304347826 0.13291666666666666 0.26811594202898553 0.01125
0 0.05289855072463768 0.09083333333333334 0.08115942028985507 0.01375
0 0.22536231884057972 0.0125 0.1565217391304348 0.03333333333333333
0 0.3992753623188406 0.0125 0.1391304347826087 0.03333333333333333
0 0.4811594202898551 0.15416666666666667 0.1355072463768116 0.028333333333333332
0 0.4811594202898551 0.13291666666666666 0.21739130434782608 0.01125
0 0.48188405797101447 0.11625 0.34057971014492755 0.01125
0 0.4826086956521739 0.09083333333333334 0.08768115942028985 0.010833333333333334
0 0.9108695652173913 0.15416666666666667 0.13333333333333333 0.028333333333333332
0 0.9108695652173913 0.11625 0.3463768115942029 0.01125
0 0.9115942028985508 0.13291666666666666 0.16884057971014493 0.01125
0 0.9123188405797101 0.09083333333333334 0.07753623188405798 0.01375
0 1.3398550724637681 0.15416666666666667 0.14130434782608695 0.028333333333333332
0 1.3398550724637681 0.13291666666666666 0.23405797101449274 0.01125
0 1.3405797101449275 0.11625 0.2971014492753623 0.01125
0 1.3420289855072465 0.09083333333333334 0.057971014492753624 0.010833333333333334
