0 0.04420289855072464 0.0125 0.13405797101449277 0.03333333333333333
0 0.05144927536231884 0.4270833333333333 0.15 0.028333333333333332
0 0.05144927536231884 0.27375 0.14565217391304347 0.028333333333333332
0 0.05144927536231884 0.22708333333333333 0.0463768115942029 0.01375
0 0.05144927536231884 0.1375 0.14855072463768115 0.028333333333333332
0 0.05217391304347826 0.38916666666666666 0.2782608695652174 0.01125
0 0.05217391304347826 0.11625 0.4963768115942029 0.01125
0 0.05289855072463768 0.4058333333333333 0.25507246376811593 0.01125
0 0.05289855072463768 0.36375 0.07681159420289856 0.010833333333333334
0 0.05289855072463768 0.2529166666666667 0.5159420289855072 0.01125
0 0.05289855072463768 0.09083333333333334 0.050724637681159424 0.01375
0 0.1956521739130435 0.0125 0.14855072463768115 0.03333333333333333
0 0.4811594202898551 0.4270833333333333 0.12753623188405797 0.028333333333333332
0 0.48188405797101447 0.4058333333333333 0.22536231884057972 0.01125
0 0.48188405797101447 0.38916666666666666 0.3130434782608696 0.01125
0 0.4826086956521739 0.36375 0.07318840579710145 0.01375
0 0.9101449275362319 0.4225 0.17608695652173914 0.01125
0 0.9108695652173913 0.44375 0.12536231884057972 0.028333333333333332
0 0.9108695652173913 0.4058333333333333 0.17681159420289855 0.01125
0 0.9115942028985508 0.38916666666666666 0.21159420289855072 0.01125
0 0.9123188405797101 0.36375 0.06666666666666667 0.01375
0 0.9159420289855073 0.27375 0.15289855072463768 0.028333333333333332
0 0.9166666666666666 0.2529166666666667 0.5579710144927537 0.01125
0 0.9166666666666666 0.22666666666666666 0.058695652173913045 0.011666666666666667
0 1.3398550724637681 0.4270833333333333 0.14565217391304347 0.028333333333333332
0 1.3405797101449275 0.38916666666666666 0.20144927536231885 0.01125
0 1.3413043478260869 0.4058333333333333 0.3471014492753623 0.01125
0 1.3420289855072465 0.36375 0.07608695652173914 0.01375
