0 0.04420289855072464 0.0125 0.15217391304347827 0.03333333333333333
0 0.05144927536231884 0.46041666666666664 0.14782608695652175 0.028333333333333332
0 0.05144927536231884 0.39708333333333334 0.08695652173913043 0.010833333333333334
0 0.05144927536231884 0.29041666666666666 0.15 0.028333333333333332
0 0.05144927536231884 0.1375 0.13260869565217392 0.028333333333333332
0 0.05217391304347826 0.4225 0.20942028985507247 0.01125
0 0.05217391304347826 0.26958333333333334 0.20507246376811594 0.01125
0 0.05217391304347826 0.2529166666666667 0.30579710144927535 0.01125
0 0.05217391304347826 0.11625 0.5557971014492754 0.01125
0 0.05289855072463768 0.43916666666666665 0.336231884057971 0.01125
0 0.05289855072463768 0.22708333333333333 0.0782608695652174 0.01375
0 0.05289855072463768 0.09083333333333334 0.07173913043478261 0.01375
0 0.213768115942029 0.0125 0.14057971014492754 0.03333333333333333
0 0.3717391304347826 0.0125 0.1565217391304348 0.03333333333333333
0 0.4811594202898551 0.46041666666666664 0.1391304347826087 0.028333333333333332
0 0.4811594202898551 0.43916666666666665 0.13405797101449277 0.01125
0 0.4811594202898551 0.4225 0.3869565217391304 0.01125
0 0.4811594202898551 0.29041666666666666 0.13768115942028986 0.028333333333333332
0 0.4811594202898551 0.2529166666666667 0.3282608695652174 0.01125
0 0.48188405797101447 0.26958333333333334 0.20072463768115942 0.01125
0 0.4826086956521739 0.39708333333333334 0.06739130434782609 0.01375
0 0.4826086956521739 0.22708333333333333 0.06086956521739131 0.01375
0 0.5456521739130434 0.0125 0.1471014492753623 0.03333333333333333
0 0.7101449275362319 0.0125 0.1398550724637681 0.03333333333333333
0 0.9101449275362319 0.39708333333333334 0.06159420289855073 0.010833333333333334
0 0.9108695652173913 0.46041666666666664 0.12608695652173912 0.028333333333333332
0 0.9108695652173913 0.4225 0.28695652173913044 0.01125
0 0.9108695652173913 0.29041666666666666 0.15579710144927536 0.028333333333333332
0 0.9108695652173913 0.2529166666666667 0.2289855072463768 0.01125
0 0.9115942028985508 0.43916666666666665 0.2565217391304348 0.01125
0 0.9115942028985508 0.26958333333333334 0.3398550724637681 0.01125
0 0.9115942028985508 0.22666666666666666 0.07173913043478261 0.014166666666666666
0 0.9144927536231884 0.23083333333333333 0.018115942028985508 0.0033333333333333335
0 1.3398550724637681 0.46041666666666664 0.13840579710144926 0.028333333333333332
0 1.3398550724637681 0.3070833333333333 0.15217391304347827 0.028333333333333332
0 1.3398550724637681 0.22708333333333333 0.06811594202898551 0.010833333333333334
0 1.3405797101449275 0.43916666666666665 0.1782608695652174 0.01125
0 1.3405797101449275 0.4225 0.3536231884057971 0.01125
0 1.3405797101449275 0.28625 0.1036231884057971 0.01125
0 1.3405797101449275 0.2529166666666667 0.13768115942028986 0.01125
0 1.3413043478260869 0.26958333333333334 0.3079710144927536 0.01125
0 1.3420289855072465 0.39708333333333334 0.06376811594202898 0.010833333333333334
