0 0.04420289855072464 0.0125 0.1536231884057971 0.03333333333333333
0 0.05144927536231884 0.1375 0.13768115942028986 0.028333333333333332
0 0.05144927536231884 0.11625 0.5818840579710145 0.01125
0 0.05144927536231884 0.09083333333333334 0.07536231884057971 0.01375
0 0.21521739130434783 0.0125 0.15579710144927536 0.03333333333333333
0 0.3884057971014493 0.0125 0.14492753623188406 0.03333333333333333
0 0.9159420289855073 0.1375 0.1355072463768116 0.028333333333333332
0 0.9173913043478261 0.11625 0.5528985507246377 0.01125
0 0.9173913043478261 0.09041666666666667 0.08260869565217391 0.011666666666666667
0 0.9202898550724637 0.09375 0.016666666666666666 0.004166666666666667
