0 0.04420289855072464 0.0125 0.1673913043478261 0.03333333333333333
0 0.05144927536231884 0.4270833333333333 0.14057971014492754 0.028333333333333332
0 0.05144927536231884 0.4058333333333333 0.5318840579710145 0.01125
0 0.05144927536231884 0.3804166666666667 0.07028985507246377 0.01125
0 0.05144927536231884 0.29041666666666666 0.1427536231884058 0.028333333333333332
0 0.05144927536231884 0.15416666666666667 0.1355072463768116 0.028333333333333332
0 0.05144927536231884 0.13291666666666666 0.2818840579710145 0.01125
0 0.05217391304347826 0.26958333333333334 0.5347826086956522 0.01125
0 0.05217391304347826 0.24333333333333335 0.07391304347826087 0.014166666666666666
0 0.05217391304347826 0.11625 0.21594202898550724 0.01125
0 0.05217391304347826 0.09041666666666667 0.06521739130434782 0.014166666666666666
0 0.05507246376811594 0.24666666666666667 0.017391304347826087 0.004166666666666667
0 0.2289855072463768 0.0125 0.14130434782608695 0.03333333333333333
0 0.4811594202898551 0.15416666666666667 0.13768115942028986 0.028333333333333332
0 0.48188405797101447 0.13291666666666666 0.2398550724637681 0.01125
0 0.48188405797101447 0.11625 0.2985507246376812 0.01125
0 0.48188405797101447 0.09041666666666667 0.07246376811594203 0.011666666666666667
0 0.9101449275362319 0.09083333333333334 0.06811594202898551 0.01375
0 0.9108695652173913 0.15416666666666667 0.1355072463768116 0.028333333333333332
0 0.9108695652173913 0.13291666666666666 0.1673913043478261 0.01125
0 0.9115942028985508 0.11625 0.3282608695652174 0.01125
0 0.9159420289855073 0.4270833333333333 0.15797101449275364 0.028333333333333332
0 0.9159420289855073 0.3804166666666667 0.08478260869565217 0.01375
0 0.9166666666666666 0.4058333333333333 0.5601449275362319 0.01125
0 1.3398550724637681 0.15416666666666667 0.12608695652173912 0.028333333333333332
0 1.3398550724637681 0.13291666666666666 0.1673913043478261 0.01125
0 1.3405797101449275 0.11625 0.34202898550724636 0.01125
0 1.3413043478260869 0.09083333333333334 0.06304347826086956 0.01375
