0 0.04420289855072464 0.0125 0.15072463768115943 0.03333333333333333
0 0.05144927536231884 0.4270833333333333 0.13623188405797101 0.028333333333333332
0 0.05144927536231884 0.29041666666666666 0.14347826086956522 0.028333333333333332
0 0.05144927536231884 0.26958333333333334 0.2717391304347826 0.01125
0 0.05144927536231884 0.22708333333333333 0.07318840579710145 0.010833333333333334
0 0.05144927536231884 0.1375 0.14420289855072463 0.028333333333333332
0 0.05144927536231884 0.09083333333333334 0.07536231884057971 0.01375
0 0.05217391304347826 0.4058333333333333 0.5260869565217391 0.01125
0 0.05217391304347826 0.2529166666666667 0.27898550724637683 0.01125
0 0.05289855072463768 0.3804166666666667 0.06884057971014493 0.01375
0 0.05289855072463768 0.11625 0.5601449275362319 0.01125
0 0.21231884057971015 0.0125 0.14347826086956522 0.03333333333333333
0 0.4811594202898551 0.29041666666666666 0.13333333333333333 0.028333333333333332
0 0.4811594202898551 0.26958333333333334 0.2028985507246377 0.01125
0 0.4811594202898551 0.2529166666666667 0.27898550724637683 0.01125
0 0.4811594202898551 0.22708333333333333 0.06956521739130435 0.01375
0 0.7630434782608696 0.51 0.2144927536231884 0.01125
0 0.9108695652173913 0.29041666666666666 0.1427536231884058 0.028333333333333332
0 0.9108695652173913 0.26958333333333334 0.22753623188405797 0.01125
0 0.9115942028985508 0.2529166666666667 0.31376811594202897 0.01125
0 0.9115942028985508 0.22666666666666666 0.07608695652173914 0.014166666666666666
0 0.9159420289855073 0.1375 0.14130434782608695 0.028333333333333332
0 0.9166666666666666 0.11625 0.5260869565217391 0.01125
0 0.9181159420289855 0.09083333333333334 0.06521739130434782 0.01375
0 1.3398550724637681 0.29041666666666666 0.1391304347826087 0.028333333333333332
0 1.3398550724637681 0.26958333333333334 0.22608695652173913 0.01125
0 1.3398550724637681 0.2529166666666667 0.2826086956521739 0.01125
0 1.3420289855072465 0.22708333333333333 0.0782608695652174 0.01375
