0 0.04420289855072464 0.0125 0.1471014492753623 0.03333333333333333
0 0.05144927536231884 0.4270833333333333 0.14420289855072463 0.028333333333333332
0 0.05144927536231884 0.4058333333333333 0.5304347826086957 0.01125
0 0.05144927536231884 0.29041666666666666 0.13405797101449277 0.028333333333333332
0 0.05144927536231884 0.26958333333333334 0.5579710144927537 0.01125
0 0.05144927536231884 0.15416666666666667 0.16304347826086957 0.028333333333333332
0 0.05144927536231884 0.13291666666666666 0.2514492753623188 0.01125
0 0.05217391304347826 0.11625 0.3108695652173913 0.01125
0 0.05289855072463768 0.3804166666666667 0.07318840579710145 0.01125
0 0.05289855072463768 0.24375 0.07101449275362319 0.01375
0 0.05289855072463768 0.09083333333333334 0.06811594202898551 0.01375
0 0.20869565217391303 0.0125 0.1536231884057971 0.03333333333333333
0 0.4811594202898551 0.15416666666666667 0.1391304347826087 0.028333333333333332
0 0.4811594202898551 0.13291666666666666 0.17101449275362318 0.01125
0 0.4811594202898551 0.11625 0.3217391304347826 0.01125
0 0.4826086956521739 0.09083333333333334 0.05507246376811594 0.010833333333333334
0 0.9108695652173913 0.15416666666666667 0.11521739130434783 0.028333333333333332
0 0.9115942028985508 0.13291666666666666 0.23478260869565218 0.01125
0 0.9115942028985508 0.11625 0.30869565217391304 0.01125
0 0.9123188405797101 0.09083333333333334 0.07173913043478261 0.01375
0 0.9159420289855073 0.29041666666666666 0.14202898550724638 0.028333333333333332
0 0.9166666666666666 0.26958333333333334 0.5463768115942029 0.01125
0 0.9181159420289855 0.24375 0.06811594202898551 0.01125
0 1.3398550724637681 0.15416666666666667 0.16014492753623188 0.028333333333333332
0 1.3398550724637681 0.13291666666666666 0.26666666666666666 0.01125
0 1.3405797101449275 0.11625 0.2797101449275362 0.01125
0 1.3413043478260869 0.09041666666666667 0.07608695652173914 0.014166666666666666
