0 0.04420289855072464 0.0125 0.15434782608695652 0.03333333333333333
0 0.05144927536231884 0.44375 0.14130434782608695 0.028333333333333332
0 0.05144927536231884 0.4225 0.5579710144927537 0.01125
0 0.05144927536231884 0.3070833333333333 0.15942028985507245 0.028333333333333332
0 0.05144927536231884 0.2604166666666667 0.058695652173913045 0.010833333333333334
0 0.05144927536231884 0.15416666666666667 0.1398550724637681 0.028333333333333332
0 0.05217391304347826 0.39666666666666667 0.06884057971014493 0.012083333333333333
0 0.05217391304347826 0.11625 0.28405797101449276 0.01125
0 0.05289855072463768 0.28625 0.5521739130434783 0.01125
0 0.05289855072463768 0.13291666666666666 0.2217391304347826 0.01125
0 0.05289855072463768 0.09083333333333334 0.07898550724637682 0.01125
0 0.21594202898550724 0.0125 0.1471014492753623 0.03333333333333333
0 0.3804347826086957 0.0125 0.1536231884057971 0.03333333333333333
0 0.4811594202898551 0.17083333333333334 0.1492753623188406 0.028333333333333332
0 0.4811594202898551 0.14958333333333335 0.13405797101449277 0.01125
0 0.4811594202898551 0.09083333333333334 0.0644927536231884 0.01125
0 0.48188405797101447 0.13291666666666666 0.3144927536231884 0.01125
0 0.48188405797101447 0.11625 0.09130434782608696 0.01125
0 0.5514492753623188 0.0125 0.15144927536231884 0.03333333333333333
0 0.9108695652173913 0.15416666666666667 0.13768115942028986 0.028333333333333332
0 0.9108695652173913 0.13291666666666666 0.2753623188405797 0.01125
0 0.9115942028985508 0.11625 0.2528985507246377 0.01125
0 0.9123188405797101 0.09083333333333334 0.07318840579710145 0.01375
0 0.9159420289855073 0.3070833333333333 0.12753623188405797 0.028333333333333332
0 0.9159420289855073 0.28625 0.5202898550724637 0.01125
0 0.9181159420289855 0.2604166666666667 0.07246376811594203 0.01125
0 1.3398550724637681 0.15416666666666667 0.1536231884057971 0.028333333333333332
0 1.3413043478260869 0.13291666666666666 0.20797101449275363 0.01125
0 1.3413043478260869 0.11625 0.3456521739130435 0.01125
0 1.3420289855072465 0.09083333333333334 0.08333333333333333 0.01375
