0 0.04420289855072464 0.0125 0.14492753623188406 0.03333333333333333
0 0.05144927536231884 0.4270833333333333 0.13623188405797101 0.028333333333333332
0 0.05144927536231884 0.36375 0.05579710144927536 0.010833333333333334
0 0.05144927536231884 0.27375 0.14492753623188406 0.028333333333333332
0 0.05144927536231884 0.2529166666666667 0.5043478260869565 0.01125
0 0.05144927536231884 0.1375 0.13405797101449277 0.028333333333333332
0 0.05144927536231884 0.11625 0.5311594202898551 0.01125
0 0.05217391304347826 0.4058333333333333 0.33768115942028987 0.01125
0 0.05217391304347826 0.38916666666666666 0.2028985507246377 0.01125
0 0.05289855072463768 0.22708333333333333 0.06739130434782609 0.01375
0 0.05289855072463768 0.09083333333333334 0.06739130434782609 0.01375
0 0.20652173913043478 0.0125 0.15289855072463768 0.03333333333333333
0 0.4811594202898551 0.4270833333333333 0.12971014492753624 0.028333333333333332
0 0.4811594202898551 0.4058333333333333 0.2782608695652174 0.01125
0 0.4811594202898551 0.38916666666666666 0.21521739130434783 0.01125
0 0.4826086956521739 0.36375 0.04927536231884058 0.01375
0 0.9108695652173913 0.44375 0.13333333333333333 0.028333333333333332
0 0.9108695652173913 0.4058333333333333 0.26159420289855073 0.01125
0 0.9108695652173913 0.36333333333333334 0.08550724637681159 0.011666666666666667
0 0.9115942028985508 0.4225 0.1427536231884058 0.01125
0 0.9115942028985508 0.38916666666666666 0.15144927536231884 0.01125
0 0.9159420289855073 0.27375 0.13840579710144926 0.028333333333333332
0 0.9166666666666666 0.2529166666666667 0.5391304347826087 0.01125
0 0.9166666666666666 0.22708333333333333 0.08115942028985507 0.010833333333333334
0 1.3398550724637681 0.4270833333333333 0.13623188405797101 0.028333333333333332
0 1.3413043478260869 0.4058333333333333 0.1891304347826087 0.01125
0 1.3413043478260869 0.38916666666666666 0.3181159420289855 0.01125
0 1.3413043478260869 0.36333333333333334 0.06956521739130435 0.011666666666666667
