0 0.04420289855072464 0.0125 0.13333333333333333 0.03333333333333333
0 0.05144927536231884 0.29041666666666666 0.1289855072463768 0.028333333333333332
0 0.05144927536231884 0.1375 0.15289855072463768 0.028333333333333332
0 0.05144927536231884 0.11625 0.49130434782608695 0.01125
0 0.05217391304347826 0.26958333333333334 0.20652173913043478 0.01125
0 0.05217391304347826 0.2529166666666667 0.2920289855072464 0.01125
0 0.05217391304347826 0.22666666666666666 0.06884057971014493 0.014166666666666666
0 0.05289855072463768 0.09083333333333334 0.05 0.010833333333333334
0 0.19492753623188405 0.0125 0.16014492753623188 0.03333333333333333
0 0.4811594202898551 0.29041666666666666 0.14130434782608695 0.028333333333333332
0 0.4811594202898551 0.2529166666666667 0.29782608695652174 0.01125
0 0.48188405797101447 0.26958333333333334 0.17681159420289855 0.01125
0 0.4826086956521739 0.22708333333333333 0.08768115942028985 0.01375
0 0.9108695652173913 0.29041666666666666 0.13768115942028986 0.028333333333333332
0 0.9108695652173913 0.26958333333333334 0.2710144927536232 0.01125
0 0.9108695652173913 0.2529166666666667 0.29927536231884055 0.01125
0 0.9123188405797101 0.22708333333333333 0.0782608695652174 0.01375
0 1.3398550724637681 0.29041666666666666 0.15 0.028333333333333332
0 1.3398550724637681 0.22708333333333333 0.08115942028985507 0.010833333333333334
0 1.3405797101449275 0.26958333333333334 0.2144927536231884 0.01125
0 1.3405797101449275 0.2529166666666667 0.31376811594202897 0.01125
