0 0.04420289855072464 0.0125 0.14782608695652175 0.03333333333333333
0 0.05144927536231884 0.4270833333333333 0.14057971014492754 0.028333333333333332
0 0.05144927536231884 0.38916666666666666 0.3007246376811594 0.01125
0 0.05144927536231884 0.27375 0.15289855072463768 0.028333333333333332
0 0.05144927536231884 0.1375 0.1492753623188406 0.028333333333333332
0 0.05217391304347826 0.4058333333333333 0.23478260869565218 0.01125
0 0.05217391304347826 0.36333333333333334 0.06666666666666667 0.014166666666666666
0 0.05217391304347826 0.11625 0.5717391304347826 0.01125
0 0.05289855072463768 0.2529166666666667 0.5224637681159421 0.01125
0 0.05289855072463768 0.22708333333333333 0.0746376811594203 0.010833333333333334
0 0.05289855072463768 0.09083333333333334 0.06739130434782609 0.01375
0 0.20942028985507247 0.0125 0.15942028985507245 0.03333333333333333
0 0.4811594202898551 0.4270833333333333 0.12318840579710146 0.028333333333333332
0 0.4811594202898551 0.38916666666666666 0.2891304347826087 0.01125
0 0.4811594202898551 0.36375 0.07028985507246377 0.01375
0 0.48188405797101447 0.4058333333333333 0.23115942028985506 0.01125
0 0.9108695652173913 0.4270833333333333 0.13478260869565217 0.028333333333333332
0 0.9115942028985508 0.4058333333333333 0.26666666666666666 0.01125
0 0.9115942028985508 0.38916666666666666 0.26811594202898553 0.01125
0 0.9123188405797101 0.36375 0.05652173913043478 0.01375
0 0.9159420289855073 0.1375 0.14420289855072463 0.028333333333333332
0 0.9159420289855073 0.11625 0.5231884057971015 0.01125
0 0.9181159420289855 0.09083333333333334 0.07173913043478261 0.01375
0 1.3398550724637681 0.4270833333333333 0.14130434782608695 0.028333333333333332
0 1.3398550724637681 0.4058333333333333 0.22391304347826088 0.01125
0 1.3398550724637681 0.36375 0.07318840579710145 0.01375
0 1.3405797101449275 0.38916666666666666 0.3144927536231884 0.01125
