0 0.04420289855072464 0.0125 0.13840579710144926 0.03333333333333333
0 0.05144927536231884 0.4270833333333333 0.1355072463768116 0.028333333333333332
0 0.05144927536231884 0.4058333333333333 0.5362318840579711 0.01125
0 0.05144927536231884 0.29041666666666666 0.14420289855072463 0.028333333333333332
0 0.05144927536231884 0.15416666666666667 0.1492753623188406 0.028333333333333332
0 0.05217391304347826 0.26958333333333334 0.5413043478260869 0.01125
0 0.05217391304347826 0.13291666666666666 0.18768115942028984 0.01125
0 0.05217391304347826 0.11625 0.33768115942028987 0.01125
0 0.05217391304347826 0.09041666666666667 0.057971014492753624 0.012083333333333333
0 0.05289855072463768 0.3804166666666667 0.05652173913043478 0.01375
0 0.05289855072463768 0.24375 0.07898550724637682 0.01375
0 0.2 0.0125 0.15144927536231884 0.03333333333333333
0 0.36884057971014494 0.0125 0.14420289855072463 0.03333333333333333
0 0.4811594202898551 0.15416666666666667 0.1565217391304348 0.028333333333333332
0 0.4811594202898551 0.11625 0.29347826086956524 0.01125
0 0.48188405797101447 0.13291666666666666 0.2536231884057971 0.01125
0 0.48188405797101447 0.09041666666666667 0.06521739130434782 0.011666666666666667
0 0.48478260869565215 0.09375 0.017391304347826087 0.004166666666666667
0 0.5304347826086957 0.0125 0.16304347826086957 0.03333333333333333
0 0.9101449275362319 0.09083333333333334 0.06956521739130435 0.01375
0 0.9108695652173913 0.15416666666666667 0.14347826086956522 0.028333333333333332
0 0.9108695652173913 0.13291666666666666 0.15797101449275364 0.01125
0 0.9108695652173913 0.11625 0.34202898550724636 0.01125
0 0.9159420289855073 0.29041666666666666 0.14782608695652175 0.028333333333333332
0 0.9173913043478261 0.26958333333333334 0.5659420289855073 0.01125
0 0.9181159420289855 0.24375 0.059420289855072465 0.010833333333333334
0 0.9210144927536232 0.25 0.015942028985507246 0.002916666666666667
0 1.3398550724637681 0.15416666666666667 0.14057971014492754 0.028333333333333332
0 1.3405797101449275 0.11625 0.31956521739130433 0.01125
0 1.3413043478260869 0.13291666666666666 0.17391304347826086 0.01125
0 1.3420289855072465 0.09083333333333334 0.04927536231884058 0.01125
