0 0.04420289855072464 0.0125 0.13840579710144926 0.03333333333333333
0 0.05144927536231884 0.27375 0.14565217391304347 0.028333333333333332
0 0.05144927536231884 0.2529166666666667 0.5673913043478261 0.01125
0 0.05144927536231884 0.22708333333333333 0.0572463768115942 0.01375
0 0.05144927536231884 0.1375 0.13115942028985508 0.028333333333333332
0 0.05217391304347826 0.11625 0.5347826086956522 0.01125
0 0.05217391304347826 0.09041666666666667 0.0782608695652174 0.014166666666666666
0 0.2 0.0125 0.14057971014492754 0.03333333333333333
0 0.9159420289855073 0.27375 0.1536231884057971 0.028333333333333332
0 0.9166666666666666 0.2529166666666667 0.5333333333333333 0.01125
0 0.9181159420289855 0.22708333333333333 0.0746376811594203 0.01375
