0 0.04420289855072464 0.0125 0.14202898550724638 0.03333333333333333
0 0.05144927536231884 0.15416666666666667 0.15144927536231884 0.028333333333333332
0 0.05144927536231884 0.11625 0.21521739130434783 0.01125
0 0.05144927536231884 0.09083333333333334 0.08840579710144927 0.01375
0 0.05217391304347826 0.13291666666666666 0.31231884057971016 0.01125
0 0.2036231884057971 0.0125 0.13768115942028986 0.03333333333333333
0 0.358695652173913 0.0125 0.14057971014492754 0.03333333333333333
0 0.4811594202898551 0.15416666666666667 0.1536231884057971 0.028333333333333332
0 0.4811594202898551 0.13291666666666666 0.19420289855072465 0.01125
0 0.4811594202898551 0.11625 0.3217391304347826 0.01125
0 0.4826086956521739 0.09083333333333334 0.06666666666666667 0.01375
0 0.5166666666666667 0.0125 0.16884057971014493 0.03333333333333333
0 0.9108695652173913 0.15416666666666667 0.15942028985507245 0.028333333333333332
0 0.9108695652173913 0.13291666666666666 0.20797101449275363 0.01125
0 0.9108695652173913 0.09041666666666667 0.07318840579710145 0.011666666666666667
0 0.9115942028985508 0.11625 0.3144927536231884 0.01125
0 1.3398550724637681 0.15416666666666667 0.14347826086956522 0.028333333333333332
0 1.3398550724637681 0.09083333333333334 0.06884057971014493 0.01125
0 1.3405797101449275 0.13291666666666666 0.18695652173913044 0.01125
0 1.3405797101449275 0.11625 0.33043478260869563 0.01125
