0 0.04420289855072464 0.0125 0.14855072463768115 0.03333333333333333
0 0.05144927536231884 0.4270833333333333 0.1282608695652174 0.028333333333333332
0 0.05144927536231884 0.38916666666666666 0.29927536231884055 0.01125
0 0.05144927536231884 0.27375 0.1427536231884058 0.028333333333333332
0 0.05144927536231884 0.22708333333333333 0.09130434782608696 0.010833333333333334
0 0.05144927536231884 0.1375 0.1289855072463768 0.028333333333333332
0 0.05144927536231884 0.09083333333333334 0.059420289855072465 0.010833333333333334
0 0.05217391304347826 0.4058333333333333 0.24347826086956523 0.01125
0 0.05217391304347826 0.2529166666666667 0.5311594202898551 0.01125
0 0.05217391304347826 0.11625 0.5355072463768116 0.01125
0 0.05289855072463768 0.36375 0.07681159420289856 0.010833333333333334
0 0.21014492753623187 0.0125 0.14855072463768115 0.03333333333333333
0 0.3760869565217391 0.0125 0.14420289855072463 0.03333333333333333
0 0.4811594202898551 0.4270833333333333 0.14057971014492754 0.028333333333333332
0 0.4811594202898551 0.38916666666666666 0.3318840579710145 0.01125
0 0.4811594202898551 0.36375 0.07318840579710145 0.01375
0 0.48188405797101447 0.4058333333333333 0.19855072463768117 0.01125
0 0.9108695652173913 0.4270833333333333 0.1427536231884058 0.028333333333333332
0 0.9108695652173913 0.4058333333333333 0.2514492753623188 0.01125
0 0.9115942028985508 0.38916666666666666 0.30144927536231886 0.01125
0 0.9123188405797101 0.36375 0.08188405797101449 0.01375
0 0.9159420289855073 0.1375 0.1565217391304348 0.028333333333333332
0 0.9159420289855073 0.09083333333333334 0.06159420289855073 0.010833333333333334
0 0.9166666666666666 0.11625 0.5434782608695652 0.01125
0 1.3398550724637681 0.4270833333333333 0.1565217391304348 0.028333333333333332
0 1.3405797101449275 0.4058333333333333 0.19710144927536233 0.01125
0 1.3413043478260869 0.38916666666666666 0.3188405797101449 0.01125
0 1.3420289855072465 0.36375 0.06956521739130435 0.01375
