0 0.04420289855072464 0.0125 0.14347826086956522 0.03333333333333333
0 0.05144927536231884 0.27375 0.13695652173913042 0.028333333333333332
0 0.05144927536231884 0.1375 0.13043478260869565 0.028333333333333332
0 0.05144927536231884 0.09083333333333334 0.08043478260869565 0.01125
0 0.05217391304347826 0.22708333333333333 0.07318840579710145 0.01375
0 0.05217391304347826 0.11625 0.5224637681159421 0.01125
0 0.05289855072463768 0.2529166666666667 0.5420289855072464 0.01125
0 0.20507246376811594 0.0125 0.1355072463768116 0.03333333333333333
0 0.35797101449275365 0.0125 0.15 0.03333333333333333
0 0.9159420289855073 0.27375 0.14347826086956522 0.028333333333333332
0 0.9166666666666666 0.2529166666666667 0.5246376811594203 0.01125
0 0.9181159420289855 0.22708333333333333 0.0746376811594203 0.01375
