0 0.04420289855072464 0.0125 0.13260869565217392 0.03333333333333333
0 0.05144927536231884 0.15416666666666667 0.14492753623188406 0.028333333333333332
0 0.05217391304347826 0.13291666666666666 0.1681159420289855 0.01125
0 0.05217391304347826 0.11625 0.3927536231884058 0.01125
0 0.05289855072463768 0.09083333333333334 0.06594202898550725 0.01375
0 0.19420289855072465 0.0125 0.13840579710144926 0.03333333333333333
0 0.4811594202898551 0.15416666666666667 0.1463768115942029 0.028333333333333332
0 0.4811594202898551 0.11625 0.12028985507246377 0.01125
0 0.48188405797101447 0.13291666666666666 0.4 0.01125
0 0.4826086956521739 0.09083333333333334 0.08188405797101449 0.010833333333333334
0 0.9101449275362319 0.13291666666666666 0.23405797101449274 0.01125
0 0.9108695652173913 0.15416666666666667 0.1492753623188406 0.028333333333333332
0 0.9108695652173913 0.09083333333333334 0.06956521739130435 0.01125
0 0.9115942028985508 0.11625 0.26594202898550723 0.01125
0 1.3398550724637681 0.15416666666666667 0.12536231884057972 0.028333333333333332
0 1.3405797101449275 0.11625 0.30217391304347824 0.01125
0 1.3413043478260869 0.13291666666666666 0.19420289855072465 0.01125
0 1.3420289855072465 0.09083333333333334 0.06884057971014493 0.01375
