0 0.04420289855072464 0.0125 0.13405797101449277 0.03333333333333333
0 0.05144927536231884 0.4270833333333333 0.15289855072463768 0.028333333333333332
0 0.05144927536231884 0.29041666666666666 0.14202898550724638 0.028333333333333332
0 0.05144927536231884 0.1375 0.15434782608695652 0.028333333333333332
0 0.05217391304347826 0.26958333333333334 0.2528985507246377 0.01125
0 0.05217391304347826 0.11625 0.5739130434782609 0.01125
0 0.05289855072463768 0.4058333333333333 0.5449275362318841 0.01125
0 0.05289855072463768 0.3804166666666667 0.0644927536231884 0.01375
0 0.05289855072463768 0.2529166666666667 0.24710144927536232 0.01125
0 0.05289855072463768 0.22708333333333333 0.08478260869565217 0.01125
0 0.05289855072463768 0.09083333333333334 0.057971014492753624 0.010833333333333334
0 0.1956521739130435 0.0125 0.14057971014492754 0.03333333333333333
0 0.3536231884057971 0.0125 0.14565217391304347 0.03333333333333333
0 0.4811594202898551 0.29041666666666666 0.15507246376811595 0.028333333333333332
0 0.4811594202898551 0.26958333333333334 0.22608695652173913 0.01125
0 0.48188405797101447 0.2529166666666667 0.32753623188405795 0.01125
0 0.48188405797101447 0.22666666666666666 0.07028985507246377 0.014166666666666666
0 0.9101449275362319 0.2529166666666667 0.24492753623188407 0.01125
0 0.9108695652173913 0.29041666666666666 0.12536231884057972 0.028333333333333332
0 0.9108695652173913 0.26958333333333334 0.2391304347826087 0.01125
0 0.9115942028985508 0.22666666666666666 0.08623188405797101 0.014166666666666666
0 0.9159420289855073 0.4270833333333333 0.13260869565217392 0.028333333333333332
0 0.9166666666666666 0.38 0.06811594202898551 0.011666666666666667
0 0.9173913043478261 0.4058333333333333 0.5355072463768116 0.01125
0 1.3398550724637681 0.29041666666666666 0.15942028985507245 0.028333333333333332
0 1.3405797101449275 0.26958333333333334 0.17318840579710146 0.01125
0 1.3413043478260869 0.2529166666666667 0.3188405797101449 0.01125
0 1.3420289855072465 0.22708333333333333 0.06811594202898551 0.010833333333333334
