0 0.04420289855072464 0.0125 0.14565217391304347 0.03333333333333333
0 0.05144927536231884 0.29041666666666666 0.15072463768115943 0.028333333333333332
0 0.05144927536231884 0.26958333333333334 0.48768115942028983 0.01125
0 0.05144927536231884 0.15416666666666667 0.14202898550724638 0.028333333333333332
0 0.05144927536231884 0.13291666666666666 0.213768115942029 0.01125
0 0.05144927536231884 0.11625 0.31666666666666665 0.01125
0 0.05144927536231884 0.09083333333333334 0.07681159420289856 0.01375
0 0.05289855072463768 0.24375 0.07536231884057971 0.01375
0 0.2072463768115942 0.0125 0.14565217391304347 0.03333333333333333
0 0.37028985507246376 0.0125 0.15072463768115943 0.03333333333333333
0 0.4811594202898551 0.15416666666666667 0.15144927536231884 0.028333333333333332
0 0.4811594202898551 0.11625 0.2326086956521739 0.01125
0 0.48188405797101447 0.13291666666666666 0.3115942028985507 0.01125
0 0.48188405797101447 0.09041666666666667 0.07971014492753623 0.014166666666666666
0 0.48478260869565215 0.09375 0.017391304347826087 0.004166666666666667
0 0.5384057971014493 0.0125 0.14565217391304347 0.03333333333333333
0 0.7014492753623188 0.0125 0.13695652173913042 0.03333333333333333
0 0.9108695652173913 0.15416666666666667 0.14130434782608695 0.028333333333333332
0 0.9108695652173913 0.13291666666666666 0.2782608695652174 0.01125
0 0.9115942028985508 0.11625 0.25507246376811593 0.01125
0 0.9123188405797101 0.09083333333333334 0.0572463768115942 0.010833333333333334
0 0.9159420289855073 0.29041666666666666 0.1427536231884058 0.028333333333333332
0 0.9166666666666666 0.26958333333333334 0.5884057971014492 0.01125
0 0.9181159420289855 0.24375 0.08043478260869565 0.01375
0 1.3398550724637681 0.15416666666666667 0.13260869565217392 0.028333333333333332
0 1.3398550724637681 0.13291666666666666 0.24130434782608695 0.01125
0 1.3405797101449275 0.11625 0.2891304347826087 0.01125
0 1.3420289855072465 0.09083333333333334 0.0644927536231884 0.010833333333333334
