0 0.04420289855072464 0.0125 0.15507246376811595 0.03333333333333333
0 0.05144927536231884 0.44375 0.13478260869565217 0.028333333333333332
0 0.05144927536231884 0.3070833333333333 0.14130434782608695 0.028333333333333332
0 0.05144927536231884 0.15416666666666667 0.15507246376811595 0.028333333333333332
0 0.05144927536231884 0.09083333333333334 0.07608695652173914 0.01375
0 0.05217391304347826 0.4225 0.508695652173913 0.01125
0 0.05217391304347826 0.39708333333333334 0.06739130434782609 0.01375
0 0.05217391304347826 0.28625 0.5739130434782609 0.01125
0 0.05217391304347826 0.13291666666666666 0.2971014492753623 0.01125
0 0.05217391304347826 0.11625 0.2326086956521739 0.01125
0 0.05289855072463768 0.2604166666666667 0.07101449275362319 0.010833333333333334
0 0.21666666666666667 0.0125 0.1318840579710145 0.03333333333333333
0 0.36594202898550726 0.0125 0.15072463768115943 0.03333333333333333
0 0.48043478260869565 0.13291666666666666 0.15434782608695652 0.01125
0 0.4811594202898551 0.15416666666666667 0.1471014492753623 0.028333333333333332
0 0.48188405797101447 0.11625 0.32971014492753625 0.01125
0 0.4826086956521739 0.09083333333333334 0.06956521739130435 0.01375
0 0.5340579710144927 0.0125 0.16159420289855073 0.03333333333333333
0 0.7130434782608696 0.0125 0.13478260869565217 0.03333333333333333
0 0.9101449275362319 0.09083333333333334 0.07681159420289856 0.01375
0 0.9108695652173913 0.15416666666666667 0.14347826086956522 0.028333333333333332
0 0.9108695652173913 0.13291666666666666 0.1927536231884058 0.01125
0 0.9115942028985508 0.11625 0.3391304347826087 0.01125
0 0.9159420289855073 0.44375 0.14057971014492754 0.028333333333333332
0 0.9166666666666666 0.4225 0.505072463768116 0.01125
0 0.9181159420289855 0.39708333333333334 0.05579710144927536 0.010833333333333334
0 1.3398550724637681 0.17083333333333334 0.1318840579710145 0.028333333333333332
0 1.3398550724637681 0.13291666666666666 0.336231884057971 0.01125
0 1.3405797101449275 0.14958333333333335 0.12318840579710146 0.01125
0 1.3413043478260869 0.11625 0.08115942028985507 0.01125
0 1.3420289855072465 0.09083333333333334 0.06739130434782609 0.010833333333333334
