0 0.04420289855072464 0.0125 0.15797101449275364 0.03333333333333333
0 0.05144927536231884 0.4270833333333333 0.13695652173913042 0.028333333333333332
0 0.05144927536231884 0.4058333333333333 0.5702898550724638 0.01125
0 0.05144927536231884 0.29041666666666666 0.1427536231884058 0.028333333333333332
0 0.05144927536231884 0.24375 0.0891304347826087 0.01375
0 0.05144927536231884 0.15416666666666667 0.1318840579710145 0.028333333333333332
0 0.05144927536231884 0.09083333333333334 0.07898550724637682 0.010833333333333334
0 0.05217391304347826 0.3804166666666667 0.06521739130434782 0.010833333333333334
0 0.05217391304347826 0.13291666666666666 0.22608695652173913 0.01125
0 0.05217391304347826 0.11625 0.3217391304347826 0.01125
0 0.05289855072463768 0.26958333333333334 0.5318840579710145 0.01125
0 0.21956521739130436 0.0125 0.16014492753623188 0.03333333333333333
0 0.4811594202898551 0.15416666666666667 0.13623188405797101 0.028333333333333332
0 0.4811594202898551 0.13291666666666666 0.23840579710144927 0.01125
0 0.4811594202898551 0.11625 0.2782608695652174 0.01125
0 0.4826086956521739 0.09083333333333334 0.0782608695652174 0.01125
0 0.9101449275362319 0.09083333333333334 0.07681159420289856 0.010833333333333334
0 0.9108695652173913 0.15416666666666667 0.13405797101449277 0.028333333333333332
0 0.9108695652173913 0.13291666666666666 0.24130434782608695 0.01125
0 0.9115942028985508 0.11625 0.2833333333333333 0.01125
0 0.9159420289855073 0.29041666666666666 0.11594202898550725 0.028333333333333332
0 0.9159420289855073 0.26958333333333334 0.5797101449275363 0.01125
0 0.9181159420289855 0.24375 0.06159420289855073 0.01375
0 1.3398550724637681 0.15416666666666667 0.13260869565217392 0.028333333333333332
0 1.3398550724637681 0.09083333333333334 0.06666666666666667 0.010833333333333334
0 1.3405797101449275 0.13291666666666666 0.23695652173913043 0.01125
0 1.3413043478260869 0.11625 0.2833333333333333 0.01125
