0 0.04420289855072464 0.0125 0.13043478260869565 0.03333333333333333
0 0.05144927536231884 0.4270833333333333 0.15434782608695652 0.028333333333333332
0 0.05144927536231884 0.3804166666666667 0.06811594202898551 0.01375
0 0.05144927536231884 0.29041666666666666 0.14057971014492754 0.028333333333333332
0 0.05144927536231884 0.15416666666666667 0.15072463768115943 0.028333333333333332
0 0.05217391304347826 0.4058333333333333 0.4956521739130435 0.01125
0 0.05217391304347826 0.13291666666666666 0.2920289855072464 0.01125
0 0.05217391304347826 0.11625 0.25579710144927537 0.01125
0 0.05289855072463768 0.26958333333333334 0.532608695652174 0.01125
0 0.05289855072463768 0.24375 0.07101449275362319 0.01375
0 0.05289855072463768 0.09083333333333334 0.07173913043478261 0.01375
0 0.19202898550724637 0.0125 0.15434782608695652 0.03333333333333333
0 0.36376811594202896 0.0125 0.13333333333333333 0.03333333333333333
0 0.48043478260869565 0.11625 0.23768115942028986 0.01125
0 0.4811594202898551 0.15416666666666667 0.14565217391304347 0.028333333333333332
0 0.48188405797101447 0.13291666666666666 0.2710144927536232 0.01125
0 0.4826086956521739 0.09083333333333334 0.07246376811594203 0.01375
0 0.9108695652173913 0.15416666666666667 0.10507246376811594 0.028333333333333332
0 0.9108695652173913 0.13291666666666666 0.14130434782608695 0.01125
0 0.9108695652173913 0.11625 0.3347826086956522 0.01125
0 0.9123188405797101 0.09083333333333334 0.07318840579710145 0.01375
0 0.9159420289855073 0.4270833333333333 0.1471014492753623 0.028333333333333332
0 0.9173913043478261 0.4058333333333333 0.5166666666666667 0.01125
0 0.9181159420289855 0.3804166666666667 0.06304347826086956 0.010833333333333334
0 1.3398550724637681 0.15416666666666667 0.15 0.028333333333333332
0 1.3398550724637681 0.13291666666666666 0.25217391304347825 0.01125
0 1.3398550724637681 0.11625 0.28695652173913044 0.01125
0 1.3420289855072465 0.09083333333333334 0.07101449275362319 0.010833333333333334
