0 0.04420289855072464 0.0125 0.1644927536231884 0.03333333333333333
0 0.05144927536231884 0.1375 0.15 0.028333333333333332
0 0.05217391304347826 0.11625 0.5413043478260869 0.01125
0 0.05289855072463768 0.09083333333333334 0.06666666666666667 0.01125
0 0.22608695652173913 0.0125 0.1355072463768116 0.03333333333333333
0 0.3789855072463768 0.0125 0.14420289855072463 0.03333333333333333
0 0.5405797101449276 0.0125 0.15217391304347827 0.03333333333333333
0 0.9159420289855073 0.1375 0.14855072463768115 0.028333333333333332
0 0.9166666666666666 0.11625 0.5355072463768116 0.01125
0 0.9181159420289855 0.09083333333333334 0.06666666666666667 0.01375
