0 0.04420289855072464 0.0125 0.13043478260869565 0.03333333333333333
0 0.05144927536231884 0.27375 0.14855072463768115 0.028333333333333332
0 0.05144927536231884 0.22708333333333333 0.08478260869565217 0.010833333333333334
0 0.05144927536231884 0.1375 0.13405797101449277 0.028333333333333332
0 0.05144927536231884 0.09083333333333334 0.08115942028985507 0.010833333333333334
0 0.05217391304347826 0.2529166666666667 0.5659420289855073 0.01125
0 0.05217391304347826 0.11625 0.5630434782608695 0.01125
0 0.19202898550724637 0.0125 0.15144927536231884 0.03333333333333333
0 0.9159420289855073 0.27375 0.12391304347826088 0.028333333333333332
0 0.9159420289855073 0.1375 0.14420289855072463 0.028333333333333332
0 0.9166666666666666 0.11625 0.527536231884058 0.01125
0 0.9173913043478261 0.2529166666666667 0.5028985507246376 0.01125
0 0.9181159420289855 0.22708333333333333 0.07608695652173914 0.010833333333333334
0 0.9181159420289855 0.09083333333333334 0.07318840579710145 0.010833333333333334
