0 0.04420289855072464 0.0125 0.1463768115942029 0.03333333333333333
0 0.050724637681159424 0.28625 0.5376811594202898 0.01125
0 0.05144927536231884 0.44375 0.16521739130434782 0.028333333333333332
0 0.05144927536231884 0.3070833333333333 0.14202898550724638 0.028333333333333332
0 0.05144927536231884 0.15416666666666667 0.15797101449275364 0.028333333333333332
0 0.05217391304347826 0.4225 0.5115942028985507 0.01125
0 0.05217391304347826 0.13291666666666666 0.29130434782608694 0.01125
0 0.05217391304347826 0.11625 0.2572463768115942 0.01125
0 0.05289855072463768 0.39708333333333334 0.06231884057971015 0.01375
0 0.05289855072463768 0.2604166666666667 0.08115942028985507 0.01375
0 0.05289855072463768 0.09083333333333334 0.06884057971014493 0.01375
0 0.20797101449275363 0.0125 0.14565217391304347 0.03333333333333333
0 0.3710144927536232 0.0125 0.15144927536231884 0.03333333333333333
0 0.48043478260869565 0.09083333333333334 0.06231884057971015 0.01375
0 0.4811594202898551 0.15416666666666667 0.15072463768115943 0.028333333333333332
0 0.48188405797101447 0.13291666666666666 0.1492753623188406 0.01125
0 0.48188405797101447 0.11625 0.3181159420289855 0.01125
0 0.5398550724637681 0.0125 0.14565217391304347 0.03333333333333333
0 0.7028985507246377 0.0125 0.13840579710144926 0.03333333333333333
0 0.9101449275362319 0.11625 0.22318840579710145 0.01125
0 0.9108695652173913 0.15416666666666667 0.15072463768115943 0.028333333333333332
0 0.9108695652173913 0.13291666666666666 0.2920289855072464 0.01125
0 0.9123188405797101 0.09083333333333334 0.05652173913043478 0.01375
0 0.9159420289855073 0.3070833333333333 0.14420289855072463 0.028333333333333332
0 0.9166666666666666 0.28625 0.5376811594202898 0.01125
0 0.9181159420289855 0.2604166666666667 0.06666666666666667 0.01375
0 1.3398550724637681 0.17083333333333334 0.15797101449275364 0.028333333333333332
0 1.3398550724637681 0.11625 0.12536231884057972 0.00875
0 1.3405797101449275 0.14958333333333335 0.04565217391304348 0.01125
0 1.3405797101449275 0.13291666666666666 0.3115942028985507 0.01125
0 1.3405797101449275 0.09083333333333334 0.0644927536231884 0.01375
