0 0.04420289855072464 0.0125 0.13115942028985508 0.03333333333333333
0 0.05144927536231884 0.4270833333333333 0.1492753623188406 0.028333333333333332
0 0.05144927536231884 0.27375 0.1398550724637681 0.028333333333333332
0 0.05144927536231884 0.1375 0.14347826086956522 0.028333333333333332
0 0.05217391304347826 0.4058333333333333 0.186231884057971 0.01125
0 0.05217391304347826 0.38916666666666666 0.3398550724637681 0.01125
0 0.05217391304347826 0.2529166666666667 0.5449275362318841 0.01125
0 0.05217391304347826 0.22708333333333333 0.06159420289855073 0.010833333333333334
0 0.05217391304347826 0.09041666666666667 0.07318840579710145 0.011666666666666667
0 0.05289855072463768 0.36375 0.07318840579710145 0.01375
0 0.05289855072463768 0.11625 0.5304347826086957 0.01125
0 0.1927536231884058 0.0125 0.17318840579710146 0.03333333333333333
0 0.38333333333333336 0.0125 0.14565217391304347 0.03333333333333333
0 0.4811594202898551 0.4270833333333333 0.14347826086956522 0.028333333333333332
0 0.48188405797101447 0.4058333333333333 0.24347826086956523 0.01125
0 0.48188405797101447 0.38916666666666666 0.263768115942029 0.01125
0 0.4826086956521739 0.36375 0.07101449275362319 0.010833333333333334
0 0.9108695652173913 0.4270833333333333 0.1391304347826087 0.028333333333333332
0 0.9108695652173913 0.38916666666666666 0.24130434782608695 0.01125
0 0.9115942028985508 0.4058333333333333 0.3101449275362319 0.01125
0 0.9123188405797101 0.36375 0.06666666666666667 0.01375
0 0.9159420289855073 0.1375 0.14057971014492754 0.028333333333333332
0 0.9166666666666666 0.11625 0.5369565217391304 0.01125
0 0.9173913043478261 0.09041666666666667 0.07608695652173914 0.014166666666666666
0 1.3398550724637681 0.4270833333333333 0.13333333333333333 0.028333333333333332
0 1.3398550724637681 0.36375 0.05579710144927536 0.01375
0 1.3405797101449275 0.4058333333333333 0.20869565217391303 0.01125
0 1.3413043478260869 0.38916666666666666 0.33405797101449275 0.01125
