0 0.04420289855072464 0.0125 0.15797101449275364 0.03333333333333333
0 0.05144927536231884 0.4270833333333333 0.1427536231884058 0.028333333333333332
0 0.05144927536231884 0.3804166666666667 0.06956521739130435 0.01375
0 0.05144927536231884 0.29041666666666666 0.1398550724637681 0.028333333333333332
0 0.05144927536231884 0.15416666666666667 0.14347826086956522 0.028333333333333332
0 0.05217391304347826 0.26958333333333334 0.5463768115942029 0.01125
0 0.05217391304347826 0.13291666666666666 0.21231884057971015 0.01125
0 0.05217391304347826 0.11625 0.2956521739130435 0.01125
0 0.05289855072463768 0.4058333333333333 0.5840579710144927 0.01125
0 0.05289855072463768 0.24375 0.07101449275362319 0.01375
0 0.05289855072463768 0.09083333333333334 0.08043478260869565 0.01375
0 0.21956521739130436 0.0125 0.14202898550724638 0.03333333333333333
0 0.3789855072463768 0.0125 0.1463768115942029 0.03333333333333333
0 0.4811594202898551 0.15416666666666667 0.14057971014492754 0.028333333333333332
0 0.48188405797101447 0.13291666666666666 0.19927536231884058 0.01125
0 0.48188405797101447 0.11625 0.2898550724637681 0.01125
0 0.4826086956521739 0.09083333333333334 0.06666666666666667 0.010833333333333334
0 0.9101449275362319 0.09083333333333334 0.06884057971014493 0.01375
0 0.9108695652173913 0.15416666666666667 0.1608695652173913 0.028333333333333332
0 0.9115942028985508 0.13291666666666666 0.24202898550724639 0.01125
0 0.9115942028985508 0.11625 0.3101449275362319 0.01125
0 0.9159420289855073 0.4270833333333333 0.15289855072463768 0.028333333333333332
0 0.9166666666666666 0.4058333333333333 0.5702898550724638 0.01125
0 0.9173913043478261 0.38 0.08405797101449275 0.011666666666666667
0 1.3398550724637681 0.15416666666666667 0.13478260869565217 0.028333333333333332
0 1.3398550724637681 0.09083333333333334 0.07898550724637682 0.01375
0 1.3405797101449275 0.13291666666666666 0.17753623188405798 0.01125
0 1.3413043478260869 0.11625 0.34130434782608693 0.01125
