0 0.04420289855072464 0.0125 0.14782608695652175 0.03333333333333333
0 0.05144927536231884 0.4270833333333333 0.15217391304347827 0.028333333333333332
0 0.05144927536231884 0.27375 0.1492753623188406 0.028333333333333332
0 0.05144927536231884 0.1375 0.1282608695652174 0.028333333333333332
0 0.05144927536231884 0.09083333333333334 0.05579710144927536 0.01375
0 0.05217391304347826 0.4058333333333333 0.27608695652173915 0.01125
0 0.05217391304347826 0.38916666666666666 0.2318840579710145 0.01125
0 0.05217391304347826 0.2529166666666667 0.5427536231884058 0.01125
0 0.05217391304347826 0.11625 0.5514492753623188 0.01125
0 0.05289855072463768 0.36375 0.0746376811594203 0.010833333333333334
0 0.05289855072463768 0.22708333333333333 0.07246376811594203 0.010833333333333334
0 0.20942028985507247 0.0125 0.15144927536231884 0.03333333333333333
0 0.3782608695652174 0.0125 0.15217391304347827 0.03333333333333333
0 0.4811594202898551 0.4270833333333333 0.15144927536231884 0.028333333333333332
0 0.4811594202898551 0.4058333333333333 0.20942028985507247 0.01125
0 0.4811594202898551 0.38916666666666666 0.3442028985507246 0.01125
0 0.4826086956521739 0.36375 0.07173913043478261 0.01375
0 0.5478260869565217 0.0125 0.13768115942028986 0.03333333333333333
0 0.7028985507246377 0.0125 0.1608695652173913 0.03333333333333333
0 0.9108695652173913 0.4270833333333333 0.13115942028985508 0.028333333333333332
0 0.9108695652173913 0.4058333333333333 0.23695652173913043 0.01125
0 0.9108695652173913 0.38916666666666666 0.3333333333333333 0.01125
0 0.9123188405797101 0.36375 0.06956521739130435 0.010833333333333334
0 0.9159420289855073 0.1375 0.1355072463768116 0.028333333333333332
0 0.9166666666666666 0.09083333333333334 0.06159420289855073 0.01375
0 0.9173913043478261 0.11625 0.5717391304347826 0.01125
0 1.3398550724637681 0.4270833333333333 0.13840579710144926 0.028333333333333332
0 1.3398550724637681 0.36375 0.07101449275362319 0.010833333333333334
0 1.3405797101449275 0.38916666666666666 0.24057971014492754 0.01125
0 1.3413043478260869 0.4058333333333333 0.2833333333333333 0.01125
