0 0.04420289855072464 0.0125 0.13260869565217392 0.03333333333333333
0 0.05144927536231884 0.4270833333333333 0.12246376811594203 0.028333333333333332
0 0.05144927536231884 0.27375 0.14057971014492754 0.028333333333333332
0 0.05144927536231884 0.22708333333333333 0.08260869565217391 0.01125
0 0.05144927536231884 0.1375 0.14130434782608695 0.028333333333333332
0 0.05217391304347826 0.4058333333333333 0.1956521739130435 0.01125
0 0.05217391304347826 0.09041666666666667 0.06739130434782609 0.014166666666666666
0 0.05289855072463768 0.38916666666666666 0.3239130434782609 0.01125
0 0.05289855072463768 0.36375 0.0746376811594203 0.01375
0 0.05289855072463768 0.2529166666666667 0.5362318840579711 0.01125
0 0.05289855072463768 0.11625 0.5079710144927536 0.01125
0 0.19420289855072465 0.0125 0.1536231884057971 0.03333333333333333
0 0.4811594202898551 0.4270833333333333 0.1289855072463768 0.028333333333333332
0 0.4811594202898551 0.4058333333333333 0.2108695652173913 0.01125
0 0.4811594202898551 0.38916666666666666 0.30869565217391304 0.01125
0 0.48188405797101447 0.36333333333333334 0.0746376811594203 0.014166666666666666
0 0.9101449275362319 0.36375 0.0746376811594203 0.010833333333333334
0 0.9108695652173913 0.4270833333333333 0.15072463768115943 0.028333333333333332
0 0.9108695652173913 0.4058333333333333 0.2326086956521739 0.01125
0 0.9115942028985508 0.38916666666666666 0.29347826086956524 0.01125
0 0.9159420289855073 0.1375 0.12318840579710146 0.028333333333333332
0 0.9173913043478261 0.11625 0.49492753623188407 0.01125
0 0.9181159420289855 0.09083333333333334 0.06811594202898551 0.01375
0 1.3398550724637681 0.4270833333333333 0.14492753623188406 0.028333333333333332
0 1.3398550724637681 0.38916666666666666 0.3282608695652174 0.01125
0 1.3398550724637681 0.36375 0.07028985507246377 0.010833333333333334
0 1.3413043478260869 0.4058333333333333 0.21159420289855072 0.01125
