0 0.04420289855072464 0.0125 0.13478260869565217 0.03333333333333333
0 0.05144927536231884 0.44375 0.14057971014492754 0.028333333333333332
0 0.05144927536231884 0.3070833333333333 0.14057971014492754 0.028333333333333332
0 0.05144927536231884 0.28625 0.5413043478260869 0.01125
0 0.05144927536231884 0.15416666666666667 0.13768115942028986 0.028333333333333332
0 0.05144927536231884 0.11625 0.26956521739130435 0.01125
0 0.05217391304347826 0.4225 0.5253623188405797 0.01125
0 0.05217391304347826 0.39666666666666667 0.07173913043478261 0.014166666666666666
0 0.05217391304347826 0.13291666666666666 0.28043478260869564 0.01125
0 0.05217391304347826 0.09041666666666667 0.07028985507246377 0.014166666666666666
0 0.05289855072463768 0.2604166666666667 0.08405797101449275 0.010833333333333334
0 0.1963768115942029 0.0125 0.14782608695652175 0.03333333333333333
0 0.3615942028985507 0.0125 0.1565217391304348 0.03333333333333333
0 0.4811594202898551 0.17083333333333334 0.1644927536231884 0.028333333333333332
0 0.4811594202898551 0.14958333333333335 0.0963768115942029 0.01125
0 0.4811594202898551 0.13291666666666666 0.3355072463768116 0.01125
0 0.4811594202898551 0.11625 0.11014492753623188 0.01125
0 0.4826086956521739 0.09083333333333334 0.05434782608695652 0.010833333333333334
0 0.9108695652173913 0.15416666666666667 0.14565217391304347 0.028333333333333332
0 0.9108695652173913 0.13291666666666666 0.20869565217391303 0.01125
0 0.9115942028985508 0.11625 0.33405797101449275 0.01125
0 0.9123188405797101 0.09083333333333334 0.050724637681159424 0.01375
0 0.9159420289855073 0.44375 0.1391304347826087 0.028333333333333332
0 0.9166666666666666 0.4225 0.532608695652174 0.01125
0 0.9181159420289855 0.39708333333333334 0.07536231884057971 0.010833333333333334
0 1.3398550724637681 0.15416666666666667 0.1536231884057971 0.028333333333333332
0 1.3398550724637681 0.13291666666666666 0.2028985507246377 0.01125
0 1.3413043478260869 0.11625 0.3173913043478261 0.01125
0 1.3420289855072465 0.09083333333333334 0.07246376811594203 0.01375
