0 0.04420289855072464 0.0125 0.1463768115942029 0.03333333333333333
0 0.05144927536231884 0.4270833333333333 0.14057971014492754 0.028333333333333332
0 0.05144927536231884 0.38916666666666666 0.2811594202898551 0.01125
0 0.05144927536231884 0.27375 0.15144927536231884 0.028333333333333332
0 0.05144927536231884 0.1375 0.15579710144927536 0.028333333333333332
0 0.05144927536231884 0.09083333333333334 0.07898550724637682 0.010833333333333334
0 0.05217391304347826 0.4058333333333333 0.21811594202898552 0.01125
0 0.05217391304347826 0.11625 0.5681159420289855 0.01125
0 0.05289855072463768 0.36375 0.06521739130434782 0.010833333333333334
0 0.05289855072463768 0.2529166666666667 0.5333333333333333 0.01125
0 0.05289855072463768 0.22708333333333333 0.07101449275362319 0.01375
0 0.20797101449275363 0.0125 0.1427536231884058 0.03333333333333333
0 0.3681159420289855 0.0125 0.12753623188405797 0.03333333333333333
0 0.4811594202898551 0.4270833333333333 0.14057971014492754 0.028333333333333332
0 0.4811594202898551 0.38916666666666666 0.2717391304347826 0.01125
0 0.48188405797101447 0.4058333333333333 0.27246376811594203 0.01125
0 0.4826086956521739 0.36375 0.06811594202898551 0.010833333333333334
0 0.5130434782608696 0.0125 0.15434782608695652 0.03333333333333333
0 0.9108695652173913 0.4270833333333333 0.12318840579710146 0.028333333333333332
0 0.9108695652173913 0.38916666666666666 0.4 0.01125
0 0.9115942028985508 0.4058333333333333 0.02753623188405797 0.00875
0 0.9115942028985508 0.36333333333333334 0.060144927536231886 0.014166666666666666
0 0.9159420289855073 0.27375 0.12971014492753624 0.028333333333333332
0 0.9159420289855073 0.22708333333333333 0.08260869565217391 0.010833333333333334
0 0.9166666666666666 0.2529166666666667 0.5398550724637681 0.01125
0 1.3398550724637681 0.44375 0.13695652173913042 0.028333333333333332
0 1.3398550724637681 0.36375 0.06521739130434782 0.01375
0 1.3405797101449275 0.4058333333333333 0.31521739130434784 0.01125
0 1.3413043478260869 0.4225 0.09855072463768116 0.00875
0 1.3413043478260869 0.38916666666666666 0.13768115942028986 0.01125
