0 0.04420289855072464 0.0125 0.15869565217391304 0.03333333333333333
0 0.05144927536231884 0.4270833333333333 0.14492753623188406 0.028333333333333332
0 0.05144927536231884 0.27375 0.14420289855072463 0.028333333333333332
0 0.05144927536231884 0.1375 0.15 0.028333333333333332
0 0.05217391304347826 0.38916666666666666 0.3521739130434783 0.01125
0 0.05217391304347826 0.2529166666666667 0.5072463768115942 0.01125
0 0.05217391304347826 0.09041666666666667 0.07536231884057971 0.014166666666666666
0 0.05289855072463768 0.4058333333333333 0.17173913043478262 0.01125
0 0.05289855072463768 0.36375 0.07391304347826087 0.01375
0 0.05289855072463768 0.22708333333333333 0.0644927536231884 0.01375
0 0.05289855072463768 0.11625 0.5442028985507247 0.01125
0 0.05507246376811594 0.09375 0.017391304347826087 0.004166666666666667
0 0.22028985507246376 0.0125 0.15434782608695652 0.03333333333333333
0 0.39202898550724635 0.0125 0.1644927536231884 0.03333333333333333
0 0.4811594202898551 0.4270833333333333 0.15289855072463768 0.028333333333333332
0 0.4811594202898551 0.4058333333333333 0.24202898550724639 0.01125
0 0.4811594202898551 0.38916666666666666 0.2746376811594203 0.01125
0 0.4826086956521739 0.36375 0.08333333333333333 0.010833333333333334
0 0.5739130434782609 0.0125 0.14565217391304347 0.03333333333333333
0 0.9101449275362319 0.36375 0.07246376811594203 0.01375
0 0.9108695652173913 0.4270833333333333 0.12246376811594203 0.028333333333333332
0 0.9115942028985508 0.4058333333333333 0.3072463768115942 0.01125
0 0.9115942028985508 0.38916666666666666 0.25 0.01125
0 0.9159420289855073 0.27375 0.13695652173913042 0.028333333333333332
0 0.9166666666666666 0.2529166666666667 0.5311594202898551 0.01125
0 0.9181159420289855 0.22708333333333333 0.06666666666666667 0.01375
0 1.3398550724637681 0.4270833333333333 0.1536231884057971 0.028333333333333332
0 1.3405797101449275 0.4058333333333333 0.30144927536231886 0.01125
0 1.3405797101449275 0.38916666666666666 0.2210144927536232 0.01125
0 1.3420289855072465 0.36375 0.07246376811594203 0.010833333333333334
