0 0.04420289855072464 0.0125 0.1536231884057971 0.03333333333333333
0 0.050724637681159424 0.26958333333333334 0.3347826086956522 0.01125
0 0.05144927536231884 0.4270833333333333 0.1318840579710145 0.028333333333333332
0 0.05144927536231884 0.29041666666666666 0.1463768115942029 0.028333333333333332
0 0.05144927536231884 0.1375 0.15797101449275364 0.028333333333333332
0 0.05144927536231884 0.09083333333333334 0.06231884057971015 0.01375
0 0.05217391304347826 0.4058333333333333 0.5391304347826087 0.01125
0 0.05217391304347826 0.2529166666666667 0.1963768115942029 0.01125
0 0.05289855072463768 0.3804166666666667 0.08333333333333333 0.010833333333333334
0 0.05289855072463768 0.22708333333333333 0.08188405797101449 0.010833333333333334
0 0.05289855072463768 0.11625 0.5463768115942029 0.01125
0 0.21521739130434783 0.0125 0.1572463768115942 0.03333333333333333
0 0.3898550724637681 0.0125 0.1471014492753623 0.03333333333333333
0 0.4811594202898551 0.29041666666666666 0.13840579710144926 0.028333333333333332
0 0.4811594202898551 0.26958333333333334 0.17681159420289855 0.01125
0 0.4811594202898551 0.2529166666666667 0.3333333333333333 0.01125
0 0.4811594202898551 0.22708333333333333 0.08260869565217391 0.01375
0 0.5543478260869565 0.0125 0.16304347826086957 0.03333333333333333
0 0.7347826086956522 0.0125 0.15797101449275364 0.03333333333333333
0 0.9108695652173913 0.29041666666666666 0.1391304347826087 0.028333333333333332
0 0.9108695652173913 0.26958333333333334 0.17173913043478262 0.01125
0 0.9115942028985508 0.2529166666666667 0.33695652173913043 0.01125
0 0.9123188405797101 0.22708333333333333 0.08333333333333333 0.01375
0 0.9159420289855073 0.1375 0.14782608695652175 0.028333333333333332
0 0.9159420289855073 0.09083333333333334 0.08550724637681159 0.010833333333333334
0 0.9166666666666666 0.11625 0.5434782608695652 0.01125
0 1.3398550724637681 0.29041666666666666 0.1492753623188406 0.028333333333333332
0 1.3405797101449275 0.26958333333333334 0.39855072463768115 0.01125
0 1.3405797101449275 0.2529166666666667 0.12971014492753624 0.01125
0 1.3413043478260869 0.22708333333333333 0.08550724637681159 0.01375
