0 0.04420289855072464 0.0125 0.1398550724637681 0.03333333333333333
0 0.05144927536231884 0.4270833333333333 0.1391304347826087 0.028333333333333332
0 0.05144927536231884 0.4058333333333333 0.27608695652173915 0.01125
0 0.05144927536231884 0.27375 0.14565217391304347 0.028333333333333332
0 0.05144927536231884 0.1375 0.1355072463768116 0.028333333333333332
0 0.05217391304347826 0.36333333333333334 0.06811594202898551 0.014166666666666666
0 0.05217391304347826 0.2529166666666667 0.5268115942028986 0.01125
0 0.05217391304347826 0.09041666666666667 0.06811594202898551 0.014166666666666666
0 0.05289855072463768 0.38916666666666666 0.26521739130434785 0.01125
0 0.05289855072463768 0.22708333333333333 0.07173913043478261 0.010833333333333334
0 0.05289855072463768 0.11625 0.5521739130434783 0.01125
0 0.05507246376811594 0.36666666666666664 0.017391304347826087 0.004166666666666667
0 0.20144927536231885 0.0125 0.14855072463768115 0.03333333333333333
0 0.3673913043478261 0.0125 0.14855072463768115 0.03333333333333333
0 0.48043478260869565 0.38916666666666666 0.3507246376811594 0.01125
0 0.4811594202898551 0.4270833333333333 0.15797101449275364 0.028333333333333332
0 0.4811594202898551 0.4058333333333333 0.1746376811594203 0.01125
0 0.4811594202898551 0.36375 0.057971014492753624 0.01375
0 0.5333333333333333 0.0125 0.13405797101449277 0.03333333333333333
0 0.6847826086956522 0.0125 0.14420289855072463 0.03333333333333333
0 0.9101449275362319 0.36375 0.07318840579710145 0.010833333333333334
0 0.9108695652173913 0.4270833333333333 0.12101449275362319 0.028333333333333332
0 0.9108695652173913 0.4058333333333333 0.20797101449275363 0.01125
0 0.9108695652173913 0.38916666666666666 0.3188405797101449 0.01125
0 0.9159420289855073 0.1375 0.1471014492753623 0.028333333333333332
0 0.9166666666666666 0.09083333333333334 0.06739130434782609 0.01375
0 0.9173913043478261 0.11625 0.5043478260869565 0.01125
0 1.3398550724637681 0.44375 0.13405797101449277 0.028333333333333332
0 1.3405797101449275 0.4058333333333333 0.3210144927536232 0.01125
0 1.3405797101449275 0.38916666666666666 0.1673913043478261 0.01125
0 1.3413043478260869 0.4225 0.03260869565217391 0.00875
0 1.3420289855072465 0.36375 0.06811594202898551 0.010833333333333334
0 1.344927536231884 0.37 0.015942028985507246 0.002916666666666667
