0 0.04420289855072464 0.0125 0.14855072463768115 0.03333333333333333
0 0.05144927536231884 0.4270833333333333 0.1565217391304348 0.028333333333333332
0 0.05144927536231884 0.4058333333333333 0.563768115942029 0.01125
0 0.05144927536231884 0.29041666666666666 0.13333333333333333 0.028333333333333332
0 0.05144927536231884 0.26958333333333334 0.5478260869565217 0.01125
0 0.05144927536231884 0.15416666666666667 0.1289855072463768 0.028333333333333332
0 0.05144927536231884 0.13291666666666666 0.02826086956521739 0.00875
0 0.05144927536231884 0.11625 0.3992753623188406 0.01125
0 0.05289855072463768 0.3804166666666667 0.06956521739130435 0.010833333333333334
0 0.05289855072463768 0.24375 0.07246376811594203 0.01375
0 0.05289855072463768 0.09083333333333334 0.0746376811594203 0.01375
0 0.21014492753623187 0.0125 0.1471014492753623 0.03333333333333333
0 0.3746376811594203 0.0125 0.15869565217391304 0.03333333333333333
0 0.4811594202898551 0.15416666666666667 0.13043478260869565 0.028333333333333332
0 0.4811594202898551 0.13291666666666666 0.32971014492753625 0.01125
0 0.4811594202898551 0.11625 0.24492753623188407 0.01125
0 0.48188405797101447 0.09041666666666667 0.06086956521739131 0.011666666666666667
0 0.9108695652173913 0.15416666666666667 0.1471014492753623 0.028333333333333332
0 0.9115942028985508 0.13291666666666666 0.3072463768115942 0.01125
0 0.9115942028985508 0.11625 0.24130434782608695 0.01125
0 0.9123188405797101 0.09083333333333334 0.07028985507246377 0.01375
0 0.9159420289855073 0.4270833333333333 0.1318840579710145 0.028333333333333332
0 0.9166666666666666 0.4058333333333333 0.5739130434782609 0.01125
0 0.9181159420289855 0.3804166666666667 0.06811594202898551 0.010833333333333334
0 1.3398550724637681 0.15416666666666667 0.14782608695652175 0.028333333333333332
0 1.3405797101449275 0.13291666666666666 0.2528985507246377 0.01125
0 1.3405797101449275 0.11625 0.29057971014492756 0.01125
0 1.3405797101449275 0.09041666666666667 0.07753623188405798 0.012083333333333333
