0 0.04420289855072464 0.0125 0.15507246376811595 0.03333333333333333
0 0.05144927536231884 0.4270833333333333 0.13623188405797101 0.028333333333333332
0 0.05144927536231884 0.27375 0.13695652173913042 0.028333333333333332
0 0.05144927536231884 0.1375 0.1427536231884058 0.028333333333333332
0 0.05144927536231884 0.09083333333333334 0.06376811594202898 0.01375
0 0.05217391304347826 0.4058333333333333 0.28043478260869564 0.01125
0 0.05217391304347826 0.38916666666666666 0.25869565217391305 0.01125
0 0.05217391304347826 0.2529166666666667 0.5391304347826087 0.01125
0 0.05217391304347826 0.22666666666666666 0.0644927536231884 0.014166666666666666
0 0.05217391304347826 0.11625 0.5384057971014493 0.01125
0 0.05289855072463768 0.36375 0.06884057971014493 0.01375
0 0.21666666666666667 0.0125 0.13043478260869565 0.03333333333333333
0 0.3644927536231884 0.0125 0.15217391304347827 0.03333333333333333
0 0.4811594202898551 0.4270833333333333 0.15072463768115943 0.028333333333333332
0 0.4811594202898551 0.38916666666666666 0.2644927536231884 0.01125
0 0.4811594202898551 0.36375 0.07608695652173914 0.01375
0 0.48188405797101447 0.4058333333333333 0.24855072463768116 0.01125
0 0.9108695652173913 0.4270833333333333 0.13260869565217392 0.028333333333333332
0 0.9115942028985508 0.4058333333333333 0.21956521739130436 0.01125
0 0.9115942028985508 0.38916666666666666 0.3217391304347826 0.01125
0 0.9123188405797101 0.36375 0.06594202898550725 0.01375
0 0.9159420289855073 0.27375 0.15434782608695652 0.028333333333333332
0 0.9166666666666666 0.2529166666666667 0.5246376811594203 0.01125
0 0.9181159420289855 0.22708333333333333 0.06739130434782609 0.01375
0 1.3398550724637681 0.4270833333333333 0.13623188405797101 0.028333333333333332
0 1.3405797101449275 0.38916666666666666 0.1927536231884058 0.01125
0 1.3413043478260869 0.4058333333333333 0.3804347826086957 0.01125
0 1.3420289855072465 0.36375 0.06666666666666667 0.01375
