0 0.04420289855072464 0.0125 0.15144927536231884 0.03333333333333333
0 0.050724637681159424 0.26958333333333334 0.16231884057971013 0.01125
0 0.050724637681159424 0.2529166666666667 0.34492753623188405 0.01125
0 0.05144927536231884 0.44375 0.13695652173913042 0.028333333333333332
0 0.05144927536231884 0.4225 0.5702898550724638 0.01125
0 0.05144927536231884 0.39708333333333334 0.09202898550724638 0.01125
0 0.05144927536231884 0.29041666666666666 0.1463768115942029 0.028333333333333332
0 0.05144927536231884 0.1375 0.1398550724637681 0.028333333333333332
0 0.05217391304347826 0.11625 0.5036231884057971 0.01125
0 0.05289855072463768 0.22708333333333333 0.07318840579710145 0.01375
0 0.05289855072463768 0.09083333333333334 0.0746376811594203 0.01375
0 0.21304347826086956 0.0125 0.14782608695652175 0.03333333333333333
0 0.3782608695652174 0.0125 0.15217391304347827 0.03333333333333333
0 0.4811594202898551 0.3070833333333333 0.1355072463768116 0.028333333333333332
0 0.4811594202898551 0.2529166666666667 0.15797101449275364 0.01125
0 0.48188405797101447 0.28625 0.20942028985507247 0.01125
0 0.48188405797101447 0.26958333333333334 0.213768115942029 0.01125
0 0.4826086956521739 0.22708333333333333 0.07681159420289856 0.010833333333333334
0 0.5478260869565217 0.0125 0.1536231884057971 0.03333333333333333
0 0.7188405797101449 0.0125 0.16159420289855073 0.03333333333333333
0 0.9108695652173913 0.29041666666666666 0.15507246376811595 0.028333333333333332
0 0.9108695652173913 0.2529166666666667 0.322463768115942 0.01125
0 0.9115942028985508 0.26958333333333334 0.19130434782608696 0.01125
0 0.9123188405797101 0.22708333333333333 0.059420289855072465 0.01375
0 0.9159420289855073 0.44375 0.13840579710144926 0.028333333333333332
0 0.9159420289855073 0.39708333333333334 0.07173913043478261 0.01375
0 0.9173913043478261 0.4225 0.49420289855072463 0.01125
0 1.3398550724637681 0.29041666666666666 0.14420289855072463 0.028333333333333332
0 1.3398550724637681 0.22708333333333333 0.058695652173913045 0.010833333333333334
0 1.3413043478260869 0.26958333333333334 0.20434782608695654 0.01125
0 1.3413043478260869 0.2529166666666667 0.30289855072463767 0.01125
