0 0.04420289855072464 0.0125 0.15434782608695652 0.03333333333333333
0 0.050724637681159424 0.4058333333333333 0.5608695652173913 0.01125
0 0.05144927536231884 0.4270833333333333 0.13840579710144926 0.028333333333333332
0 0.05144927536231884 0.29041666666666666 0.13623188405797101 0.028333333333333332
0 0.05144927536231884 0.1375 0.1318840579710145 0.028333333333333332
0 0.05217391304347826 0.3804166666666667 0.059420289855072465 0.01375
0 0.05217391304347826 0.2529166666666667 0.336231884057971 0.01125
0 0.05289855072463768 0.26958333333333334 0.22753623188405797 0.01125
0 0.05289855072463768 0.22708333333333333 0.07318840579710145 0.01375
0 0.05289855072463768 0.11625 0.5427536231884058 0.01125
0 0.05289855072463768 0.09083333333333334 0.05507246376811594 0.01375
0 0.21594202898550724 0.0125 0.1536231884057971 0.03333333333333333
0 0.3869565217391304 0.0125 0.15144927536231884 0.03333333333333333
0 0.4811594202898551 0.29041666666666666 0.14057971014492754 0.028333333333333332
0 0.4811594202898551 0.26958333333333334 0.18405797101449275 0.01125
0 0.4811594202898551 0.2529166666666667 0.3384057971014493 0.01125
0 0.4826086956521739 0.22708333333333333 0.06594202898550725 0.010833333333333334
0 0.5557971014492754 0.0125 0.15072463768115943 0.03333333333333333
0 0.7239130434782609 0.0125 0.1536231884057971 0.03333333333333333
0 0.9101449275362319 0.22708333333333333 0.07681159420289856 0.01375
0 0.9108695652173913 0.29041666666666666 0.13478260869565217 0.028333333333333332
0 0.9108695652173913 0.2529166666666667 0.2847826086956522 0.01125
0 0.9115942028985508 0.26958333333333334 0.2217391304347826 0.01125
0 0.9159420289855073 0.1375 0.12101449275362319 0.028333333333333332
0 0.9159420289855073 0.09083333333333334 0.08043478260869565 0.01375
0 0.9166666666666666 0.11625 0.5391304347826087 0.01125
0 1.3398550724637681 0.29041666666666666 0.14782608695652175 0.028333333333333332
0 1.3398550724637681 0.26958333333333334 0.26304347826086955 0.01125
0 1.3413043478260869 0.2529166666666667 0.24782608695652175 0.01125
0 1.3420289855072465 0.22708333333333333 0.07318840579710145 0.010833333333333334
