0 0.04420289855072464 0.0125 0.14420289855072463 0.03333333333333333
0 0.05144927536231884 0.44375 0.1492753623188406 0.028333333333333332
0 0.05144927536231884 0.4225 0.5615942028985508 0.01125
0 0.05144927536231884 0.3070833333333333 0.14492753623188406 0.028333333333333332
0 0.05144927536231884 0.15416666666666667 0.13405797101449277 0.028333333333333332
0 0.05217391304347826 0.39666666666666667 0.0644927536231884 0.014166666666666666
0 0.05217391304347826 0.26 0.05579710144927536 0.011666666666666667
0 0.05217391304347826 0.13291666666666666 0.23115942028985506 0.01125
0 0.05217391304347826 0.11625 0.33115942028985507 0.01125
0 0.05217391304347826 0.09083333333333334 0.07101449275362319 0.01375
0 0.05289855072463768 0.28625 0.5405797101449276 0.01125
0 0.05507246376811594 0.2633333333333333 0.017391304347826087 0.004166666666666667
0 0.20579710144927535 0.0125 0.15289855072463768 0.03333333333333333
0 0.4811594202898551 0.15416666666666667 0.1427536231884058 0.028333333333333332
0 0.4811594202898551 0.13291666666666666 0.21884057971014492 0.01125
0 0.4811594202898551 0.11625 0.3173913043478261 0.01125
0 0.4811594202898551 0.09083333333333334 0.06594202898550725 0.01375
0 0.9108695652173913 0.17083333333333334 0.14782608695652175 0.028333333333333332
0 0.9108695652173913 0.13291666666666666 0.3717391304347826 0.01125
0 0.9108695652173913 0.09041666666666667 0.06594202898550725 0.011666666666666667
0 0.9115942028985508 0.14958333333333335 0.03695652173913044 0.00875
0 0.9115942028985508 0.11625 0.15 0.01125
0 0.9159420289855073 0.3070833333333333 0.14565217391304347 0.028333333333333332
0 0.9159420289855073 0.2604166666666667 0.07536231884057971 0.01375
0 0.9173913043478261 0.28625 0.5224637681159421 0.01125
0 1.3398550724637681 0.15416666666666667 0.13115942028985508 0.028333333333333332
0 1.3398550724637681 0.09083333333333334 0.07173913043478261 0.01375
0 1.3405797101449275 0.13291666666666666 0.19710144927536233 0.01125
0 1.3405797101449275 0.11625 0.31376811594202897 0.01125
