0 0.04420289855072464 0.0125 0.17028985507246377 0.03333333333333333
0 0.05144927536231884 0.4270833333333333 0.1391304347826087 0.028333333333333332
0 0.05144927536231884 0.38916666666666666 0.31231884057971016 0.01125
0 0.05144927536231884 0.27375 0.12681159420289856 0.028333333333333332
0 0.05144927536231884 0.22708333333333333 0.08768115942028985 0.010833333333333334
0 0.05144927536231884 0.1375 0.12173913043478261 0.028333333333333332
0 0.05217391304347826 0.4058333333333333 0.2398550724637681 0.01125
0 0.05217391304347826 0.36333333333333334 0.06304347826086956 0.014166666666666666
0 0.05217391304347826 0.2529166666666667 0.5456521739130434 0.01125
0 0.05217391304347826 0.11625 0.5434782608695652 0.01125
0 0.05289855072463768 0.09083333333333334 0.08188405797101449 0.01375
0 0.2318840579710145 0.0125 0.1492753623188406 0.03333333333333333
0 0.4811594202898551 0.4270833333333333 0.1282608695652174 0.028333333333333332
0 0.4811594202898551 0.4058333333333333 0.2391304347826087 0.01125
0 0.4811594202898551 0.38916666666666666 0.2826086956521739 0.01125
0 0.4826086956521739 0.36375 0.07318840579710145 0.01375
0 0.9108695652173913 0.4270833333333333 0.13260869565217392 0.028333333333333332
0 0.9108695652173913 0.4058333333333333 0.29782608695652174 0.01125
0 0.9115942028985508 0.38916666666666666 0.23623188405797102 0.01125
0 0.9123188405797101 0.36375 0.05289855072463768 0.01375
0 0.9159420289855073 0.27375 0.14420289855072463 0.028333333333333332
0 0.9159420289855073 0.22708333333333333 0.07608695652173914 0.01375
0 0.9173913043478261 0.2529166666666667 0.5210144927536232 0.01125
0 1.3398550724637681 0.4270833333333333 0.14057971014492754 0.028333333333333332
0 1.3405797101449275 0.38916666666666666 0.34057971014492755 0.01125
0 1.3413043478260869 0.4058333333333333 0.2 0.01125
0 1.3420289855072465 0.36375 0.0746376811594203 0.010833333333333334
