0 0.04420289855072464 0.0125 0.14565217391304347 0.03333333333333333
0 0.050724637681159424 0.13291666666666666 0.1956521739130435 0.01125
0 0.05144927536231884 0.4270833333333333 0.14347826086956522 0.028333333333333332
0 0.05144927536231884 0.29041666666666666 0.12536231884057972 0.028333333333333332
0 0.05144927536231884 0.26958333333333334 0.5478260869565217 0.01125
0 0.05144927536231884 0.15416666666666667 0.13768115942028986 0.028333333333333332
0 0.05144927536231884 0.09083333333333334 0.06304347826086956 0.01125
0 0.05217391304347826 0.4058333333333333 0.577536231884058 0.01125
0 0.05217391304347826 0.11625 0.30289855072463767 0.01125
0 0.05289855072463768 0.3804166666666667 0.06594202898550725 0.01375
0 0.05289855072463768 0.24375 0.06594202898550725 0.010833333333333334
0 0.2072463768115942 0.0125 0.16956521739130434 0.03333333333333333
0 0.4811594202898551 0.15416666666666667 0.12681159420289856 0.028333333333333332
0 0.4811594202898551 0.13291666666666666 0.2710144927536232 0.01125
0 0.48188405797101447 0.11625 0.322463768115942 0.01125
0 0.48188405797101447 0.09041666666666667 0.07028985507246377 0.014166666666666666
0 0.9108695652173913 0.15416666666666667 0.1282608695652174 0.028333333333333332
0 0.9108695652173913 0.13291666666666666 0.1927536231884058 0.01125
0 0.9108695652173913 0.11625 0.3456521739130435 0.01125
0 0.9123188405797101 0.09083333333333334 0.05652173913043478 0.01375
0 0.9159420289855073 0.4270833333333333 0.14492753623188406 0.028333333333333332
0 0.9166666666666666 0.4058333333333333 0.5572463768115942 0.01125
0 0.9181159420289855 0.3804166666666667 0.06376811594202898 0.010833333333333334
0 1.3398550724637681 0.15416666666666667 0.14565217391304347 0.028333333333333332
0 1.3405797101449275 0.11625 0.23115942028985506 0.01125
0 1.3413043478260869 0.13291666666666666 0.3239130434782609 0.01125
0 1.3420289855072465 0.09083333333333334 0.06376811594202898 0.010833333333333334
