0 0.04420289855072464 0.0125 0.14855072463768115 0.03333333333333333
0 0.050724637681159424 0.4058333333333333 0.1855072463768116 0.01125
0 0.05144927536231884 0.4270833333333333 0.1608695652173913 0.028333333333333332
0 0.05144927536231884 0.38916666666666666 0.32463768115942027 0.01125
0 0.05144927536231884 0.36375 0.06884057971014493 0.01375
0 0.05144927536231884 0.27375 0.15072463768115943 0.028333333333333332
0 0.05144927536231884 0.1375 0.16159420289855073 0.028333333333333332
0 0.05144927536231884 0.09083333333333334 0.0572463768115942 0.010833333333333334
0 0.05217391304347826 0.2529166666666667 0.5615942028985508 0.01125
0 0.05217391304347826 0.22708333333333333 0.07681159420289856 0.01375
0 0.05289855072463768 0.11625 0.5115942028985507 0.01125
0 0.21014492753623187 0.0125 0.1463768115942029 0.03333333333333333
0 0.3739130434782609 0.0125 0.12391304347826088 0.03333333333333333
0 0.4811594202898551 0.4270833333333333 0.13768115942028986 0.028333333333333332
0 0.4811594202898551 0.4058333333333333 0.21304347826086956 0.01125
0 0.48188405797101447 0.38916666666666666 0.3007246376811594 0.01125
0 0.4826086956521739 0.36375 0.08550724637681159 0.010833333333333334
0 0.5152173913043478 0.0125 0.15 0.03333333333333333
0 0.9101449275362319 0.36375 0.060144927536231886 0.01375
0 0.9108695652173913 0.4270833333333333 0.13768115942028986 0.028333333333333332
0 0.9108695652173913 0.4058333333333333 0.2528985507246377 0.01125
0 0.9108695652173913 0.38916666666666666 0.2847826086956522 0.01125
0 0.9159420289855073 0.27375 0.1398550724637681 0.028333333333333332
0 0.9159420289855073 0.22708333333333333 0.06666666666666667 0.01375
0 0.9166666666666666 0.2529166666666667 0.5442028985507247 0.01125
0 1.3398550724637681 0.4270833333333333 0.1391304347826087 0.028333333333333332
0 1.3405797101449275 0.4058333333333333 0.27246376811594203 0.00875
0 1.3405797101449275 0.38916666666666666 0.2920289855072464 0.01125
0 1.3405797101449275 0.36333333333333334 0.06666666666666667 0.014166666666666666
