0 0.04420289855072464 0.0125 0.13478260869565217 0.03333333333333333
0 0.05144927536231884 0.29041666666666666 0.12681159420289856 0.028333333333333332
0 0.05144927536231884 0.26958333333333334 0.27318840579710146 0.01125
0 0.05144927536231884 0.1375 0.1355072463768116 0.028333333333333332
0 0.05144927536231884 0.11625 0.518840579710145 0.01125
0 0.05144927536231884 0.09083333333333334 0.06811594202898551 0.01375
0 0.05217391304347826 0.2529166666666667 0.21231884057971015 0.01125
0 0.05289855072463768 0.22708333333333333 0.07391304347826087 0.010833333333333334
0 0.1963768115942029 0.0125 0.13840579710144926 0.03333333333333333
0 0.4811594202898551 0.29041666666666666 0.12608695652173912 0.028333333333333332
0 0.4811594202898551 0.26958333333333334 0.2673913043478261 0.01125
0 0.48188405797101447 0.2529166666666667 0.29637681159420287 0.01125
0 0.48188405797101447 0.22666666666666666 0.07318840579710145 0.014166666666666666
0 0.9101449275362319 0.22708333333333333 0.08985507246376812 0.010833333333333334
0 0.9108695652173913 0.29041666666666666 0.1492753623188406 0.028333333333333332
0 0.9108695652173913 0.2529166666666667 0.24130434782608695 0.01125
0 0.9115942028985508 0.26958333333333334 0.26956521739130435 0.01125
0 1.3398550724637681 0.29041666666666666 0.12971014492753624 0.028333333333333332
0 1.3398550724637681 0.26958333333333334 0.22608695652173913 0.01125
0 1.3398550724637681 0.2529166666666667 0.286231884057971 0.01125
0 1.3405797101449275 0.22666666666666666 0.0644927536231884 0.012083333333333333
