0 0.04420289855072464 0.0125 0.14420289855072463 0.03333333333333333
0 0.05144927536231884 0.44375 0.14202898550724638 0.028333333333333332
0 0.05144927536231884 0.3070833333333333 0.12971014492753624 0.028333333333333332
0 0.05144927536231884 0.15416666666666667 0.15072463768115943 0.028333333333333332
0 0.05144927536231884 0.13291666666666666 0.22391304347826088 0.01125
0 0.05217391304347826 0.4225 0.5420289855072464 0.01125
0 0.05217391304347826 0.28625 0.5471014492753623 0.01125
0 0.05217391304347826 0.26 0.07608695652173914 0.012083333333333333
0 0.05217391304347826 0.11625 0.2811594202898551 0.01125
0 0.05217391304347826 0.09041666666666667 0.06739130434782609 0.014166666666666666
0 0.05289855072463768 0.39708333333333334 0.07101449275362319 0.01375
0 0.20579710144927535 0.0125 0.15797101449275364 0.03333333333333333
0 0.38115942028985506 0.0125 0.13478260869565217 0.03333333333333333
0 0.48043478260869565 0.09083333333333334 0.07246376811594203 0.01375
0 0.4811594202898551 0.17083333333333334 0.13260869565217392 0.028333333333333332
0 0.4811594202898551 0.14958333333333335 0.16521739130434782 0.01125
0 0.4811594202898551 0.13291666666666666 0.26811594202898553 0.01125
0 0.4811594202898551 0.11625 0.09057971014492754 0.01125
0 0.5333333333333333 0.0125 0.14782608695652175 0.03333333333333333
0 0.6985507246376812 0.0125 0.16304347826086957 0.03333333333333333
0 0.9108695652173913 0.15416666666666667 0.1492753623188406 0.028333333333333332
0 0.9108695652173913 0.11625 0.30217391304347824 0.01125
0 0.9115942028985508 0.13291666666666666 0.23478260869565218 0.01125
0 0.9115942028985508 0.09041666666666667 0.07971014492753623 0.014166666666666666
0 1.3398550724637681 0.17083333333333334 0.14420289855072463 0.028333333333333332
0 1.3405797101449275 0.13291666666666666 0.26304347826086955 0.01125
0 1.3413043478260869 0.14958333333333335 0.0963768115942029 0.01125
0 1.3413043478260869 0.11625 0.13043478260869565 0.01125
0 1.3420289855072465 0.09083333333333334 0.07753623188405798 0.01375
