0 0.04420289855072464 0.0125 0.15 0.03333333333333333
0 0.05144927536231884 0.4270833333333333 0.1471014492753623 0.028333333333333332
0 0.05144927536231884 0.29041666666666666 0.13768115942028986 0.028333333333333332
0 0.05144927536231884 0.26958333333333334 0.5572463768115942 0.01125
0 0.05144927536231884 0.15416666666666667 0.1318840579710145 0.028333333333333332
0 0.05144927536231884 0.13291666666666666 0.24782608695652175 0.01125
0 0.05217391304347826 0.4058333333333333 0.5434782608695652 0.01125
0 0.05217391304347826 0.24333333333333335 0.0746376811594203 0.014166666666666666
0 0.05217391304347826 0.11625 0.28695652173913044 0.01125
0 0.05289855072463768 0.3804166666666667 0.08043478260869565 0.010833333333333334
0 0.05289855072463768 0.09083333333333334 0.08115942028985507 0.01375
0 0.21159420289855072 0.0125 0.14855072463768115 0.03333333333333333
0 0.377536231884058 0.0125 0.1492753623188406 0.03333333333333333
0 0.4811594202898551 0.15416666666666667 0.14782608695652175 0.028333333333333332
0 0.48188405797101447 0.13291666666666666 0.1463768115942029 0.01125
0 0.48188405797101447 0.11625 0.3347826086956522 0.01125
0 0.4826086956521739 0.09083333333333334 0.06666666666666667 0.010833333333333334
0 0.9108695652173913 0.15416666666666667 0.12101449275362319 0.028333333333333332
0 0.9108695652173913 0.13291666666666666 0.1782608695652174 0.01125
0 0.9108695652173913 0.11625 0.3065217391304348 0.01125
0 0.9115942028985508 0.09041666666666667 0.07391304347826087 0.011666666666666667
0 0.9144927536231884 0.09375 0.016666666666666666 0.004166666666666667
0 0.9159420289855073 0.4270833333333333 0.11666666666666667 0.028333333333333332
0 0.9159420289855073 0.3804166666666667 0.06594202898550725 0.01375
0 0.9166666666666666 0.4058333333333333 0.5514492753623188 0.01125
0 1.3398550724637681 0.15416666666666667 0.12318840579710146 0.028333333333333332
0 1.3398550724637681 0.09083333333333334 0.06666666666666667 0.01375
0 1.3405797101449275 0.13291666666666666 0.21159420289855072 0.01125
0 1.3413043478260869 0.11625 0.34492753623188405 0.01125
