0 0.04420289855072464 0.0125 0.14782608695652175 0.03333333333333333
0 0.05144927536231884 0.4270833333333333 0.15144927536231884 0.028333333333333332
0 0.05144927536231884 0.4058333333333333 0.5246376811594203 0.01125
0 0.05144927536231884 0.29041666666666666 0.15217391304347827 0.028333333333333332
0 0.05144927536231884 0.2529166666666667 0.2920289855072464 0.01125
0 0.05144927536231884 0.1375 0.15289855072463768 0.028333333333333332
0 0.05144927536231884 0.09083333333333334 0.07536231884057971 0.01125
0 0.05217391304347826 0.26958333333333334 0.213768115942029 0.01125
0 0.05217391304347826 0.22666666666666666 0.07173913043478261 0.011666666666666667
0 0.05217391304347826 0.11625 0.5376811594202898 0.01125
0 0.05289855072463768 0.3804166666666667 0.07173913043478261 0.01375
0 0.20942028985507247 0.0125 0.1492753623188406 0.03333333333333333
0 0.3760869565217391 0.0125 0.1463768115942029 0.03333333333333333
0 0.4811594202898551 0.29041666666666666 0.14855072463768115 0.028333333333333332
0 0.4811594202898551 0.26958333333333334 0.2144927536231884 0.01125
0 0.48188405797101447 0.2529166666666667 0.3007246376811594 0.01125
0 0.4826086956521739 0.22708333333333333 0.06376811594202898 0.01375
0 0.5398550724637681 0.0125 0.1471014492753623 0.03333333333333333
0 0.9101449275362319 0.26958333333333334 0.24420289855072463 0.01125
0 0.9101449275362319 0.22708333333333333 0.08043478260869565 0.01375
0 0.9108695652173913 0.29041666666666666 0.13260869565217392 0.028333333333333332
0 0.9108695652173913 0.2529166666666667 0.31521739130434784 0.01125
0 0.9159420289855073 0.1375 0.12681159420289856 0.028333333333333332
0 0.9166666666666666 0.11625 0.6086956521739131 0.01125
0 0.9173913043478261 0.09041666666666667 0.07391304347826087 0.012083333333333333
0 1.3398550724637681 0.29041666666666666 0.1355072463768116 0.028333333333333332
0 1.3405797101449275 0.26958333333333334 0.16376811594202897 0.01125
0 1.3405797101449275 0.2529166666666667 0.33260869565217394 0.01125
0 1.3405797101449275 0.22666666666666666 0.07173913043478261 0.011666666666666667
