0 0.04420289855072464 0.0125 0.16231884057971013 0.03333333333333333
0 0.05144927536231884 0.4270833333333333 0.14202898550724638 0.028333333333333332
0 0.05144927536231884 0.29041666666666666 0.14565217391304347 0.028333333333333332
0 0.05144927536231884 0.24375 0.0746376811594203 0.010833333333333334
0 0.05144927536231884 0.15416666666666667 0.15869565217391304 0.028333333333333332
0 0.05217391304347826 0.4058333333333333 0.4963768115942029 0.01125
0 0.05217391304347826 0.26958333333333334 0.5217391304347826 0.01125
0 0.05217391304347826 0.13291666666666666 0.21811594202898552 0.01125
0 0.05289855072463768 0.3804166666666667 0.05652173913043478 0.010833333333333334
0 0.05289855072463768 0.11625 0.30289855072463767 0.01125
0 0.05289855072463768 0.09083333333333334 0.07101449275362319 0.01375
0 0.22391304347826088 0.0125 0.14130434782608695 0.03333333333333333
0 0.3826086956521739 0.0125 0.1492753623188406 0.03333333333333333
0 0.4811594202898551 0.15416666666666667 0.14565217391304347 0.028333333333333332
0 0.4811594202898551 0.13291666666666666 0.2811594202898551 0.01125
0 0.4811594202898551 0.11625 0.2833333333333333 0.01125
0 0.4826086956521739 0.09083333333333334 0.06811594202898551 0.01375
0 0.5492753623188406 0.0125 0.14202898550724638 0.03333333333333333
0 0.7086956521739131 0.0125 0.1391304347826087 0.03333333333333333
0 0.9108695652173913 0.15416666666666667 0.12753623188405797 0.028333333333333332
0 0.9108695652173913 0.13291666666666666 0.20507246376811594 0.01125
0 0.9115942028985508 0.11625 0.286231884057971 0.01125
0 0.9123188405797101 0.09083333333333334 0.06594202898550725 0.01125
0 0.9159420289855073 0.4270833333333333 0.1427536231884058 0.028333333333333332
0 0.9159420289855073 0.3804166666666667 0.07173913043478261 0.01375
0 0.9173913043478261 0.4058333333333333 0.5210144927536232 0.01125
0 1.3398550724637681 0.15416666666666667 0.13695652173913042 0.028333333333333332
0 1.3398550724637681 0.09083333333333334 0.08115942028985507 0.01375
0 1.3405797101449275 0.11625 0.26666666666666666 0.01125
0 1.3413043478260869 0.13291666666666666 0.21521739130434783 0.01125
