0 0.04420289855072464 0.0125 0.1391304347826087 0.03333333333333333
0 0.050724637681159424 0.43916666666666665 0.28043478260869564 0.01125
0 0.05144927536231884 0.46041666666666664 0.14202898550724638 0.028333333333333332
0 0.05144927536231884 0.3070833333333333 0.13043478260869565 0.028333333333333332
0 0.05144927536231884 0.24375 0.059420289855072465 0.010833333333333334
0 0.05144927536231884 0.15416666666666667 0.14855072463768115 0.028333333333333332
0 0.05144927536231884 0.11625 0.21231884057971015 0.01125
0 0.05144927536231884 0.09083333333333334 0.0746376811594203 0.01375
0 0.05217391304347826 0.4225 0.25072463768115943 0.01125
0 0.05217391304347826 0.39708333333333334 0.07898550724637682 0.01375
0 0.05217391304347826 0.28625 0.2326086956521739 0.01125
0 0.05217391304347826 0.26958333333333334 0.28840579710144926 0.01125
0 0.05289855072463768 0.13291666666666666 0.29637681159420287 0.01125
0 0.20072463768115942 0.0125 0.14420289855072463 0.03333333333333333
0 0.36231884057971014 0.0125 0.13260869565217392 0.03333333333333333
0 0.48043478260869565 0.39708333333333334 0.07753623188405798 0.010833333333333334
0 0.48043478260869565 0.09083333333333334 0.07318840579710145 0.01125
0 0.4811594202898551 0.46041666666666664 0.13623188405797101 0.028333333333333332
0 0.4811594202898551 0.43916666666666665 0.19057971014492753 0.01125
0 0.4811594202898551 0.4225 0.33115942028985507 0.01125
0 0.4811594202898551 0.3070833333333333 0.15144927536231884 0.028333333333333332
0 0.4811594202898551 0.28625 0.2898550724637681 0.01125
0 0.4811594202898551 0.15416666666666667 0.14130434782608695 0.028333333333333332
0 0.4811594202898551 0.13291666666666666 0.28840579710144926 0.01125
0 0.4811594202898551 0.11625 0.22246376811594204 0.01125
0 0.48188405797101447 0.26958333333333334 0.27898550724637683 0.01125
0 0.48188405797101447 0.24333333333333335 0.06884057971014493 0.014166666666666666
0 0.9101449275362319 0.09083333333333334 0.08840579710144927 0.010833333333333334
0 0.9108695652173913 0.46041666666666664 0.14782608695652175 0.028333333333333332
0 0.9108695652173913 0.43916666666666665 0.33768115942028987 0.01125
0 0.9108695652173913 0.4225 0.2289855072463768 0.01125
0 0.9108695652173913 0.3070833333333333 0.14347826086956522 0.028333333333333332
0 0.9108695652173913 0.26958333333333334 0.20579710144927535 0.01125
0 0.9108695652173913 0.15416666666666667 0.13623188405797101 0.028333333333333332
0 0.9108695652173913 0.13291666666666666 0.24492753623188407 0.01125
0 0.9108695652173913 0.11625 0.30434782608695654 0.01125
0 0.9115942028985508 0.28625 0.33768115942028987 0.01125
0 0.9123188405797101 0.39708333333333334 0.05579710144927536 0.01375
0 0.9123188405797101 0.24375 0.07246376811594203 0.01375
0 1.3398550724637681 0.46041666666666664 0.1391304347826087 0.028333333333333332
0 1.3398550724637681 0.3070833333333333 0.12318840579710146 0.028333333333333332
0 1.3398550724637681 0.24375 0.08115942028985507 0.01375
0 1.3398550724637681 0.15416666666666667 0.1471014492753623 0.028333333333333332
0 1.3405797101449275 0.43916666666666665 0.15797101449275364 0.01125
0 1.3405797101449275 0.11625 0.31231884057971016 0.01125
0 1.3413043478260869 0.4225 0.32028985507246377 0.01125
0 1.3413043478260869 0.28625 0.26956521739130435 0.01125
0 1.3413043478260869 0.26958333333333334 0.2876811594202899 0.01125
0 1.3413043478260869 0.13291666666666666 0.21231884057971015 0.01125
0 1.3420289855072465 0.39708333333333334 0.06666666666666667 0.01375
0 1.3420289855072465 0.09083333333333334 0.0644927536231884 0.01375
