0 0.04420289855072464 0.0125 0.1572463768115942 0.03333333333333333
0 0.050724637681159424 0.26958333333333334 0.3463768115942029 0.01125
0 0.05144927536231884 0.44375 0.1427536231884058 0.028333333333333332
0 0.05144927536231884 0.3070833333333333 0.12101449275362319 0.028333333333333332
0 0.05144927536231884 0.28625 0.017391304347826087 0.01125
0 0.05144927536231884 0.1375 0.14420289855072463 0.028333333333333332
0 0.05144927536231884 0.11625 0.5318840579710145 0.01125
0 0.05217391304347826 0.22666666666666666 0.06666666666666667 0.014166666666666666
0 0.05289855072463768 0.4225 0.5166666666666667 0.01125
0 0.05289855072463768 0.39708333333333334 0.06231884057971015 0.010833333333333334
0 0.05289855072463768 0.2529166666666667 0.17608695652173914 0.01125
0 0.05289855072463768 0.09083333333333334 0.06811594202898551 0.01375
0 0.21884057971014492 0.0125 0.1391304347826087 0.03333333333333333
0 0.3753623188405797 0.0125 0.13043478260869565 0.03333333333333333
0 0.4811594202898551 0.29041666666666666 0.14492753623188406 0.028333333333333332
0 0.4811594202898551 0.2529166666666667 0.336231884057971 0.01125
0 0.48188405797101447 0.26958333333333334 0.17753623188405798 0.01125
0 0.4826086956521739 0.22708333333333333 0.06666666666666667 0.01375
0 0.5231884057971015 0.0125 0.14202898550724638 0.03333333333333333
0 0.9101449275362319 0.22708333333333333 0.07536231884057971 0.01375
0 0.9108695652173913 0.29041666666666666 0.12173913043478261 0.028333333333333332
0 0.9115942028985508 0.26958333333333334 0.3210144927536232 0.01125
0 0.9115942028985508 0.2529166666666667 0.21884057971014492 0.01125
0 0.9159420289855073 0.44375 0.14492753623188406 0.028333333333333332
0 0.9159420289855073 0.39708333333333334 0.07391304347826087 0.01375
0 0.9166666666666666 0.4225 0.5021739130434782 0.01125
0 1.3398550724637681 0.29041666666666666 0.13115942028985508 0.028333333333333332
0 1.3405797101449275 0.26958333333333334 0.22246376811594204 0.01125
0 1.3405797101449275 0.2529166666666667 0.29637681159420287 0.01125
0 1.3413043478260869 0.22666666666666666 0.06739130434782609 0.014166666666666666
