0 0.04420289855072464 0.0125 0.16376811594202897 0.03333333333333333
0 0.05144927536231884 0.15416666666666667 0.14492753623188406 0.028333333333333332
0 0.05289855072463768 0.13291666666666666 0.2391304347826087 0.01125
0 0.05289855072463768 0.11625 0.2942028985507246 0.01125
0 0.05289855072463768 0.09083333333333334 0.07391304347826087 0.01375
0 0.22536231884057972 0.0125 0.14202898550724638 0.03333333333333333
0 0.3847826086956522 0.0125 0.1471014492753623 0.03333333333333333
0 0.4811594202898551 0.15416666666666667 0.14855072463768115 0.028333333333333332
0 0.4811594202898551 0.13291666666666666 0.22608695652173913 0.01125
0 0.48188405797101447 0.11625 0.3072463768115942 0.01125
0 0.4826086956521739 0.09083333333333334 0.0746376811594203 0.01125
0 0.9108695652173913 0.15416666666666667 0.1398550724637681 0.028333333333333332
0 0.9108695652173913 0.11625 0.3318840579710145 0.01125
0 0.9115942028985508 0.13291666666666666 0.21739130434782608 0.01125
0 0.9123188405797101 0.09083333333333334 0.07318840579710145 0.01375
0 1.3398550724637681 0.15416666666666667 0.1282608695652174 0.028333333333333332
0 1.3405797101449275 0.11625 0.22971014492753622 0.01125
0 1.3405797101449275 0.09083333333333334 0.058695652173913045 0.010833333333333334
0 1.3413043478260869 0.13291666666666666 0.30434782608695654 0.01125
