0 0.04420289855072464 0.0125 0.1471014492753623 0.03333333333333333
0 0.050724637681159424 0.38916666666666666 0.21521739130434783 0.01125
0 0.05144927536231884 0.4270833333333333 0.14347826086956522 0.028333333333333332
0 0.05144927536231884 0.4058333333333333 0.2920289855072464 0.01125
0 0.05144927536231884 0.27375 0.1398550724637681 0.028333333333333332
0 0.05144927536231884 0.1375 0.1398550724637681 0.028333333333333332
0 0.05144927536231884 0.11625 0.5565217391304348 0.01125
0 0.05144927536231884 0.09083333333333334 0.0644927536231884 0.01375
0 0.05217391304347826 0.36333333333333334 0.06594202898550725 0.014166666666666666
0 0.05217391304347826 0.2529166666666667 0.5572463768115942 0.01125
0 0.05289855072463768 0.22708333333333333 0.06666666666666667 0.01375
0 0.20869565217391303 0.0125 0.15434782608695652 0.03333333333333333
0 0.3804347826086957 0.0125 0.13478260869565217 0.03333333333333333
0 0.4811594202898551 0.4270833333333333 0.15072463768115943 0.028333333333333332
0 0.4811594202898551 0.4058333333333333 0.19782608695652174 0.01125
0 0.4811594202898551 0.38916666666666666 0.33768115942028987 0.01125
0 0.4826086956521739 0.36375 0.07391304347826087 0.01125
0 0.9108695652173913 0.4270833333333333 0.13405797101449277 0.028333333333333332
0 0.9108695652173913 0.4058333333333333 0.23623188405797102 0.01125
0 0.9115942028985508 0.38916666666666666 0.2826086956521739 0.01125
0 0.9123188405797101 0.36375 0.0644927536231884 0.010833333333333334
0 0.9159420289855073 0.27375 0.13695652173913042 0.028333333333333332
0 0.9159420289855073 0.22708333333333333 0.06739130434782609 0.010833333333333334
0 0.9166666666666666 0.2529166666666667 0.5253623188405797 0.01125
0 1.3398550724637681 0.44375 0.13840579710144926 0.028333333333333332
0 1.3405797101449275 0.4225 0.05579710144927536 0.01125
0 1.3405797101449275 0.36333333333333334 0.06739130434782609 0.011666666666666667
0 1.3413043478260869 0.4058333333333333 0.2876811594202899 0.01125
0 1.3413043478260869 0.38916666666666666 0.16014492753623188 0.01125
0 1.3442028985507246 0.36666666666666664 0.016666666666666666 0.004166666666666667
