0 0.04420289855072464 0.0125 0.15797101449275364 0.03333333333333333
0 0.05144927536231884 0.4270833333333333 0.12971014492753624 0.028333333333333332
0 0.05144927536231884 0.27375 0.15 0.028333333333333332
0 0.05144927536231884 0.1375 0.16594202898550725 0.028333333333333332
0 0.05144927536231884 0.11625 0.5362318840579711 0.01125
0 0.05217391304347826 0.38916666666666666 0.21666666666666667 0.01125
0 0.05217391304347826 0.09041666666666667 0.060144927536231886 0.014166666666666666
0 0.05289855072463768 0.4058333333333333 0.3333333333333333 0.01125
0 0.05289855072463768 0.36375 0.07173913043478261 0.01375
0 0.05289855072463768 0.2529166666666667 0.5181159420289855 0.01125
0 0.05289855072463768 0.22708333333333333 0.08478260869565217 0.01375
0 0.21956521739130436 0.0125 0.13768115942028986 0.03333333333333333
0 0.3746376811594203 0.0125 0.14057971014492754 0.03333333333333333
0 0.48043478260869565 0.4058333333333333 0.16521739130434782 0.01125
0 0.4811594202898551 0.4270833333333333 0.13478260869565217 0.028333333333333332
0 0.4811594202898551 0.38916666666666666 0.34492753623188405 0.01125
0 0.4826086956521739 0.36375 0.08333333333333333 0.01375
0 0.532608695652174 0.0125 0.15434782608695652 0.03333333333333333
0 0.9108695652173913 0.4270833333333333 0.1463768115942029 0.028333333333333332
0 0.9108695652173913 0.38916666666666666 0.26014492753623186 0.01125
0 0.9108695652173913 0.36375 0.07318840579710145 0.01375
0 0.9115942028985508 0.4058333333333333 0.3065217391304348 0.01125
0 0.9159420289855073 0.27375 0.13405797101449277 0.028333333333333332
0 0.9166666666666666 0.2529166666666667 0.6021739130434782 0.01125
0 0.9181159420289855 0.22708333333333333 0.06811594202898551 0.01375
0 1.3398550724637681 0.44375 0.13478260869565217 0.028333333333333332
0 1.3413043478260869 0.4225 0.12971014492753624 0.01125
0 1.3413043478260869 0.4058333333333333 0.33405797101449275 0.01125
0 1.3413043478260869 0.38916666666666666 0.09130434782608696 0.01125
0 1.3420289855072465 0.36375 0.07173913043478261 0.01375
