0 0.04420289855072464 0.0125 0.13768115942028986 0.03333333333333333
0 0.05144927536231884 0.4270833333333333 0.1644927536231884 0.028333333333333332
0 0.05144927536231884 0.27375 0.13623188405797101 0.028333333333333332
0 0.05144927536231884 0.2529166666666667 0.5572463768115942 0.01125
0 0.05144927536231884 0.22708333333333333 0.06159420289855073 0.01375
0 0.05144927536231884 0.1375 0.15144927536231884 0.028333333333333332
0 0.05217391304347826 0.38916666666666666 0.2427536231884058 0.01125
0 0.05217391304347826 0.09041666666666667 0.07246376811594203 0.014166666666666666
0 0.05289855072463768 0.4058333333333333 0.2898550724637681 0.01125
0 0.05289855072463768 0.36375 0.07318840579710145 0.01375
0 0.05289855072463768 0.11625 0.553623188405797 0.01125
0 0.19927536231884058 0.0125 0.14565217391304347 0.03333333333333333
0 0.4811594202898551 0.4270833333333333 0.13333333333333333 0.028333333333333332
0 0.4811594202898551 0.4058333333333333 0.1746376811594203 0.01125
0 0.4811594202898551 0.38916666666666666 0.3456521739130435 0.01125
0 0.48188405797101447 0.36333333333333334 0.07391304347826087 0.014166666666666666
0 0.9108695652173913 0.4270833333333333 0.13840579710144926 0.028333333333333332
0 0.9108695652173913 0.38916666666666666 0.21884057971014492 0.01125
0 0.9108695652173913 0.36375 0.06594202898550725 0.010833333333333334
0 0.9115942028985508 0.4058333333333333 0.27753623188405796 0.01125
0 1.3398550724637681 0.4270833333333333 0.1536231884057971 0.028333333333333332
0 1.3398550724637681 0.36375 0.07391304347826087 0.010833333333333334
0 1.3405797101449275 0.4058333333333333 0.1746376811594203 0.01125
0 1.3413043478260869 0.38916666666666666 0.3217391304347826 0.01125
