0 0.04420289855072464 0.0125 0.14782608695652175 0.03333333333333333
0 0.05144927536231884 0.41041666666666665 0.15 0.028333333333333332
0 0.05144927536231884 0.27375 0.14855072463768115 0.028333333333333332
0 0.05144927536231884 0.22708333333333333 0.0644927536231884 0.01375
0 0.05144927536231884 0.1375 0.1463768115942029 0.028333333333333332
0 0.05144927536231884 0.11625 0.5289855072463768 0.01125
0 0.05217391304347826 0.38916666666666666 0.5289855072463768 0.01125
0 0.05217391304347826 0.36333333333333334 0.06811594202898551 0.014166666666666666
0 0.05217391304347826 0.2529166666666667 0.5507246376811594 0.01125
0 0.05289855072463768 0.09083333333333334 0.06956521739130435 0.010833333333333334
0 0.05507246376811594 0.36666666666666664 0.017391304347826087 0.004166666666666667
0 0.20942028985507247 0.0125 0.15434782608695652 0.03333333333333333
0 0.38115942028985506 0.0125 0.14130434782608695 0.03333333333333333
0 0.5398550724637681 0.0125 0.16666666666666666 0.03333333333333333
0 0.9159420289855073 0.27375 0.15579710144927536 0.028333333333333332
0 0.9159420289855073 0.1375 0.13623188405797101 0.028333333333333332
0 0.9159420289855073 0.09083333333333334 0.07391304347826087 0.01375
0 0.9166666666666666 0.2529166666666667 0.55 0.01125
0 0.9166666666666666 0.11625 0.5456521739130434 0.01125
0 0.9181159420289855 0.22708333333333333 0.08115942028985507 0.01375
