0 0.04420289855072464 0.0125 0.13333333333333333 0.03333333333333333
0 0.05144927536231884 0.41041666666666665 0.15507246376811595 0.028333333333333332
0 0.05144927536231884 0.36375 0.0891304347826087 0.01375
0 0.05144927536231884 0.27375 0.1608695652173913 0.028333333333333332
0 0.05144927536231884 0.2529166666666667 0.5173913043478261 0.01125
0 0.05144927536231884 0.1375 0.1463768115942029 0.028333333333333332
0 0.05217391304347826 0.11625 0.5898550724637681 0.01125
0 0.05217391304347826 0.09041666666666667 0.07608695652173914 0.014166666666666666
0 0.05289855072463768 0.38916666666666666 0.4855072463768116 0.01125
0 0.05289855072463768 0.22708333333333333 0.08333333333333333 0.010833333333333334
0 0.19492753623188405 0.0125 0.15942028985507245 0.03333333333333333
0 0.3717391304347826 0.0125 0.13840579710144926 0.03333333333333333
0 0.527536231884058 0.0125 0.1492753623188406 0.03333333333333333
0 0.9159420289855073 0.41041666666666665 0.15 0.028333333333333332
0 0.9173913043478261 0.38916666666666666 0.5202898550724637 0.01125
0 0.9173913043478261 0.36333333333333334 0.07753623188405798 0.014166666666666666
