0 0.04420289855072464 0.0125 0.15072463768115943 0.03333333333333333
0 0.05144927536231884 0.44375 0.1463768115942029 0.028333333333333332
0 0.05144927536231884 0.3070833333333333 0.15434782608695652 0.028333333333333332
0 0.05144927536231884 0.28625 0.5710144927536231 0.01125
0 0.05144927536231884 0.15416666666666667 0.14782608695652175 0.028333333333333332
0 0.05144927536231884 0.13291666666666666 0.336231884057971 0.01125
0 0.05217391304347826 0.26 0.07173913043478261 0.014166666666666666
0 0.05217391304347826 0.09041666666666667 0.057971014492753624 0.012083333333333333
0 0.05289855072463768 0.4225 0.49130434782608695 0.01125
0 0.05289855072463768 0.39708333333333334 0.06884057971014493 0.01375
0 0.05289855072463768 0.11625 0.2391304347826087 0.01125
0 0.21231884057971015 0.0125 0.14420289855072463 0.03333333333333333
0 0.4811594202898551 0.15416666666666667 0.15217391304347827 0.028333333333333332
0 0.4811594202898551 0.11625 0.32608695652173914 0.01125
0 0.48188405797101447 0.13291666666666666 0.20507246376811594 0.01125
0 0.4826086956521739 0.09083333333333334 0.057971014492753624 0.01375
0 0.9101449275362319 0.14958333333333335 0.06086956521739131 0.01125
0 0.9101449275362319 0.09083333333333334 0.0782608695652174 0.01375
0 0.9108695652173913 0.17083333333333334 0.1471014492753623 0.028333333333333332
0 0.9108695652173913 0.13291666666666666 0.4 0.01125
0 0.9115942028985508 0.11625 0.03985507246376811 0.00875
0 0.9159420289855073 0.44375 0.13695652173913042 0.028333333333333332
0 0.9173913043478261 0.4225 0.5782608695652174 0.01125
0 0.9181159420289855 0.39708333333333334 0.06304347826086956 0.010833333333333334
0 1.3398550724637681 0.15416666666666667 0.14782608695652175 0.028333333333333332
0 1.3398550724637681 0.11625 0.3007246376811594 0.01125
0 1.3405797101449275 0.13291666666666666 0.24565217391304348 0.01125
0 1.3405797101449275 0.09083333333333334 0.06159420289855073 0.01375
