0 0.04420289855072464 0.0125 0.1463768115942029 0.03333333333333333
0 0.05144927536231884 0.4270833333333333 0.1398550724637681 0.028333333333333332
0 0.05144927536231884 0.27375 0.12536231884057972 0.028333333333333332
0 0.05144927536231884 0.1375 0.14782608695652175 0.028333333333333332
0 0.05217391304347826 0.4058333333333333 0.28043478260869564 0.01125
0 0.05217391304347826 0.38916666666666666 0.22826086956521738 0.01125
0 0.05217391304347826 0.11625 0.5144927536231884 0.01125
0 0.05289855072463768 0.36375 0.06811594202898551 0.01125
0 0.05289855072463768 0.2529166666666667 0.5347826086956522 0.01125
0 0.05289855072463768 0.22708333333333333 0.057971014492753624 0.010833333333333334
0 0.05289855072463768 0.09083333333333334 0.059420289855072465 0.01375
0 0.20797101449275363 0.0125 0.14420289855072463 0.03333333333333333
0 0.4811594202898551 0.4270833333333333 0.15072463768115943 0.028333333333333332
0 0.4811594202898551 0.4058333333333333 0.20869565217391303 0.01125
0 0.4811594202898551 0.38916666666666666 0.3050724637681159 0.01125
0 0.4826086956521739 0.36375 0.06376811594202898 0.01375
0 0.9108695652173913 0.4270833333333333 0.1318840579710145 0.028333333333333332
0 0.9108695652173913 0.36375 0.06304347826086956 0.01125
0 0.9115942028985508 0.4058333333333333 0.1644927536231884 0.01125
0 0.9115942028985508 0.38916666666666666 0.3079710144927536 0.01125
0 0.9159420289855073 0.27375 0.14565217391304347 0.028333333333333332
0 0.9166666666666666 0.2529166666666667 0.5210144927536232 0.01125
0 0.9181159420289855 0.22708333333333333 0.06159420289855073 0.01375
0 1.3398550724637681 0.4270833333333333 0.1492753623188406 0.028333333333333332
0 1.3398550724637681 0.36375 0.07173913043478261 0.010833333333333334
0 1.3405797101449275 0.4058333333333333 0.2927536231884058 0.01125
0 1.3413043478260869 0.38916666666666666 0.22971014492753622 0.01125
