0 0.04420289855072464 0.0125 0.15072463768115943 0.03333333333333333
0 0.05144927536231884 0.4270833333333333 0.13405797101449277 0.028333333333333332
0 0.05144927536231884 0.27375 0.12971014492753624 0.028333333333333332
0 0.05144927536231884 0.2529166666666667 0.5478260869565217 0.01125
0 0.05144927536231884 0.22708333333333333 0.05507246376811594 0.01125
0 0.05144927536231884 0.1375 0.15217391304347827 0.028333333333333332
0 0.05217391304347826 0.4058333333333333 0.3072463768115942 0.01125
0 0.05289855072463768 0.38916666666666666 0.24347826086956523 0.01125
0 0.05289855072463768 0.36375 0.09057971014492754 0.01125
0 0.05289855072463768 0.11625 0.5485507246376812 0.01125
0 0.05289855072463768 0.09083333333333334 0.0746376811594203 0.01375
0 0.21231884057971015 0.0125 0.1398550724637681 0.03333333333333333
0 0.4811594202898551 0.4270833333333333 0.13260869565217392 0.028333333333333332
0 0.4811594202898551 0.38916666666666666 0.21956521739130436 0.01125
0 0.4811594202898551 0.36375 0.06739130434782609 0.01375
0 0.48188405797101447 0.4058333333333333 0.28840579710144926 0.01125
0 0.9108695652173913 0.4270833333333333 0.14202898550724638 0.028333333333333332
0 0.9108695652173913 0.38916666666666666 0.3065217391304348 0.01125
0 0.9115942028985508 0.4058333333333333 0.20652173913043478 0.01125
0 0.9115942028985508 0.36333333333333334 0.07681159420289856 0.014166666666666666
0 0.9159420289855073 0.27375 0.13478260869565217 0.028333333333333332
0 0.9173913043478261 0.2529166666666667 0.5550724637681159 0.01125
0 0.9181159420289855 0.22708333333333333 0.07608695652173914 0.01375
0 1.3398550724637681 0.4270833333333333 0.15217391304347827 0.028333333333333332
0 1.3405797101449275 0.38916666666666666 0.1644927536231884 0.00875
0 1.3413043478260869 0.4058333333333333 0.34347826086956523 0.01125
0 1.3420289855072465 0.36375 0.06739130434782609 0.01375
