0 0.04420289855072464 0.0125 0.1463768115942029 0.03333333333333333
0 0.05144927536231884 0.15416666666666667 0.15144927536231884 0.028333333333333332
0 0.05217391304347826 0.13291666666666666 0.3173913043478261 0.01125
0 0.05289855072463768 0.11625 0.1826086956521739 0.01125
0 0.05289855072463768 0.09083333333333334 0.0746376811594203 0.010833333333333334
0 0.20797101449275363 0.0125 0.14782608695652175 0.03333333333333333
0 0.37318840579710144 0.0125 0.13260869565217392 0.03333333333333333
0 0.48043478260869565 0.09083333333333334 0.059420289855072465 0.01375
0 0.4811594202898551 0.15416666666666667 0.15217391304347827 0.028333333333333332
0 0.4811594202898551 0.13291666666666666 0.4007246376811594 0.01125
0 0.48188405797101447 0.11625 0.1572463768115942 0.01125
0 0.5231884057971015 0.0125 0.14492753623188406 0.03333333333333333
0 0.6855072463768116 0.0125 0.13333333333333333 0.03333333333333333
0 0.9108695652173913 0.15416666666666667 0.14565217391304347 0.028333333333333332
0 0.9108695652173913 0.13291666666666666 0.19782608695652174 0.01125
0 0.9115942028985508 0.11625 0.3289855072463768 0.01125
0 0.9123188405797101 0.09083333333333334 0.07753623188405798 0.01375
0 1.3398550724637681 0.15416666666666667 0.13260869565217392 0.028333333333333332
0 1.3398550724637681 0.13291666666666666 0.19492753623188405 0.01125
0 1.3413043478260869 0.11625 0.33043478260869563 0.01125
0 1.3420289855072465 0.09083333333333334 0.07391304347826087 0.01125
