0 0.0 0.5691666666666667 0.7289855072463768 0.005833333333333334
0 0.04420289855072464 0.0125 0.1471014492753623 0.03333333333333333
0 0.05144927536231884 0.4270833333333333 0.12971014492753624 0.028333333333333332
0 0.05144927536231884 0.29041666666666666 0.15 0.028333333333333332
0 0.05144927536231884 0.26958333333333334 0.24347826086956523 0.01125
0 0.05144927536231884 0.22708333333333333 0.06086956521739131 0.01375
0 0.05144927536231884 0.1375 0.13840579710144926 0.028333333333333332
0 0.05217391304347826 0.4058333333333333 0.5405797101449276 0.01125
0 0.05289855072463768 0.3804166666666667 0.04927536231884058 0.01375
0 0.05289855072463768 0.2529166666666667 0.29637681159420287 0.01125
0 0.05289855072463768 0.11625 0.5420289855072464 0.01125
0 0.05289855072463768 0.09083333333333334 0.04565217391304348 0.01375
0 0.20869565217391303 0.0125 0.15579710144927536 0.03333333333333333
0 0.3818840579710145 0.0125 0.16376811594202897 0.03333333333333333
0 0.4811594202898551 0.29041666666666666 0.14782608695652175 0.028333333333333332
0 0.4811594202898551 0.2529166666666667 0.2920289855072464 0.01125
0 0.4811594202898551 0.22708333333333333 0.06521739130434782 0.01125
0 0.48188405797101447 0.26958333333333334 0.2644927536231884 0.01125
0 0.7630434782608696 0.51 0.2144927536231884 0.01125
0 0.9108695652173913 0.29041666666666666 0.14202898550724638 0.028333333333333332
0 0.9115942028985508 0.26958333333333334 0.18840579710144928 0.01125
0 0.9115942028985508 0.2529166666666667 0.32318840579710145 0.01125
0 0.9115942028985508 0.22666666666666666 0.06811594202898551 0.014166666666666666
0 0.9159420289855073 0.4270833333333333 0.14420289855072463 0.028333333333333332
0 0.9159420289855073 0.3804166666666667 0.06594202898550725 0.010833333333333334
0 0.9173913043478261 0.4058333333333333 0.5521739130434783 0.01125
0 1.3398550724637681 0.29041666666666666 0.13623188405797101 0.028333333333333332
0 1.3398550724637681 0.26958333333333334 0.07536231884057971 0.01125
0 1.3405797101449275 0.2529166666666667 0.39855072463768115 0.01125
0 1.3405797101449275 0.22708333333333333 0.07608695652173914 0.010833333333333334
