0 0.04420289855072464 0.0125 0.13840579710144926 0.03333333333333333
0 0.05144927536231884 0.4270833333333333 0.13695652173913042 0.028333333333333332
0 0.05144927536231884 0.29041666666666666 0.14347826086956522 0.028333333333333332
0 0.05144927536231884 0.15416666666666667 0.12608695652173912 0.028333333333333332
0 0.05144927536231884 0.09083333333333334 0.07391304347826087 0.01375
0 0.05217391304347826 0.4058333333333333 0.5268115942028986 0.01125
0 0.05217391304347826 0.26958333333333334 0.5826086956521739 0.01125
0 0.05217391304347826 0.24333333333333335 0.06594202898550725 0.014166666666666666
0 0.05217391304347826 0.11625 0.30434782608695654 0.01125
0 0.05289855072463768 0.3804166666666667 0.06739130434782609 0.010833333333333334
0 0.05289855072463768 0.13291666666666666 0.23768115942028986 0.01125
0 0.2 0.0125 0.1463768115942029 0.03333333333333333
0 0.36376811594202896 0.0125 0.1391304347826087 0.03333333333333333
0 0.4811594202898551 0.15416666666666667 0.1536231884057971 0.028333333333333332
0 0.4811594202898551 0.13291666666666666 0.322463768115942 0.01125
0 0.4811594202898551 0.11625 0.20579710144927535 0.01125
0 0.48188405797101447 0.09041666666666667 0.08478260869565217 0.014166666666666666
0 0.5202898550724637 0.0125 0.1565217391304348 0.03333333333333333
0 0.6942028985507246 0.0125 0.14057971014492754 0.03333333333333333
0 0.9108695652173913 0.15416666666666667 0.13405797101449277 0.028333333333333332
0 0.9108695652173913 0.13291666666666666 0.3 0.01125
0 0.9108695652173913 0.11625 0.2528985507246377 0.01125
0 0.9115942028985508 0.09041666666666667 0.07391304347826087 0.014166666666666666
0 0.9159420289855073 0.4270833333333333 0.14420289855072463 0.028333333333333332
0 0.9159420289855073 0.3804166666666667 0.06666666666666667 0.010833333333333334
0 0.9166666666666666 0.4058333333333333 0.5195652173913043 0.01125
0 1.3398550724637681 0.15416666666666667 0.15579710144927536 0.028333333333333332
0 1.3398550724637681 0.09083333333333334 0.0644927536231884 0.010833333333333334
0 1.3405797101449275 0.13291666666666666 0.20217391304347826 0.01125
0 1.3405797101449275 0.11625 0.31956521739130433 0.01125
