0 0.04420289855072464 0.0125 0.12536231884057972 0.03333333333333333
0 0.05144927536231884 0.4270833333333333 0.1282608695652174 0.028333333333333332
0 0.05144927536231884 0.29041666666666666 0.14855072463768115 0.028333333333333332
0 0.05144927536231884 0.2529166666666667 0.3188405797101449 0.01125
0 0.05144927536231884 0.1375 0.13333333333333333 0.028333333333333332
0 0.05144927536231884 0.09083333333333334 0.07391304347826087 0.010833333333333334
0 0.05217391304347826 0.4058333333333333 0.5528985507246377 0.01125
0 0.05217391304347826 0.26958333333333334 0.18043478260869567 0.01125
0 0.05217391304347826 0.22666666666666666 0.07391304347826087 0.011666666666666667
0 0.05289855072463768 0.3804166666666667 0.07608695652173914 0.010833333333333334
0 0.05289855072463768 0.11625 0.5239130434782608 0.01125
0 0.18695652173913044 0.0125 0.14130434782608695 0.03333333333333333
0 0.3456521739130435 0.0125 0.15797101449275364 0.03333333333333333
0 0.4811594202898551 0.29041666666666666 0.1391304347826087 0.028333333333333332
0 0.4811594202898551 0.26958333333333334 0.2318840579710145 0.01125
0 0.48188405797101447 0.2529166666666667 0.32463768115942027 0.01125
0 0.4826086956521739 0.22708333333333333 0.07971014492753623 0.01375
0 0.5210144927536232 0.0125 0.15144927536231884 0.03333333333333333
0 0.9101449275362319 0.22708333333333333 0.07101449275362319 0.010833333333333334
0 0.9108695652173913 0.29041666666666666 0.1282608695652174 0.028333333333333332
0 0.9108695652173913 0.26958333333333334 0.2072463768115942 0.01125
0 0.9108695652173913 0.2529166666666667 0.35434782608695653 0.01125
0 0.9159420289855073 0.1375 0.14347826086956522 0.028333333333333332
0 0.9166666666666666 0.11625 0.5311594202898551 0.01125
0 0.9173913043478261 0.09041666666666667 0.07536231884057971 0.011666666666666667
0 1.3398550724637681 0.29041666666666666 0.1427536231884058 0.028333333333333332
0 1.3398550724637681 0.22708333333333333 0.08115942028985507 0.01375
0 1.3405797101449275 0.26958333333333334 0.33043478260869563 0.01125
0 1.3413043478260869 0.2529166666666667 0.1855072463768116 0.01125
