0 0.04420289855072464 0.0125 0.14855072463768115 0.03333333333333333
0 0.05144927536231884 0.29041666666666666 0.13333333333333333 0.028333333333333332
0 0.05144927536231884 0.24375 0.07536231884057971 0.01375
0 0.05144927536231884 0.15416666666666667 0.12536231884057972 0.028333333333333332
0 0.05144927536231884 0.13291666666666666 0.25217391304347825 0.01125
0 0.05144927536231884 0.09083333333333334 0.0746376811594203 0.01375
0 0.05217391304347826 0.26958333333333334 0.4920289855072464 0.01125
0 0.05217391304347826 0.11625 0.28695652173913044 0.01125
0 0.21014492753623187 0.0125 0.13405797101449277 0.03333333333333333
0 0.3615942028985507 0.0125 0.1492753623188406 0.03333333333333333
0 0.48043478260869565 0.11625 0.34855072463768116 0.01125
0 0.4811594202898551 0.15416666666666667 0.14420289855072463 0.028333333333333332
0 0.48188405797101447 0.13291666666666666 0.17753623188405798 0.01125
0 0.4826086956521739 0.09083333333333334 0.06811594202898551 0.010833333333333334
0 0.5282608695652173 0.0125 0.1572463768115942 0.03333333333333333
0 0.7028985507246377 0.0125 0.14855072463768115 0.03333333333333333
0 0.9108695652173913 0.15416666666666667 0.1282608695652174 0.028333333333333332
0 0.9108695652173913 0.13291666666666666 0.31666666666666665 0.01125
0 0.9115942028985508 0.11625 0.2108695652173913 0.01125
0 0.9123188405797101 0.09083333333333334 0.0746376811594203 0.01375
0 0.9159420289855073 0.29041666666666666 0.12971014492753624 0.028333333333333332
0 0.9166666666666666 0.26958333333333334 0.5239130434782608 0.01125
0 0.9181159420289855 0.24375 0.0746376811594203 0.01375
0 1.3398550724637681 0.15416666666666667 0.15289855072463768 0.028333333333333332
0 1.3398550724637681 0.09083333333333334 0.06521739130434782 0.010833333333333334
0 1.3405797101449275 0.11625 0.3217391304347826 0.01125
0 1.3413043478260869 0.13291666666666666 0.21014492753623187 0.01125
