0 0.04420289855072464 0.0125 0.1536231884057971 0.03333333333333333
0 0.05144927536231884 0.4270833333333333 0.14855072463768115 0.028333333333333332
0 0.05144927536231884 0.4058333333333333 0.49420289855072463 0.01125
0 0.05144927536231884 0.3804166666666667 0.07971014492753623 0.01375
0 0.05144927536231884 0.29041666666666666 0.13840579710144926 0.028333333333333332
0 0.05144927536231884 0.26958333333333334 0.5695652173913044 0.01125
0 0.05144927536231884 0.24375 0.07608695652173914 0.01375
0 0.05144927536231884 0.15416666666666667 0.14492753623188406 0.028333333333333332
0 0.05217391304347826 0.13291666666666666 0.1753623188405797 0.01125
0 0.05289855072463768 0.11625 0.32753623188405795 0.01125
0 0.05289855072463768 0.09083333333333334 0.06739130434782609 0.010833333333333334
0 0.21521739130434783 0.0125 0.14420289855072463 0.03333333333333333
0 0.4811594202898551 0.15416666666666667 0.1355072463768116 0.028333333333333332
0 0.48188405797101447 0.13291666666666666 0.2463768115942029 0.01125
0 0.48188405797101447 0.11625 0.26014492753623186 0.01125
0 0.48188405797101447 0.09041666666666667 0.06086956521739131 0.011666666666666667
0 0.48478260869565215 0.09375 0.017391304347826087 0.004166666666666667
0 0.9108695652173913 0.15416666666666667 0.1391304347826087 0.028333333333333332
0 0.9108695652173913 0.13291666666666666 0.2536231884057971 0.01125
0 0.9115942028985508 0.11625 0.3065217391304348 0.01125
0 0.9123188405797101 0.09083333333333334 0.06376811594202898 0.010833333333333334
0 0.9159420289855073 0.4270833333333333 0.14782608695652175 0.028333333333333332
0 0.9159420289855073 0.4058333333333333 0.5224637681159421 0.01125
0 0.9159420289855073 0.3804166666666667 0.08043478260869565 0.010833333333333334
0 1.3398550724637681 0.15416666666666667 0.1289855072463768 0.028333333333333332
0 1.3398550724637681 0.11625 0.2391304347826087 0.01125
0 1.3405797101449275 0.13291666666666666 0.31521739130434784 0.01125
0 1.3420289855072465 0.09083333333333334 0.06376811594202898 0.01375
