0 0.04420289855072464 0.0125 0.14855072463768115 0.03333333333333333
0 0.05144927536231884 0.4270833333333333 0.13840579710144926 0.028333333333333332
0 0.05144927536231884 0.3804166666666667 0.07971014492753623 0.01375
0 0.05144927536231884 0.29041666666666666 0.14565217391304347 0.028333333333333332
0 0.05144927536231884 0.26958333333333334 0.5659420289855073 0.01125
0 0.05144927536231884 0.15416666666666667 0.15217391304347827 0.028333333333333332
0 0.05144927536231884 0.09083333333333334 0.07028985507246377 0.01375
0 0.05217391304347826 0.4058333333333333 0.5427536231884058 0.01125
0 0.05217391304347826 0.11625 0.29782608695652174 0.01125
0 0.05289855072463768 0.24375 0.06376811594202898 0.01375
0 0.05289855072463768 0.13291666666666666 0.2210144927536232 0.01125
0 0.21014492753623187 0.0125 0.15579710144927536 0.03333333333333333
0 0.4811594202898551 0.15416666666666667 0.14782608695652175 0.028333333333333332
0 0.4811594202898551 0.13291666666666666 0.3065217391304348 0.01125
0 0.4811594202898551 0.11625 0.22826086956521738 0.01125
0 0.4811594202898551 0.09083333333333334 0.0746376811594203 0.01125
0 0.9108695652173913 0.15416666666666667 0.14420289855072463 0.028333333333333332
0 0.9108695652173913 0.11625 0.25072463768115943 0.01125
0 0.9108695652173913 0.09083333333333334 0.0746376811594203 0.010833333333333334
0 0.9115942028985508 0.13291666666666666 0.286231884057971 0.01125
0 0.9159420289855073 0.29041666666666666 0.12753623188405797 0.028333333333333332
0 0.9159420289855073 0.26958333333333334 0.5521739130434783 0.01125
0 0.9181159420289855 0.24375 0.06521739130434782 0.01375
0 1.3398550724637681 0.15416666666666667 0.14420289855072463 0.028333333333333332
0 1.3405797101449275 0.09041666666666667 0.06666666666666667 0.012083333333333333
0 1.3413043478260869 0.13291666666666666 0.3978260869565217 0.01125
0 1.3413043478260869 0.11625 0.10869565217391304 0.01125
