0 0.04420289855072464 0.0125 0.15434782608695652 0.03333333333333333
0 0.05144927536231884 0.4270833333333333 0.14130434782608695 0.028333333333333332
0 0.05144927536231884 0.3804166666666667 0.06666666666666667 0.010833333333333334
0 0.05144927536231884 0.29041666666666666 0.15434782608695652 0.028333333333333332
0 0.05144927536231884 0.1375 0.15579710144927536 0.028333333333333332
0 0.05217391304347826 0.4058333333333333 0.5550724637681159 0.01125
0 0.05217391304347826 0.26958333333333334 0.20579710144927535 0.01125
0 0.05289855072463768 0.2529166666666667 0.3188405797101449 0.01125
0 0.05289855072463768 0.22708333333333333 0.07681159420289856 0.01125
0 0.05289855072463768 0.11625 0.5789855072463768 0.01125
0 0.05289855072463768 0.09083333333333334 0.06811594202898551 0.01375
0 0.21594202898550724 0.0125 0.16376811594202897 0.03333333333333333
0 0.39710144927536234 0.0125 0.14202898550724638 0.03333333333333333
0 0.4811594202898551 0.29041666666666666 0.12753623188405797 0.028333333333333332
0 0.4811594202898551 0.26958333333333334 0.24057971014492754 0.01125
0 0.48188405797101447 0.2529166666666667 0.2898550724637681 0.01125
0 0.4826086956521739 0.22708333333333333 0.050724637681159424 0.010833333333333334
0 0.5565217391304348 0.0125 0.1246376811594203 0.03333333333333333
0 0.9108695652173913 0.29041666666666666 0.15797101449275364 0.028333333333333332
0 0.9108695652173913 0.26958333333333334 0.18115942028985507 0.01125
0 0.9115942028985508 0.2529166666666667 0.32971014492753625 0.01125
0 0.9123188405797101 0.22708333333333333 0.07101449275362319 0.01375
0 0.9159420289855073 0.1375 0.15144927536231884 0.028333333333333332
0 0.9166666666666666 0.11625 0.49130434782608695 0.01125
0 0.9166666666666666 0.09083333333333334 0.08550724637681159 0.01375
0 1.3398550724637681 0.29041666666666666 0.13260869565217392 0.028333333333333332
0 1.3405797101449275 0.2529166666666667 0.32318840579710145 0.01125
0 1.3413043478260869 0.26958333333333334 0.2818840579710145 0.01125
0 1.3420289855072465 0.22708333333333333 0.07391304347826087 0.01375
