0 0.04420289855072464 0.0125 0.16014492753623188 0.03333333333333333
0 0.05144927536231884 0.27375 0.14565217391304347 0.028333333333333332
0 0.05144927536231884 0.1375 0.15072463768115943 0.028333333333333332
0 0.05144927536231884 0.09083333333333334 0.06521739130434782 0.010833333333333334
0 0.05289855072463768 0.2529166666666667 0.5246376811594203 0.01125
0 0.05289855072463768 0.22708333333333333 0.07173913043478261 0.010833333333333334
0 0.05289855072463768 0.11625 0.5695652173913044 0.01125
0 0.2217391304347826 0.0125 0.14057971014492754 0.03333333333333333
0 0.37971014492753624 0.0125 0.15 0.03333333333333333
0 0.5471014492753623 0.0125 0.15507246376811595 0.03333333333333333
0 0.7195652173913043 0.0125 0.15507246376811595 0.03333333333333333
