0 0.04420289855072464 0.0125 0.1398550724637681 0.03333333333333333
0 0.050724637681159424 0.38916666666666666 0.3456521739130435 0.01125
0 0.05144927536231884 0.4270833333333333 0.14202898550724638 0.028333333333333332
0 0.05144927536231884 0.27375 0.14492753623188406 0.028333333333333332
0 0.05144927536231884 0.1375 0.14565217391304347 0.028333333333333332
0 0.05217391304347826 0.4058333333333333 0.19855072463768117 0.01125
0 0.05217391304347826 0.2529166666666667 0.5239130434782608 0.01125
0 0.05217391304347826 0.11625 0.5231884057971015 0.01125
0 0.05289855072463768 0.36375 0.06739130434782609 0.01125
0 0.05289855072463768 0.22708333333333333 0.06811594202898551 0.01375
0 0.05289855072463768 0.09083333333333334 0.0782608695652174 0.01375
0 0.20144927536231885 0.0125 0.14057971014492754 0.03333333333333333
0 0.35942028985507246 0.0125 0.13840579710144926 0.03333333333333333
0 0.48043478260869565 0.36375 0.06304347826086956 0.010833333333333334
0 0.4811594202898551 0.4270833333333333 0.1398550724637681 0.028333333333333332
0 0.4811594202898551 0.4058333333333333 0.2528985507246377 0.01125
0 0.4811594202898551 0.38916666666666666 0.2833333333333333 0.01125
0 0.5152173913043478 0.0125 0.1463768115942029 0.03333333333333333
0 0.9108695652173913 0.4270833333333333 0.14492753623188406 0.028333333333333332
0 0.9108695652173913 0.4058333333333333 0.2644927536231884 0.01125
0 0.9108695652173913 0.38916666666666666 0.2797101449275362 0.01125
0 0.9123188405797101 0.36375 0.06304347826086956 0.01375
0 0.9159420289855073 0.1375 0.1463768115942029 0.028333333333333332
0 0.9166666666666666 0.09083333333333334 0.0572463768115942 0.01125
0 0.9173913043478261 0.11625 0.55 0.01125
0 1.3398550724637681 0.4270833333333333 0.1463768115942029 0.028333333333333332
0 1.3405797101449275 0.4058333333333333 0.2514492753623188 0.01125
0 1.3405797101449275 0.38916666666666666 0.3173913043478261 0.01125
0 1.3420289855072465 0.36375 0.07318840579710145 0.010833333333333334
