0 0.04420289855072464 0.0125 0.14420289855072463 0.03333333333333333
0 0.05144927536231884 0.4270833333333333 0.13840579710144926 0.028333333333333332
0 0.05144927536231884 0.29041666666666666 0.15072463768115943 0.028333333333333332
0 0.05144927536231884 0.1375 0.1471014492753623 0.028333333333333332
0 0.05144927536231884 0.11625 0.527536231884058 0.01125
0 0.05144927536231884 0.09083333333333334 0.08405797101449275 0.01125
0 0.05217391304347826 0.26958333333333334 0.1927536231884058 0.01125
0 0.05289855072463768 0.4058333333333333 0.5166666666666667 0.01125
0 0.05289855072463768 0.3804166666666667 0.06594202898550725 0.01375
0 0.05289855072463768 0.2529166666666667 0.3355072463768116 0.01125
0 0.05289855072463768 0.22708333333333333 0.08043478260869565 0.010833333333333334
0 0.20579710144927535 0.0125 0.15217391304347827 0.03333333333333333
0 0.3753623188405797 0.0125 0.15434782608695652 0.03333333333333333
0 0.4811594202898551 0.29041666666666666 0.1391304347826087 0.028333333333333332
0 0.4811594202898551 0.2529166666666667 0.22391304347826088 0.01125
0 0.48188405797101447 0.26958333333333334 0.3007246376811594 0.01125
0 0.4826086956521739 0.22708333333333333 0.06956521739130435 0.010833333333333334
0 0.5471014492753623 0.0125 0.14855072463768115 0.03333333333333333
0 0.7130434782608696 0.0125 0.14855072463768115 0.03333333333333333
0 0.9108695652173913 0.29041666666666666 0.14057971014492754 0.028333333333333332
0 0.9115942028985508 0.26958333333333334 0.1956521739130435 0.01125
0 0.9115942028985508 0.2529166666666667 0.322463768115942 0.01125
0 0.9123188405797101 0.22708333333333333 0.06594202898550725 0.01375
0 0.9159420289855073 0.1375 0.15144927536231884 0.028333333333333332
0 0.9166666666666666 0.11625 0.5405797101449276 0.01125
0 0.9166666666666666 0.09083333333333334 0.06956521739130435 0.01375
0 1.3398550724637681 0.29041666666666666 0.13840579710144926 0.028333333333333332
0 1.3398550724637681 0.2529166666666667 0.30434782608695654 0.01125
0 1.3405797101449275 0.26958333333333334 0.2492753623188406 0.01125
0 1.3420289855072465 0.22708333333333333 0.07173913043478261 0.010833333333333334
