0 0.04420289855072464 0.0125 0.1471014492753623 0.03333333333333333
0 0.05144927536231884 0.4270833333333333 0.1471014492753623 0.028333333333333332
0 0.05144927536231884 0.4058333333333333 0.2942028985507246 0.01125
0 0.05144927536231884 0.38916666666666666 0.24420289855072463 0.01125
0 0.05144927536231884 0.27375 0.13768115942028986 0.028333333333333332
0 0.05144927536231884 0.1375 0.1318840579710145 0.028333333333333332
0 0.05217391304347826 0.36333333333333334 0.06304347826086956 0.014166666666666666
0 0.05217391304347826 0.2529166666666667 0.5543478260869565 0.01125
0 0.05217391304347826 0.11625 0.4905797101449275 0.01125
0 0.05289855072463768 0.22708333333333333 0.06884057971014493 0.01375
0 0.05289855072463768 0.09083333333333334 0.07246376811594203 0.010833333333333334
0 0.05507246376811594 0.36666666666666664 0.017391304347826087 0.004166666666666667
0 0.20869565217391303 0.0125 0.13115942028985508 0.03333333333333333
0 0.3572463768115942 0.0125 0.16014492753623188 0.03333333333333333
0 0.4811594202898551 0.44375 0.13623188405797101 0.028333333333333332
0 0.4811594202898551 0.4058333333333333 0.3644927536231884 0.01125
0 0.48188405797101447 0.4225 0.13768115942028986 0.01125
0 0.48188405797101447 0.38916666666666666 0.05507246376811594 0.01125
0 0.48188405797101447 0.36333333333333334 0.08840579710144927 0.011666666666666667
0 0.5347826086956522 0.0125 0.1398550724637681 0.03333333333333333
0 0.9108695652173913 0.4270833333333333 0.13768115942028986 0.028333333333333332
0 0.9108695652173913 0.38916666666666666 0.4 0.01125
0 0.9115942028985508 0.4058333333333333 0.18188405797101448 0.01125
0 0.9115942028985508 0.36333333333333334 0.07536231884057971 0.011666666666666667
0 0.9159420289855073 0.27375 0.1391304347826087 0.028333333333333332
0 0.9166666666666666 0.2529166666666667 0.5072463768115942 0.01125
0 0.9181159420289855 0.22708333333333333 0.07753623188405798 0.01375
0 1.3398550724637681 0.4270833333333333 0.14130434782608695 0.028333333333333332
0 1.3398550724637681 0.38916666666666666 0.3289855072463768 0.01125
0 1.3398550724637681 0.36375 0.06739130434782609 0.01375
0 1.3405797101449275 0.4058333333333333 0.22971014492753622 0.01125
