0 0.04420289855072464 0.0125 0.1565217391304348 0.03333333333333333
0 0.05144927536231884 0.44375 0.15144927536231884 0.028333333333333332
0 0.05144927536231884 0.3070833333333333 0.14202898550724638 0.028333333333333332
0 0.05144927536231884 0.28625 0.5434782608695652 0.01125
0 0.05144927536231884 0.17083333333333334 0.15289855072463768 0.028333333333333332
0 0.05144927536231884 0.14958333333333335 0.06811594202898551 0.01125
0 0.05144927536231884 0.11625 0.1355072463768116 0.01125
0 0.05217391304347826 0.4225 0.5159420289855072 0.01125
0 0.05217391304347826 0.13291666666666666 0.3391304347826087 0.01125
0 0.05289855072463768 0.39708333333333334 0.060144927536231886 0.010833333333333334
0 0.05289855072463768 0.2604166666666667 0.07608695652173914 0.01375
0 0.05289855072463768 0.09083333333333334 0.07101449275362319 0.010833333333333334
0 0.21811594202898552 0.0125 0.13840579710144926 0.03333333333333333
0 0.4811594202898551 0.15416666666666667 0.12753623188405797 0.028333333333333332
0 0.4811594202898551 0.11625 0.3144927536231884 0.01125
0 0.48188405797101447 0.13291666666666666 0.19057971014492753 0.01125
0 0.4826086956521739 0.09083333333333334 0.07898550724637682 0.010833333333333334
0 0.9108695652173913 0.17083333333333334 0.14855072463768115 0.028333333333333332
0 0.9108695652173913 0.15208333333333332 0.04927536231884058 0.00625
0 0.9108695652173913 0.11625 0.20579710144927535 0.01125
0 0.9115942028985508 0.13291666666666666 0.2942028985507246 0.01125
0 0.9123188405797101 0.09083333333333334 0.06521739130434782 0.010833333333333334
0 0.9159420289855073 0.3070833333333333 0.12753623188405797 0.028333333333333332
0 0.9173913043478261 0.28625 0.5376811594202898 0.01125
0 0.9181159420289855 0.2604166666666667 0.06086956521739131 0.01375
0 1.3398550724637681 0.15416666666666667 0.1318840579710145 0.028333333333333332
0 1.3398550724637681 0.09083333333333334 0.08115942028985507 0.01375
0 1.3405797101449275 0.13291666666666666 0.27246376811594203 0.01125
0 1.3413043478260869 0.11625 0.2811594202898551 0.01125
