0 0.04420289855072464 0.0125 0.14130434782608695 0.03333333333333333
0 0.050724637681159424 0.4058333333333333 0.213768115942029 0.01125
0 0.05144927536231884 0.4270833333333333 0.15217391304347827 0.028333333333333332
0 0.05144927536231884 0.27375 0.14130434782608695 0.028333333333333332
0 0.05144927536231884 0.1375 0.13840579710144926 0.028333333333333332
0 0.05144927536231884 0.11625 0.5934782608695652 0.01125
0 0.05289855072463768 0.38916666666666666 0.29637681159420287 0.01125
0 0.05289855072463768 0.36375 0.0644927536231884 0.010833333333333334
0 0.05289855072463768 0.2529166666666667 0.5456521739130434 0.01125
0 0.05289855072463768 0.22708333333333333 0.07536231884057971 0.010833333333333334
0 0.05289855072463768 0.09083333333333334 0.06086956521739131 0.01375
0 0.2028985507246377 0.0125 0.14130434782608695 0.03333333333333333
0 0.4811594202898551 0.4270833333333333 0.15144927536231884 0.028333333333333332
0 0.4811594202898551 0.38916666666666666 0.34202898550724636 0.01125
0 0.48188405797101447 0.4058333333333333 0.16014492753623188 0.01125
0 0.4826086956521739 0.36375 0.07101449275362319 0.010833333333333334
0 0.9101449275362319 0.4058333333333333 0.27608695652173915 0.01125
0 0.9101449275362319 0.36375 0.0746376811594203 0.010833333333333334
0 0.9108695652173913 0.44375 0.1536231884057971 0.028333333333333332
0 0.9108695652173913 0.4225 0.08695652173913043 0.01125
0 0.9108695652173913 0.38916666666666666 0.17681159420289855 0.01125
0 0.9159420289855073 0.1375 0.1398550724637681 0.028333333333333332
0 0.9173913043478261 0.11625 0.5253623188405797 0.01125
0 0.9173913043478261 0.09041666666666667 0.07898550724637682 0.014166666666666666
0 1.3398550724637681 0.4270833333333333 0.14202898550724638 0.028333333333333332
0 1.3405797101449275 0.4058333333333333 0.20072463768115942 0.01125
0 1.3413043478260869 0.38916666666666666 0.30869565217391304 0.01125
0 1.3420289855072465 0.36375 0.07753623188405798 0.01375
