0 0.0 0.5691666666666667 0.7326086956521739 0.005833333333333334
0 0.04420289855072464 0.0125 0.1492753623188406 0.03333333333333333
0 0.05144927536231884 0.44375 0.1398550724637681 0.028333333333333332
0 0.05144927536231884 0.29041666666666666 0.14057971014492754 0.028333333333333332
0 0.05144927536231884 0.2529166666666667 0.19420289855072465 0.01125
0 0.05144927536231884 0.1375 0.1471014492753623 0.028333333333333332
0 0.05144927536231884 0.09083333333333334 0.07173913043478261 0.01375
0 0.05217391304347826 0.4225 0.5485507246376812 0.01125
0 0.05217391304347826 0.26958333333333334 0.3253623188405797 0.01125
0 0.05217391304347826 0.22666666666666666 0.06956521739130435 0.014166666666666666
0 0.05217391304347826 0.11625 0.518840579710145 0.01125
0 0.05289855072463768 0.39708333333333334 0.04420289855072464 0.010833333333333334
0 0.2108695652173913 0.0125 0.15072463768115943 0.03333333333333333
0 0.3789855072463768 0.0125 0.15072463768115943 0.03333333333333333
0 0.48043478260869565 0.26958333333333334 0.19130434782608696 0.01125
0 0.48043478260869565 0.22708333333333333 0.06884057971014493 0.01375
0 0.4811594202898551 0.29041666666666666 0.1427536231884058 0.028333333333333332
0 0.4811594202898551 0.2529166666666667 0.3210144927536232 0.01125
0 0.7630434782608696 0.5266666666666666 0.2144927536231884 0.01125
0 0.9108695652173913 0.29041666666666666 0.1471014492753623 0.028333333333333332
0 0.9115942028985508 0.26958333333333334 0.21231884057971015 0.01125
0 0.9115942028985508 0.2529166666666667 0.3333333333333333 0.01125
0 0.9123188405797101 0.22708333333333333 0.07681159420289856 0.010833333333333334
0 0.9159420289855073 0.44375 0.15144927536231884 0.028333333333333332
0 0.9166666666666666 0.4225 0.5231884057971015 0.01125
0 0.9181159420289855 0.39708333333333334 0.06884057971014493 0.010833333333333334
0 1.3398550724637681 0.3070833333333333 0.1398550724637681 0.028333333333333332
0 1.3398550724637681 0.2529166666666667 0.13768115942028986 0.00875
0 1.3405797101449275 0.22666666666666666 0.06304347826086956 0.014166666666666666
0 1.3413043478260869 0.28625 0.1565217391304348 0.00875
0 1.3413043478260869 0.26958333333333334 0.2398550724637681 0.01125
