0 0.04420289855072464 0.0125 0.14420289855072463 0.03333333333333333
0 0.05144927536231884 0.15416666666666667 0.14782608695652175 0.028333333333333332
0 0.05217391304347826 0.13291666666666666 0.18043478260869567 0.01125
0 0.05217391304347826 0.11625 0.33405797101449275 0.01125
0 0.05289855072463768 0.09083333333333334 0.06231884057971015 0.010833333333333334
0 0.20579710144927535 0.0125 0.14420289855072463 0.03333333333333333
0 0.3673913043478261 0.0125 0.14420289855072463 0.03333333333333333
0 0.4811594202898551 0.15416666666666667 0.1536231884057971 0.028333333333333332
0 0.4811594202898551 0.13291666666666666 0.22608695652173913 0.01125
0 0.4811594202898551 0.09083333333333334 0.0782608695652174 0.01125
0 0.48188405797101447 0.11625 0.3072463768115942 0.01125
0 0.5289855072463768 0.0125 0.13695652173913042 0.03333333333333333
0 0.9108695652173913 0.17083333333333334 0.1471014492753623 0.028333333333333332
0 0.9108695652173913 0.14958333333333335 0.1036231884057971 0.01125
0 0.9108695652173913 0.11625 0.08260869565217391 0.01125
0 0.9115942028985508 0.13291666666666666 0.3782608695652174 0.01125
0 0.9115942028985508 0.09041666666666667 0.07681159420289856 0.011666666666666667
0 1.3398550724637681 0.15416666666666667 0.16159420289855073 0.028333333333333332
0 1.3405797101449275 0.13291666666666666 0.20797101449275363 0.01125
0 1.3413043478260869 0.11625 0.32318840579710145 0.01125
0 1.3420289855072465 0.09083333333333334 0.07898550724637682 0.010833333333333334
