0 0.04420289855072464 0.0125 0.1492753623188406 0.03333333333333333
0 0.05144927536231884 0.44375 0.1471014492753623 0.028333333333333332
0 0.05144927536231884 0.3070833333333333 0.1427536231884058 0.028333333333333332
0 0.05144927536231884 0.15416666666666667 0.14202898550724638 0.028333333333333332
0 0.05144927536231884 0.13291666666666666 0.17898550724637682 0.01125
0 0.05217391304347826 0.28625 0.22681159420289856 0.01125
0 0.05217391304347826 0.26958333333333334 0.2898550724637681 0.01125
0 0.05217391304347826 0.11625 0.34057971014492755 0.01125
0 0.05289855072463768 0.4225 0.48840579710144927 0.01125
0 0.05289855072463768 0.39708333333333334 0.06594202898550725 0.01375
0 0.05289855072463768 0.24375 0.08043478260869565 0.01375
0 0.05289855072463768 0.09083333333333334 0.08333333333333333 0.010833333333333334
0 0.2108695652173913 0.0125 0.1391304347826087 0.03333333333333333
0 0.4811594202898551 0.3070833333333333 0.13623188405797101 0.028333333333333332
0 0.4811594202898551 0.15416666666666667 0.15072463768115943 0.028333333333333332
0 0.4811594202898551 0.13291666666666666 0.2210144927536232 0.01125
0 0.4811594202898551 0.11625 0.33115942028985507 0.01125
0 0.48188405797101447 0.28625 0.2492753623188406 0.01125
0 0.48188405797101447 0.26958333333333334 0.23333333333333334 0.01125
0 0.48188405797101447 0.09041666666666667 0.07753623188405798 0.014166666666666666
0 0.4826086956521739 0.24375 0.0644927536231884 0.01375
0 0.9101449275362319 0.13291666666666666 0.2036231884057971 0.01125
0 0.9108695652173913 0.3070833333333333 0.13768115942028986 0.028333333333333332
0 0.9108695652173913 0.28625 0.1782608695652174 0.01125
0 0.9108695652173913 0.26958333333333334 0.3391304347826087 0.01125
0 0.9108695652173913 0.15416666666666667 0.14057971014492754 0.028333333333333332
0 0.9108695652173913 0.11625 0.30869565217391304 0.01125
0 0.9115942028985508 0.09041666666666667 0.07318840579710145 0.011666666666666667
0 0.9123188405797101 0.24375 0.06086956521739131 0.01375
0 0.9144927536231884 0.09375 0.020289855072463767 0.004166666666666667
0 1.3398550724637681 0.3070833333333333 0.14782608695652175 0.028333333333333332
0 1.3398550724637681 0.28625 0.20144927536231885 0.01125
0 1.3398550724637681 0.24375 0.06811594202898551 0.01125
0 1.3398550724637681 0.15416666666666667 0.14057971014492754 0.028333333333333332
0 1.3405797101449275 0.26958333333333334 0.3789855072463768 0.01125
0 1.3405797101449275 0.13291666666666666 0.21521739130434783 0.01125
0 1.3405797101449275 0.11625 0.3333333333333333 0.01125
0 1.3420289855072465 0.09083333333333334 0.07101449275362319 0.01375
