0 0.04420289855072464 0.0125 0.15144927536231884 0.03333333333333333
0 0.05144927536231884 0.1375 0.14420289855072463 0.028333333333333332
0 0.05217391304347826 0.11625 0.5398550724637681 0.01125
0 0.05217391304347826 0.09041666666666667 0.08333333333333333 0.012083333333333333
0 0.21304347826086956 0.0125 0.1673913043478261 0.03333333333333333
0 0.3978260869565217 0.0125 0.12971014492753624 0.03333333333333333
0 0.5449275362318841 0.0125 0.14347826086956522 0.03333333333333333
0 0.7057971014492753 0.0125 0.16159420289855073 0.03333333333333333
0 0.9159420289855073 0.1375 0.15072463768115943 0.028333333333333332
0 0.9159420289855073 0.09083333333333334 0.0746376811594203 0.01375
0 0.9166666666666666 0.11625 0.5405797101449276 0.01125
