0 0.04420289855072464 0.0125 0.13623188405797101 0.03333333333333333
0 0.05144927536231884 0.4270833333333333 0.1355072463768116 0.028333333333333332
0 0.05144927536231884 0.29041666666666666 0.12753623188405797 0.028333333333333332
0 0.05144927536231884 0.2529166666666667 0.2688405797101449 0.01125
0 0.05144927536231884 0.22708333333333333 0.0891304347826087 0.01375
0 0.05144927536231884 0.1375 0.1492753623188406 0.028333333333333332
0 0.05217391304347826 0.4058333333333333 0.5471014492753623 0.01125
0 0.05217391304347826 0.26958333333333334 0.27318840579710146 0.01125
0 0.05217391304347826 0.11625 0.5021739130434782 0.01125
0 0.05289855072463768 0.3804166666666667 0.06521739130434782 0.01375
0 0.05289855072463768 0.09083333333333334 0.07971014492753623 0.01375
0 0.19782608695652174 0.0125 0.14855072463768115 0.03333333333333333
0 0.36376811594202896 0.0125 0.14057971014492754 0.03333333333333333
0 0.4811594202898551 0.29041666666666666 0.1536231884057971 0.028333333333333332
0 0.4811594202898551 0.26958333333333334 0.23478260869565218 0.01125
0 0.4811594202898551 0.2529166666666667 0.2717391304347826 0.01125
0 0.4826086956521739 0.22708333333333333 0.07753623188405798 0.010833333333333334
0 0.5217391304347826 0.0125 0.15217391304347827 0.03333333333333333
0 0.691304347826087 0.0125 0.12753623188405797 0.03333333333333333
0 0.9108695652173913 0.29041666666666666 0.1471014492753623 0.028333333333333332
0 0.9108695652173913 0.2529166666666667 0.23115942028985506 0.01125
0 0.9115942028985508 0.26958333333333334 0.3253623188405797 0.01125
0 0.9123188405797101 0.22708333333333333 0.07173913043478261 0.01125
0 0.9159420289855073 0.1375 0.1391304347826087 0.028333333333333332
0 0.9166666666666666 0.11625 0.513768115942029 0.01125
0 0.9181159420289855 0.09083333333333334 0.08115942028985507 0.01375
0 1.3398550724637681 0.29041666666666666 0.14855072463768115 0.028333333333333332
0 1.3405797101449275 0.26958333333333334 0.23550724637681159 0.01125
0 1.3413043478260869 0.2529166666666667 0.28840579710144926 0.01125
0 1.3420289855072465 0.22708333333333333 0.07608695652173914 0.01375
