0 0.04420289855072464 0.0125 0.14347826086956522 0.03333333333333333
0 0.05144927536231884 0.44375 0.13695652173913042 0.028333333333333332
0 0.05144927536231884 0.4225 0.3065217391304348 0.01125
0 0.05144927536231884 0.4058333333333333 0.21956521739130436 0.01125
0 0.05144927536231884 0.3804166666666667 0.06231884057971015 0.01375
0 0.05144927536231884 0.29041666666666666 0.14420289855072463 0.028333333333333332
0 0.05144927536231884 0.1375 0.13768115942028986 0.028333333333333332
0 0.05144927536231884 0.09083333333333334 0.07028985507246377 0.010833333333333334
0 0.05217391304347826 0.26958333333333334 0.3036231884057971 0.01125
0 0.05217391304347826 0.22666666666666666 0.06231884057971015 0.014166666666666666
0 0.05217391304347826 0.11625 0.5514492753623188 0.01125
0 0.05289855072463768 0.2529166666666667 0.26231884057971017 0.01125
0 0.20507246376811594 0.0125 0.1492753623188406 0.03333333333333333
0 0.4811594202898551 0.44375 0.15072463768115943 0.028333333333333332
0 0.4811594202898551 0.29041666666666666 0.13043478260869565 0.028333333333333332
0 0.48188405797101447 0.4225 0.2492753623188406 0.01125
0 0.48188405797101447 0.4058333333333333 0.2717391304347826 0.01125
0 0.48188405797101447 0.26958333333333334 0.2463768115942029 0.01125
0 0.48188405797101447 0.2529166666666667 0.2746376811594203 0.01125
0 0.4826086956521739 0.3804166666666667 0.06159420289855073 0.01375
0 0.4826086956521739 0.22708333333333333 0.06666666666666667 0.01375
0 0.9101449275362319 0.4058333333333333 0.29492753623188406 0.01125
0 0.9108695652173913 0.44375 0.14057971014492754 0.028333333333333332
0 0.9108695652173913 0.4225 0.1927536231884058 0.01125
0 0.9108695652173913 0.29041666666666666 0.1391304347826087 0.028333333333333332
0 0.9108695652173913 0.26958333333333334 0.1927536231884058 0.01125
0 0.9108695652173913 0.22708333333333333 0.0746376811594203 0.01375
0 0.9115942028985508 0.2529166666666667 0.32971014492753625 0.01125
0 0.9123188405797101 0.3804166666666667 0.07536231884057971 0.01375
0 1.3398550724637681 0.44375 0.15072463768115943 0.028333333333333332
0 1.3398550724637681 0.3804166666666667 0.06956521739130435 0.01375
0 1.3398550724637681 0.29041666666666666 0.14492753623188406 0.028333333333333332
0 1.3398550724637681 0.2529166666666667 0.2768115942028985 0.01125
0 1.3413043478260869 0.4225 0.16159420289855073 0.01125
0 1.3413043478260869 0.4058333333333333 0.34057971014492755 0.01125
0 1.3413043478260869 0.26958333333333334 0.2463768115942029 0.01125
0 1.3420289855072465 0.22708333333333333 0.06884057971014493 0.010833333333333334
