0 0.04420289855072464 0.0125 0.15942028985507245 0.03333333333333333
0 0.05144927536231884 0.29041666666666666 0.1391304347826087 0.028333333333333332
0 0.05144927536231884 0.26958333333333334 0.2536231884057971 0.01125
0 0.05144927536231884 0.1375 0.13478260869565217 0.028333333333333332
0 0.05217391304347826 0.2529166666666667 0.28695652173913044 0.01125
0 0.05217391304347826 0.11625 0.5630434782608695 0.01125
0 0.05289855072463768 0.22708333333333333 0.06594202898550725 0.01125
0 0.05289855072463768 0.09083333333333334 0.07753623188405798 0.01375
0 0.2210144927536232 0.0125 0.16231884057971013 0.03333333333333333
0 0.4007246376811594 0.0125 0.1427536231884058 0.03333333333333333
0 0.4811594202898551 0.29041666666666666 0.1536231884057971 0.028333333333333332
0 0.4811594202898551 0.26958333333333334 0.3391304347826087 0.01125
0 0.4811594202898551 0.2529166666666667 0.1963768115942029 0.01125
0 0.48188405797101447 0.22666666666666666 0.07246376811594203 0.011666666666666667
0 0.5608695652173913 0.0125 0.14782608695652175 0.03333333333333333
0 0.7260869565217392 0.0125 0.15289855072463768 0.03333333333333333
0 0.9108695652173913 0.29041666666666666 0.14057971014492754 0.028333333333333332
0 0.9108695652173913 0.26958333333333334 0.3173913043478261 0.01125
0 0.9115942028985508 0.2529166666666667 0.22753623188405797 0.01125
0 0.9115942028985508 0.22666666666666666 0.06956521739130435 0.014166666666666666
0 1.3398550724637681 0.29041666666666666 0.13840579710144926 0.028333333333333332
0 1.3413043478260869 0.26958333333333334 0.2108695652173913 0.01125
0 1.3413043478260869 0.2529166666666667 0.3355072463768116 0.01125
0 1.3420289855072465 0.22708333333333333 0.0572463768115942 0.01375
