0 0.04420289855072464 0.0125 0.14782608695652175 0.03333333333333333
0 0.05144927536231884 0.4270833333333333 0.1463768115942029 0.028333333333333332
0 0.05144927536231884 0.36375 0.07536231884057971 0.01375
0 0.05144927536231884 0.27375 0.1463768115942029 0.028333333333333332
0 0.05144927536231884 0.1375 0.13840579710144926 0.028333333333333332
0 0.05217391304347826 0.4058333333333333 0.24782608695652175 0.01125
0 0.05217391304347826 0.11625 0.5630434782608695 0.01125
0 0.05289855072463768 0.38916666666666666 0.3065217391304348 0.01125
0 0.05289855072463768 0.2529166666666667 0.5260869565217391 0.01125
0 0.05289855072463768 0.22708333333333333 0.07101449275362319 0.01375
0 0.05289855072463768 0.09083333333333334 0.05144927536231884 0.010833333333333334
0 0.20942028985507247 0.0125 0.13260869565217392 0.03333333333333333
0 0.35942028985507246 0.0125 0.16521739130434782 0.03333333333333333
0 0.4811594202898551 0.4270833333333333 0.1398550724637681 0.028333333333333332
0 0.4811594202898551 0.4058333333333333 0.13623188405797101 0.01125
0 0.48188405797101447 0.38916666666666666 0.33260869565217394 0.01125
0 0.4826086956521739 0.36375 0.05507246376811594 0.010833333333333334
0 0.5420289855072464 0.0125 0.16884057971014493 0.03333333333333333
0 0.7282608695652174 0.0125 0.14855072463768115 0.03333333333333333
0 0.9108695652173913 0.4270833333333333 0.13623188405797101 0.028333333333333332
0 0.9108695652173913 0.38916666666666666 0.26521739130434785 0.01125
0 0.9115942028985508 0.4058333333333333 0.2811594202898551 0.01125
0 0.9115942028985508 0.36333333333333334 0.06666666666666667 0.014166666666666666
0 0.9144927536231884 0.36666666666666664 0.016666666666666666 0.004166666666666667
0 0.9159420289855073 0.1375 0.14130434782608695 0.028333333333333332
0 0.9166666666666666 0.11625 0.47608695652173916 0.01125
0 0.9181159420289855 0.09083333333333334 0.07753623188405798 0.01375
0 1.3398550724637681 0.44375 0.13333333333333333 0.028333333333333332
0 1.3405797101449275 0.4058333333333333 0.2492753623188406 0.01125
0 1.3405797101449275 0.38916666666666666 0.15217391304347827 0.01125
0 1.3405797101449275 0.36375 0.08188405797101449 0.010833333333333334
0 1.3413043478260869 0.4225 0.13623188405797101 0.01125
