0 0.04420289855072464 0.0125 0.14565217391304347 0.03333333333333333
0 0.05144927536231884 0.44375 0.13623188405797101 0.028333333333333332
0 0.05144927536231884 0.39708333333333334 0.0746376811594203 0.01375
0 0.05144927536231884 0.3070833333333333 0.13695652173913042 0.028333333333333332
0 0.05144927536231884 0.17083333333333334 0.1391304347826087 0.028333333333333332
0 0.05144927536231884 0.11625 0.14057971014492754 0.01125
0 0.05144927536231884 0.09083333333333334 0.060144927536231886 0.01125
0 0.05217391304347826 0.4225 0.5710144927536231 0.01125
0 0.05217391304347826 0.28625 0.5528985507246377 0.01125
0 0.05217391304347826 0.14958333333333335 0.10434782608695652 0.01125
0 0.05217391304347826 0.13291666666666666 0.2876811594202899 0.01125
0 0.05289855072463768 0.2604166666666667 0.08478260869565217 0.010833333333333334
0 0.2072463768115942 0.0125 0.1398550724637681 0.03333333333333333
0 0.3644927536231884 0.0125 0.16521739130434782 0.03333333333333333
0 0.48043478260869565 0.09083333333333334 0.07246376811594203 0.01375
0 0.4811594202898551 0.15416666666666667 0.12246376811594203 0.028333333333333332
0 0.48188405797101447 0.13291666666666666 0.2217391304347826 0.01125
0 0.48188405797101447 0.11625 0.322463768115942 0.01125
0 0.5471014492753623 0.0125 0.15072463768115943 0.03333333333333333
0 0.7152173913043478 0.0125 0.15289855072463768 0.03333333333333333
0 0.9108695652173913 0.15416666666666667 0.1398550724637681 0.028333333333333332
0 0.9108695652173913 0.13291666666666666 0.18840579710144928 0.01125
0 0.9115942028985508 0.11625 0.3384057971014493 0.01125
0 0.9123188405797101 0.09083333333333334 0.05507246376811594 0.01375
0 0.9159420289855073 0.3070833333333333 0.12608695652173912 0.028333333333333332
0 0.9173913043478261 0.28625 0.5572463768115942 0.01125
0 0.9181159420289855 0.2604166666666667 0.0536231884057971 0.01375
0 1.3398550724637681 0.15416666666666667 0.13623188405797101 0.028333333333333332
0 1.3398550724637681 0.11625 0.2427536231884058 0.01125
0 1.3398550724637681 0.09083333333333334 0.06231884057971015 0.010833333333333334
0 1.3413043478260869 0.13291666666666666 0.27391304347826084 0.01125
