0 0.04420289855072464 0.0125 0.14492753623188406 0.03333333333333333
0 0.05144927536231884 0.4270833333333333 0.14202898550724638 0.028333333333333332
0 0.05144927536231884 0.38916666666666666 0.2855072463768116 0.01125
0 0.05144927536231884 0.36375 0.07536231884057971 0.010833333333333334
0 0.05144927536231884 0.27375 0.16594202898550725 0.028333333333333332
0 0.05144927536231884 0.2529166666666667 0.5159420289855072 0.01125
0 0.05144927536231884 0.1375 0.13405797101449277 0.028333333333333332
0 0.05217391304347826 0.09041666666666667 0.06956521739130435 0.014166666666666666
0 0.05289855072463768 0.4058333333333333 0.2768115942028985 0.01125
0 0.05289855072463768 0.22708333333333333 0.06739130434782609 0.010833333333333334
0 0.05289855072463768 0.11625 0.5195652173913043 0.01125
0 0.05507246376811594 0.09375 0.018115942028985508 0.004166666666666667
0 0.20652173913043478 0.0125 0.14347826086956522 0.03333333333333333
0 0.3673913043478261 0.0125 0.14492753623188406 0.03333333333333333
0 0.48043478260869565 0.4058333333333333 0.286231884057971 0.01125
0 0.4811594202898551 0.4270833333333333 0.12391304347826088 0.028333333333333332
0 0.4811594202898551 0.36375 0.08115942028985507 0.010833333333333334
0 0.48188405797101447 0.38916666666666666 0.22826086956521738 0.01125
0 0.9108695652173913 0.4270833333333333 0.13478260869565217 0.028333333333333332
0 0.9108695652173913 0.4058333333333333 0.26304347826086955 0.00875
0 0.9115942028985508 0.38916666666666666 0.2971014492753623 0.01125
0 0.9115942028985508 0.36333333333333334 0.06956521739130435 0.014166666666666666
0 0.9159420289855073 0.27375 0.13260869565217392 0.028333333333333332
0 0.9159420289855073 0.2529166666666667 0.5579710144927537 0.01125
0 0.9181159420289855 0.22708333333333333 0.07681159420289856 0.01375
0 1.3398550724637681 0.4270833333333333 0.15072463768115943 0.028333333333333332
0 1.3405797101449275 0.38916666666666666 0.2855072463768116 0.01125
0 1.3413043478260869 0.4058333333333333 0.2391304347826087 0.01125
0 1.3420289855072465 0.36375 0.058695652173913045 0.010833333333333334
