0 0.04420289855072464 0.0125 0.14057971014492754 0.03333333333333333
0 0.05144927536231884 0.4270833333333333 0.14420289855072463 0.028333333333333332
0 0.05144927536231884 0.29041666666666666 0.14202898550724638 0.028333333333333332
0 0.05144927536231884 0.26958333333333334 0.5282608695652173 0.01125
0 0.05144927536231884 0.15416666666666667 0.1536231884057971 0.028333333333333332
0 0.05217391304347826 0.13291666666666666 0.3427536231884058 0.01125
0 0.05289855072463768 0.4058333333333333 0.5594202898550724 0.01125
0 0.05289855072463768 0.3804166666666667 0.08188405797101449 0.010833333333333334
0 0.05289855072463768 0.24375 0.07246376811594203 0.01375
0 0.05289855072463768 0.11625 0.22826086956521738 0.01125
0 0.05289855072463768 0.09083333333333334 0.07173913043478261 0.01375
0 0.20217391304347826 0.0125 0.1471014492753623 0.03333333333333333
0 0.36666666666666664 0.0125 0.17318840579710146 0.03333333333333333
0 0.4811594202898551 0.15416666666666667 0.14492753623188406 0.028333333333333332
0 0.48188405797101447 0.13291666666666666 0.16594202898550725 0.01125
0 0.48188405797101447 0.11625 0.33260869565217394 0.01125
0 0.4826086956521739 0.09083333333333334 0.07608695652173914 0.01375
0 0.9101449275362319 0.11625 0.3065217391304348 0.01125
0 0.9108695652173913 0.15416666666666667 0.15072463768115943 0.028333333333333332
0 0.9108695652173913 0.13291666666666666 0.27608695652173915 0.01125
0 0.9108695652173913 0.09041666666666667 0.06811594202898551 0.014166666666666666
0 0.9159420289855073 0.4270833333333333 0.13405797101449277 0.028333333333333332
0 0.9166666666666666 0.3804166666666667 0.07536231884057971 0.010833333333333334
0 0.9173913043478261 0.4058333333333333 0.5717391304347826 0.01125
0 1.3398550724637681 0.15416666666666667 0.13333333333333333 0.028333333333333332
0 1.3405797101449275 0.13291666666666666 0.1644927536231884 0.01125
0 1.3405797101449275 0.11625 0.3217391304347826 0.01125
0 1.3405797101449275 0.09083333333333334 0.08188405797101449 0.010833333333333334
