0 0.04420289855072464 0.0125 0.1492753623188406 0.03333333333333333
0 0.05144927536231884 0.44375 0.14347826086956522 0.028333333333333332
0 0.05144927536231884 0.3070833333333333 0.1282608695652174 0.028333333333333332
0 0.05144927536231884 0.15416666666666667 0.13840579710144926 0.028333333333333332
0 0.05217391304347826 0.4225 0.5369565217391304 0.01125
0 0.05217391304347826 0.28625 0.5413043478260869 0.01125
0 0.05217391304347826 0.13291666666666666 0.26521739130434785 0.01125
0 0.05217391304347826 0.11625 0.2855072463768116 0.01125
0 0.05217391304347826 0.09041666666666667 0.06884057971014493 0.014166666666666666
0 0.05289855072463768 0.39708333333333334 0.07898550724637682 0.01375
0 0.05289855072463768 0.2604166666666667 0.08115942028985507 0.010833333333333334
0 0.2108695652173913 0.0125 0.13840579710144926 0.03333333333333333
0 0.36666666666666664 0.0125 0.15072463768115943 0.03333333333333333
0 0.4811594202898551 0.15416666666666667 0.14420289855072463 0.028333333333333332
0 0.4811594202898551 0.13291666666666666 0.4007246376811594 0.01125
0 0.48188405797101447 0.11625 0.1681159420289855 0.01125
0 0.4826086956521739 0.09083333333333334 0.07318840579710145 0.01375
0 0.5347826086956522 0.0125 0.13840579710144926 0.03333333333333333
0 0.9108695652173913 0.17083333333333334 0.14420289855072463 0.028333333333333332
0 0.9108695652173913 0.13291666666666666 0.21666666666666667 0.01125
0 0.9115942028985508 0.14958333333333335 0.13478260869565217 0.01125
0 0.9115942028985508 0.11625 0.18768115942028984 0.01125
0 0.9115942028985508 0.09041666666666667 0.07753623188405798 0.014166666666666666
0 0.9159420289855073 0.3070833333333333 0.14565217391304347 0.028333333333333332
0 0.9159420289855073 0.2604166666666667 0.07971014492753623 0.010833333333333334
0 0.9173913043478261 0.28625 0.5768115942028985 0.01125
0 1.3398550724637681 0.17083333333333334 0.1355072463768116 0.028333333333333332
0 1.3398550724637681 0.11625 0.23333333333333334 0.01125
0 1.3398550724637681 0.09083333333333334 0.07101449275362319 0.01375
0 1.3413043478260869 0.14958333333333335 0.213768115942029 0.01125
0 1.3413043478260869 0.13291666666666666 0.13695652173913042 0.01125
