0 0.04420289855072464 0.0125 0.16159420289855073 0.03333333333333333
0 0.05144927536231884 0.4270833333333333 0.12536231884057972 0.028333333333333332
0 0.05144927536231884 0.3804166666666667 0.08405797101449275 0.01125
0 0.05144927536231884 0.29041666666666666 0.1463768115942029 0.028333333333333332
0 0.05144927536231884 0.15416666666666667 0.1427536231884058 0.028333333333333332
0 0.05144927536231884 0.11625 0.23043478260869565 0.01125
0 0.05217391304347826 0.26958333333333334 0.5144927536231884 0.01125
0 0.05289855072463768 0.4058333333333333 0.5434782608695652 0.01125
0 0.05289855072463768 0.24375 0.0782608695652174 0.010833333333333334
0 0.05289855072463768 0.13291666666666666 0.30289855072463767 0.01125
0 0.05289855072463768 0.09083333333333334 0.06811594202898551 0.01375
0 0.22318840579710145 0.0125 0.12028985507246377 0.03333333333333333
0 0.36086956521739133 0.0125 0.13260869565217392 0.03333333333333333
0 0.4811594202898551 0.15416666666666667 0.15072463768115943 0.028333333333333332
0 0.4811594202898551 0.13291666666666666 0.20144927536231885 0.01125
0 0.48188405797101447 0.11625 0.3347826086956522 0.01125
0 0.48188405797101447 0.09041666666666667 0.06666666666666667 0.014166666666666666
0 0.48478260869565215 0.09375 0.016666666666666666 0.004166666666666667
0 0.5108695652173914 0.0125 0.15289855072463768 0.03333333333333333
0 0.9108695652173913 0.15416666666666667 0.14565217391304347 0.028333333333333332
0 0.9108695652173913 0.09083333333333334 0.07318840579710145 0.01125
0 0.9115942028985508 0.13291666666666666 0.27391304347826084 0.01125
0 0.9115942028985508 0.11625 0.23840579710144927 0.01125
0 0.9159420289855073 0.29041666666666666 0.14782608695652175 0.028333333333333332
0 0.9166666666666666 0.24375 0.08043478260869565 0.01125
0 0.9173913043478261 0.26958333333333334 0.5202898550724637 0.01125
0 1.3398550724637681 0.15416666666666667 0.13768115942028986 0.028333333333333332
0 1.3405797101449275 0.11625 0.30217391304347824 0.01125
0 1.3413043478260869 0.13291666666666666 0.25869565217391305 0.01125
0 1.3413043478260869 0.09083333333333334 0.06739130434782609 0.01375
