0 0.04420289855072464 0.0125 0.15579710144927536 0.03333333333333333
0 0.05144927536231884 0.4270833333333333 0.15 0.028333333333333332
0 0.05144927536231884 0.27375 0.1536231884057971 0.028333333333333332
0 0.05144927536231884 0.2529166666666667 0.5760869565217391 0.01125
0 0.05144927536231884 0.1375 0.12173913043478261 0.028333333333333332
0 0.05217391304347826 0.22666666666666666 0.07101449275362319 0.014166666666666666
0 0.05217391304347826 0.11625 0.5268115942028986 0.01125
0 0.05289855072463768 0.4058333333333333 0.28695652173913044 0.01125
0 0.05289855072463768 0.38916666666666666 0.2608695652173913 0.01125
0 0.05289855072463768 0.36375 0.07608695652173914 0.010833333333333334
0 0.05289855072463768 0.09083333333333334 0.06521739130434782 0.01375
0 0.21739130434782608 0.0125 0.14202898550724638 0.03333333333333333
0 0.37681159420289856 0.0125 0.13695652173913042 0.03333333333333333
0 0.4811594202898551 0.4270833333333333 0.14565217391304347 0.028333333333333332
0 0.4811594202898551 0.4058333333333333 0.19130434782608696 0.01125
0 0.4811594202898551 0.36375 0.06811594202898551 0.010833333333333334
0 0.48188405797101447 0.38916666666666666 0.3318840579710145 0.01125
0 0.9108695652173913 0.4270833333333333 0.15434782608695652 0.028333333333333332
0 0.9108695652173913 0.4058333333333333 0.27318840579710146 0.01125
0 0.9115942028985508 0.38916666666666666 0.2797101449275362 0.01125
0 0.9123188405797101 0.36375 0.06521739130434782 0.01375
0 0.9159420289855073 0.27375 0.1673913043478261 0.028333333333333332
0 0.9159420289855073 0.2529166666666667 0.5673913043478261 0.01125
0 0.9159420289855073 0.22708333333333333 0.07898550724637682 0.01375
0 1.3398550724637681 0.4270833333333333 0.13405797101449277 0.028333333333333332
0 1.3398550724637681 0.38916666666666666 0.31956521739130433 0.01125
0 1.3405797101449275 0.4058333333333333 0.26304347826086955 0.01125
0 1.3420289855072465 0.36375 0.06739130434782609 0.01125
