0 0.04420289855072464 0.0125 0.14782608695652175 0.03333333333333333
0 0.05144927536231884 0.29041666666666666 0.1246376811594203 0.028333333333333332
0 0.05144927536231884 0.24375 0.09130434782608696 0.010833333333333334
0 0.05144927536231884 0.15416666666666667 0.14057971014492754 0.028333333333333332
0 0.05144927536231884 0.13291666666666666 0.26594202898550723 0.01125
0 0.05144927536231884 0.11625 0.2927536231884058 0.01125
0 0.05217391304347826 0.26958333333333334 0.5514492753623188 0.01125
0 0.05217391304347826 0.09041666666666667 0.06231884057971015 0.011666666666666667
0 0.20942028985507247 0.0125 0.13405797101449277 0.03333333333333333
0 0.36086956521739133 0.0125 0.15217391304347827 0.03333333333333333
0 0.4811594202898551 0.15416666666666667 0.15434782608695652 0.028333333333333332
0 0.4811594202898551 0.13291666666666666 0.22753623188405797 0.01125
0 0.4811594202898551 0.11625 0.2753623188405797 0.01125
0 0.4826086956521739 0.09083333333333334 0.08188405797101449 0.01375
0 0.5304347826086957 0.0125 0.15144927536231884 0.03333333333333333
0 0.6992753623188406 0.0125 0.14855072463768115 0.03333333333333333
0 0.9101449275362319 0.09083333333333334 0.06304347826086956 0.01375
0 0.9108695652173913 0.15416666666666667 0.12608695652173912 0.028333333333333332
0 0.9108695652173913 0.11625 0.3471014492753623 0.01125
0 0.9115942028985508 0.13291666666666666 0.1753623188405797 0.01125
0 1.3398550724637681 0.15416666666666667 0.14565217391304347 0.028333333333333332
0 1.3398550724637681 0.09083333333333334 0.07681159420289856 0.010833333333333334
0 1.3413043478260869 0.13291666666666666 0.3007246376811594 0.01125
0 1.3413043478260869 0.11625 0.24782608695652175 0.01125
