0 0.04420289855072464 0.0125 0.14420289855072463 0.03333333333333333
0 0.05144927536231884 0.4270833333333333 0.13768115942028986 0.028333333333333332
0 0.05144927536231884 0.3804166666666667 0.06594202898550725 0.010833333333333334
0 0.05144927536231884 0.29041666666666666 0.13695652173913042 0.028333333333333332
0 0.05144927536231884 0.15416666666666667 0.14130434782608695 0.028333333333333332
0 0.05217391304347826 0.4058333333333333 0.5239130434782608 0.01125
0 0.05217391304347826 0.26958333333333334 0.5347826086956522 0.01125
0 0.05217391304347826 0.13291666666666666 0.3565217391304348 0.01125
0 0.05217391304347826 0.11625 0.17898550724637682 0.01125
0 0.05289855072463768 0.24375 0.06304347826086956 0.01125
0 0.05289855072463768 0.09083333333333334 0.07971014492753623 0.01375
0 0.20579710144927535 0.0125 0.14565217391304347 0.03333333333333333
0 0.36884057971014494 0.0125 0.14782608695652175 0.03333333333333333
0 0.48043478260869565 0.09083333333333334 0.06666666666666667 0.01375
0 0.4811594202898551 0.15416666666666667 0.1391304347826087 0.028333333333333332
0 0.4811594202898551 0.11625 0.2144927536231884 0.01125
0 0.48188405797101447 0.13291666666666666 0.2797101449275362 0.01125
0 0.5340579710144927 0.0125 0.15797101449275364 0.03333333333333333
0 0.9108695652173913 0.15416666666666667 0.15434782608695652 0.028333333333333332
0 0.9108695652173913 0.13291666666666666 0.2565217391304348 0.01125
0 0.9108695652173913 0.09083333333333334 0.06594202898550725 0.01375
0 0.9115942028985508 0.11625 0.30434782608695654 0.01125
0 0.9159420289855073 0.4270833333333333 0.1398550724637681 0.028333333333333332
0 0.9173913043478261 0.4058333333333333 0.5195652173913043 0.01125
0 0.9173913043478261 0.38 0.07681159420289856 0.011666666666666667
0 1.3398550724637681 0.15416666666666667 0.13623188405797101 0.028333333333333332
0 1.3398550724637681 0.09083333333333334 0.08405797101449275 0.010833333333333334
0 1.3405797101449275 0.13291666666666666 0.33260869565217394 0.01125
0 1.3413043478260869 0.11625 0.186231884057971 0.01125
