0 0.04420289855072464 0.0125 0.14492753623188406 0.03333333333333333
0 0.05144927536231884 0.4270833333333333 0.13043478260869565 0.028333333333333332
0 0.05144927536231884 0.4058333333333333 0.3115942028985507 0.01125
0 0.05144927536231884 0.27375 0.1282608695652174 0.028333333333333332
0 0.05144927536231884 0.2529166666666667 0.5311594202898551 0.01125
0 0.05144927536231884 0.22708333333333333 0.0746376811594203 0.01375
0 0.05144927536231884 0.1375 0.14492753623188406 0.028333333333333332
0 0.05217391304347826 0.38916666666666666 0.22391304347826088 0.01125
0 0.05217391304347826 0.36333333333333334 0.07753623188405798 0.014166666666666666
0 0.05217391304347826 0.11625 0.5550724637681159 0.01125
0 0.05289855072463768 0.09083333333333334 0.06304347826086956 0.010833333333333334
0 0.20652173913043478 0.0125 0.14202898550724638 0.03333333333333333
0 0.4811594202898551 0.4270833333333333 0.15217391304347827 0.028333333333333332
0 0.4811594202898551 0.38916666666666666 0.3239130434782609 0.01125
0 0.4811594202898551 0.36375 0.06594202898550725 0.01125
0 0.48188405797101447 0.4058333333333333 0.22028985507246376 0.01125
0 0.9101449275362319 0.36375 0.06666666666666667 0.01375
0 0.9108695652173913 0.4270833333333333 0.1572463768115942 0.028333333333333332
0 0.9108695652173913 0.4058333333333333 0.22971014492753622 0.01125
0 0.9108695652173913 0.38916666666666666 0.3079710144927536 0.01125
0 0.9159420289855073 0.1375 0.1492753623188406 0.028333333333333332
0 0.9159420289855073 0.11625 0.527536231884058 0.01125
0 0.9159420289855073 0.09083333333333334 0.06811594202898551 0.010833333333333334
0 1.3398550724637681 0.44375 0.14202898550724638 0.028333333333333332
0 1.3405797101449275 0.4225 0.08115942028985507 0.00875
0 1.3405797101449275 0.38916666666666666 0.12753623188405797 0.01125
0 1.3413043478260869 0.4058333333333333 0.3130434782608696 0.01125
0 1.3420289855072465 0.36375 0.07173913043478261 0.010833333333333334
