0 0.04420289855072464 0.0125 0.15072463768115943 0.03333333333333333
0 0.05144927536231884 0.4270833333333333 0.13695652173913042 0.028333333333333332
0 0.05144927536231884 0.29041666666666666 0.1471014492753623 0.028333333333333332
0 0.05144927536231884 0.22708333333333333 0.0891304347826087 0.01375
0 0.05144927536231884 0.1375 0.13043478260869565 0.028333333333333332
0 0.05217391304347826 0.4058333333333333 0.5318840579710145 0.01125
0 0.05217391304347826 0.26958333333333334 0.25072463768115943 0.01125
0 0.05217391304347826 0.2529166666666667 0.2971014492753623 0.01125
0 0.05217391304347826 0.11625 0.5072463768115942 0.01125
0 0.05217391304347826 0.09083333333333334 0.06376811594202898 0.010833333333333334
0 0.05289855072463768 0.3804166666666667 0.03985507246376811 0.01375
0 0.21231884057971015 0.0125 0.1427536231884058 0.03333333333333333
0 0.372463768115942 0.0125 0.13768115942028986 0.03333333333333333
0 0.4811594202898551 0.29041666666666666 0.15 0.028333333333333332
0 0.4811594202898551 0.26958333333333334 0.263768115942029 0.01125
0 0.48188405797101447 0.2529166666666667 0.2971014492753623 0.01125
0 0.4826086956521739 0.22708333333333333 0.07608695652173914 0.01375
0 0.4855072463768116 0.23125 0.015942028985507246 0.002916666666666667
0 0.527536231884058 0.0125 0.15797101449275364 0.03333333333333333
0 0.9108695652173913 0.29041666666666666 0.1391304347826087 0.028333333333333332
0 0.9108695652173913 0.2529166666666667 0.263768115942029 0.01125
0 0.9115942028985508 0.26958333333333334 0.26811594202898553 0.01125
0 0.9123188405797101 0.22708333333333333 0.07681159420289856 0.010833333333333334
0 0.9159420289855073 0.1375 0.1398550724637681 0.028333333333333332
0 0.9166666666666666 0.11625 0.5376811594202898 0.01125
0 0.9173913043478261 0.09041666666666667 0.07608695652173914 0.014166666666666666
0 0.9202898550724637 0.09375 0.016666666666666666 0.004166666666666667
0 1.3398550724637681 0.29041666666666666 0.11884057971014493 0.028333333333333332
0 1.3405797101449275 0.26958333333333334 0.2326086956521739 0.01125
0 1.3413043478260869 0.2529166666666667 0.2833333333333333 0.01125
0 1.3420289855072465 0.22708333333333333 0.08623188405797101 0.01125
