0 0.04420289855072464 0.0125 0.15217391304347827 0.03333333333333333
0 0.050724637681159424 0.38916666666666666 0.3181159420289855 0.01125
0 0.05144927536231884 0.4270833333333333 0.14057971014492754 0.028333333333333332
0 0.05144927536231884 0.27375 0.14492753623188406 0.028333333333333332
0 0.05144927536231884 0.1375 0.14565217391304347 0.028333333333333332
0 0.05217391304347826 0.4058333333333333 0.20652173913043478 0.01125
0 0.05217391304347826 0.36333333333333334 0.06811594202898551 0.011666666666666667
0 0.05217391304347826 0.11625 0.5630434782608695 0.01125
0 0.05289855072463768 0.2529166666666667 0.5231884057971015 0.01125
0 0.05289855072463768 0.22708333333333333 0.0644927536231884 0.01375
0 0.05289855072463768 0.09083333333333334 0.07173913043478261 0.010833333333333334
0 0.213768115942029 0.0125 0.12753623188405797 0.03333333333333333
0 0.358695652173913 0.0125 0.16304347826086957 0.03333333333333333
0 0.4811594202898551 0.4270833333333333 0.14202898550724638 0.028333333333333332
0 0.4811594202898551 0.4058333333333333 0.2702898550724638 0.01125
0 0.48188405797101447 0.38916666666666666 0.2565217391304348 0.01125
0 0.48188405797101447 0.36333333333333334 0.060144927536231886 0.011666666666666667
0 0.9101449275362319 0.36375 0.07536231884057971 0.01375
0 0.9108695652173913 0.4270833333333333 0.15289855072463768 0.028333333333333332
0 0.9108695652173913 0.4058333333333333 0.2702898550724638 0.01125
0 0.9108695652173913 0.38916666666666666 0.2833333333333333 0.01125
0 0.9159420289855073 0.1375 0.16521739130434782 0.028333333333333332
0 0.9159420289855073 0.11625 0.5420289855072464 0.01125
0 0.9166666666666666 0.09083333333333334 0.0746376811594203 0.01375
0 1.3398550724637681 0.4270833333333333 0.14782608695652175 0.028333333333333332
0 1.3398550724637681 0.4058333333333333 0.24492753623188407 0.01125
0 1.3405797101449275 0.38916666666666666 0.26014492753623186 0.01125
0 1.3420289855072465 0.36375 0.07318840579710145 0.01375
