0 0.04420289855072464 0.0125 0.13260869565217392 0.03333333333333333
0 0.05144927536231884 0.3070833333333333 0.14130434782608695 0.028333333333333332
0 0.05144927536231884 0.2604166666666667 0.06666666666666667 0.01375
0 0.05144927536231884 0.15416666666666667 0.13623188405797101 0.028333333333333332
0 0.05144927536231884 0.13291666666666666 0.3173913043478261 0.01125
0 0.05217391304347826 0.28625 0.5159420289855072 0.01125
0 0.05217391304347826 0.11625 0.21956521739130436 0.01125
0 0.05289855072463768 0.09083333333333334 0.06884057971014493 0.01375
0 0.19420289855072465 0.0125 0.14855072463768115 0.03333333333333333
0 0.3601449275362319 0.0125 0.15072463768115943 0.03333333333333333
0 0.4811594202898551 0.17083333333333334 0.1289855072463768 0.028333333333333332
0 0.4811594202898551 0.14958333333333335 0.10217391304347827 0.01125
0 0.4811594202898551 0.13291666666666666 0.32028985507246377 0.01125
0 0.4811594202898551 0.11625 0.12173913043478261 0.01125
0 0.4826086956521739 0.09083333333333334 0.060144927536231886 0.010833333333333334
0 0.5282608695652173 0.0125 0.16884057971014493 0.03333333333333333
0 0.9108695652173913 0.15416666666666667 0.14130434782608695 0.028333333333333332
0 0.9108695652173913 0.13291666666666666 0.322463768115942 0.01125
0 0.9115942028985508 0.11625 0.20507246376811594 0.01125
0 0.9123188405797101 0.09083333333333334 0.07753623188405798 0.01375
0 0.9159420289855073 0.3070833333333333 0.1471014492753623 0.028333333333333332
0 0.9166666666666666 0.28625 0.518840579710145 0.01125
0 0.9181159420289855 0.2604166666666667 0.06376811594202898 0.010833333333333334
0 1.3398550724637681 0.15416666666666667 0.1427536231884058 0.028333333333333332
0 1.3398550724637681 0.11625 0.20434782608695654 0.01125
0 1.3413043478260869 0.13291666666666666 0.31956521739130433 0.01125
0 1.3420289855072465 0.09083333333333334 0.06376811594202898 0.010833333333333334
