0 0.04420289855072464 0.0125 0.1398550724637681 0.03333333333333333
0 0.05144927536231884 0.4270833333333333 0.1471014492753623 0.028333333333333332
0 0.05144927536231884 0.27375 0.14057971014492754 0.028333333333333332
0 0.05144927536231884 0.2529166666666667 0.572463768115942 0.01125
0 0.05144927536231884 0.1375 0.14855072463768115 0.028333333333333332
0 0.05144927536231884 0.11625 0.5608695652173913 0.01125
0 0.05217391304347826 0.4058333333333333 0.26594202898550723 0.01125
0 0.05289855072463768 0.38916666666666666 0.27318840579710146 0.01125
0 0.05289855072463768 0.36375 0.06376811594202898 0.010833333333333334
0 0.05289855072463768 0.22708333333333333 0.06376811594202898 0.01375
0 0.05289855072463768 0.09083333333333334 0.0644927536231884 0.01375
0 0.20144927536231885 0.0125 0.1398550724637681 0.03333333333333333
0 0.358695652173913 0.0125 0.14420289855072463 0.03333333333333333
0 0.4811594202898551 0.44375 0.15942028985507245 0.028333333333333332
0 0.4811594202898551 0.4225 0.13043478260869565 0.01125
0 0.48188405797101447 0.4058333333333333 0.2144927536231884 0.01125
0 0.48188405797101447 0.38916666666666666 0.15072463768115943 0.01125
0 0.48188405797101447 0.36333333333333334 0.08043478260869565 0.011666666666666667
0 0.9101449275362319 0.4058333333333333 0.4007246376811594 0.01125
0 0.9108695652173913 0.44375 0.12536231884057972 0.028333333333333332
0 0.9108695652173913 0.4225 0.02391304347826087 0.00875
0 0.9115942028985508 0.38916666666666666 0.05434782608695652 0.01125
0 0.9123188405797101 0.36375 0.07536231884057971 0.01375
0 0.9159420289855073 0.27375 0.1391304347826087 0.028333333333333332
0 0.9166666666666666 0.2529166666666667 0.5688405797101449 0.01125
0 0.9181159420289855 0.22708333333333333 0.06956521739130435 0.01375
0 1.3398550724637681 0.4270833333333333 0.13840579710144926 0.028333333333333332
0 1.3398550724637681 0.36375 0.06304347826086956 0.01375
0 1.3405797101449275 0.4058333333333333 0.15507246376811595 0.01125
0 1.3413043478260869 0.38916666666666666 0.3978260869565217 0.01125
