0 0.04420289855072464 0.0125 0.13333333333333333 0.03333333333333333
0 0.05144927536231884 0.41041666666666665 0.12681159420289856 0.028333333333333332
0 0.05144927536231884 0.27375 0.14420289855072463 0.028333333333333332
0 0.05144927536231884 0.2529166666666667 0.5405797101449276 0.01125
0 0.05144927536231884 0.1375 0.14855072463768115 0.028333333333333332
0 0.05217391304347826 0.38916666666666666 0.5210144927536232 0.01125
0 0.05217391304347826 0.11625 0.5608695652173913 0.01125
0 0.05289855072463768 0.36375 0.0746376811594203 0.01375
0 0.05289855072463768 0.22708333333333333 0.04927536231884058 0.01375
0 0.05289855072463768 0.09083333333333334 0.08405797101449275 0.010833333333333334
0 0.19492753623188405 0.0125 0.13043478260869565 0.03333333333333333
0 0.3427536231884058 0.0125 0.1427536231884058 0.03333333333333333
0 0.9159420289855073 0.41041666666666665 0.1398550724637681 0.028333333333333332
0 0.9159420289855073 0.1375 0.1463768115942029 0.028333333333333332
0 0.9166666666666666 0.11625 0.5152173913043478 0.01125
0 0.9173913043478261 0.38916666666666666 0.5804347826086956 0.01125
0 0.9181159420289855 0.36375 0.0572463768115942 0.01375
0 0.9181159420289855 0.09083333333333334 0.08043478260869565 0.010833333333333334
