0 0.04420289855072464 0.0125 0.14420289855072463 0.03333333333333333
0 0.05144927536231884 0.44375 0.1492753623188406 0.028333333333333332
0 0.05144927536231884 0.4225 0.5297101449275362 0.01125
0 0.05144927536231884 0.39708333333333334 0.07318840579710145 0.01125
0 0.05144927536231884 0.3070833333333333 0.17101449275362318 0.028333333333333332
0 0.05144927536231884 0.2604166666666667 0.07318840579710145 0.01125
0 0.05144927536231884 0.15416666666666667 0.14420289855072463 0.028333333333333332
0 0.05144927536231884 0.13291666666666666 0.3065217391304348 0.01125
0 0.05144927536231884 0.11625 0.2144927536231884 0.01125
0 0.05217391304347826 0.28625 0.5550724637681159 0.01125
0 0.05289855072463768 0.09083333333333334 0.06811594202898551 0.010833333333333334
0 0.20579710144927535 0.0125 0.15507246376811595 0.03333333333333333
0 0.3782608695652174 0.0125 0.15217391304347827 0.03333333333333333
0 0.4811594202898551 0.15416666666666667 0.1391304347826087 0.028333333333333332
0 0.4811594202898551 0.13291666666666666 0.24057971014492754 0.01125
0 0.4811594202898551 0.11625 0.29637681159420287 0.01125
0 0.4811594202898551 0.09083333333333334 0.06086956521739131 0.010833333333333334
0 0.9108695652173913 0.15416666666666667 0.14565217391304347 0.028333333333333332
0 0.9108695652173913 0.13291666666666666 0.23043478260869565 0.01125
0 0.9108695652173913 0.11625 0.3115942028985507 0.01125
0 0.9123188405797101 0.09083333333333334 0.0891304347826087 0.01375
0 0.9159420289855073 0.44375 0.1536231884057971 0.028333333333333332
0 0.9173913043478261 0.4225 0.5347826086956522 0.01125
0 0.9181159420289855 0.39708333333333334 0.06086956521739131 0.010833333333333334
0 1.3398550724637681 0.17083333333333334 0.14202898550724638 0.028333333333333332
0 1.3398550724637681 0.13291666666666666 0.3992753623188406 0.01125
0 1.3405797101449275 0.11625 0.09130434782608696 0.01125
0 1.3405797101449275 0.09041666666666667 0.08188405797101449 0.014166666666666666
0 1.3413043478260869 0.15208333333333332 0.021014492753623187 0.00875
0 1.3442028985507246 0.09375 0.016666666666666666 0.004166666666666667
