0 0.04420289855072464 0.0125 0.15434782608695652 0.03333333333333333
0 0.05144927536231884 0.4270833333333333 0.15144927536231884 0.028333333333333332
0 0.05144927536231884 0.4058333333333333 0.2985507246376812 0.01125
0 0.05144927536231884 0.27375 0.1398550724637681 0.028333333333333332
0 0.05144927536231884 0.1375 0.12753623188405797 0.028333333333333332
0 0.05144927536231884 0.09083333333333334 0.06521739130434782 0.01375
0 0.05217391304347826 0.38916666666666666 0.25869565217391305 0.01125
0 0.05217391304347826 0.2529166666666667 0.5572463768115942 0.01125
0 0.05217391304347826 0.11625 0.5318840579710145 0.01125
0 0.05289855072463768 0.36375 0.0746376811594203 0.010833333333333334
0 0.05289855072463768 0.22708333333333333 0.08043478260869565 0.010833333333333334
0 0.21594202898550724 0.0125 0.1391304347826087 0.03333333333333333
0 0.372463768115942 0.0125 0.1318840579710145 0.03333333333333333
0 0.4811594202898551 0.4270833333333333 0.12971014492753624 0.028333333333333332
0 0.4811594202898551 0.4058333333333333 0.24782608695652175 0.01125
0 0.4811594202898551 0.38916666666666666 0.29637681159420287 0.01125
0 0.4811594202898551 0.36375 0.0644927536231884 0.01375
0 0.9108695652173913 0.4270833333333333 0.1391304347826087 0.028333333333333332
0 0.9108695652173913 0.4058333333333333 0.3 0.01125
0 0.9115942028985508 0.38916666666666666 0.21811594202898552 0.01125
0 0.9115942028985508 0.36333333333333334 0.07536231884057971 0.014166666666666666
0 0.9159420289855073 0.1375 0.12971014492753624 0.028333333333333332
0 0.9173913043478261 0.11625 0.5304347826086957 0.01125
0 0.9173913043478261 0.09041666666666667 0.0782608695652174 0.014166666666666666
0 1.3398550724637681 0.4270833333333333 0.14202898550724638 0.028333333333333332
0 1.3398550724637681 0.4058333333333333 0.19057971014492753 0.01125
0 1.3398550724637681 0.36375 0.06884057971014493 0.01375
0 1.3413043478260869 0.38916666666666666 0.3217391304347826 0.01125
