0 0.04420289855072464 0.0125 0.15217391304347827 0.03333333333333333
0 0.05144927536231884 0.4270833333333333 0.13695652173913042 0.028333333333333332
0 0.05144927536231884 0.29041666666666666 0.13768115942028986 0.028333333333333332
0 0.05144927536231884 0.15416666666666667 0.12608695652173912 0.028333333333333332
0 0.05144927536231884 0.13291666666666666 0.2702898550724638 0.01125
0 0.05217391304347826 0.4058333333333333 0.5434782608695652 0.01125
0 0.05217391304347826 0.26958333333333334 0.5492753623188406 0.01125
0 0.05217391304347826 0.24333333333333335 0.08623188405797101 0.014166666666666666
0 0.05217391304347826 0.11625 0.2971014492753623 0.01125
0 0.05289855072463768 0.3804166666666667 0.06956521739130435 0.01375
0 0.05289855072463768 0.09083333333333334 0.06304347826086956 0.010833333333333334
0 0.213768115942029 0.0125 0.14492753623188406 0.03333333333333333
0 0.3760869565217391 0.0125 0.15072463768115943 0.03333333333333333
0 0.48043478260869565 0.09083333333333334 0.06304347826086956 0.010833333333333334
0 0.4811594202898551 0.15416666666666667 0.15 0.028333333333333332
0 0.4811594202898551 0.13291666666666666 0.19202898550724637 0.01125
0 0.48188405797101447 0.11625 0.3384057971014493 0.01125
0 0.5442028985507247 0.0125 0.14057971014492754 0.03333333333333333
0 0.7021739130434783 0.0125 0.1471014492753623 0.03333333333333333
0 0.9101449275362319 0.09083333333333334 0.08043478260869565 0.01375
0 0.9108695652173913 0.15416666666666667 0.15144927536231884 0.028333333333333332
0 0.9108695652173913 0.11625 0.3253623188405797 0.01125
0 0.9115942028985508 0.13291666666666666 0.1956521739130435 0.01125
0 0.9159420289855073 0.4270833333333333 0.15 0.028333333333333332
0 0.9166666666666666 0.4058333333333333 0.5253623188405797 0.01125
0 0.9181159420289855 0.3804166666666667 0.07101449275362319 0.01375
0 1.3398550724637681 0.15416666666666667 0.12753623188405797 0.028333333333333332
0 1.3405797101449275 0.11625 0.3289855072463768 0.01125
0 1.3405797101449275 0.09041666666666667 0.06666666666666667 0.014166666666666666
0 1.3413043478260869 0.13291666666666666 0.1891304347826087 0.01125
