0 0.04420289855072464 0.0125 0.1471014492753623 0.03333333333333333
0 0.05144927536231884 0.32375 0.1398550724637681 0.028333333333333332
0 0.05144927536231884 0.30291666666666667 0.18768115942028984 0.01125
0 0.05144927536231884 0.15416666666666667 0.12246376811594203 0.028333333333333332
0 0.05144927536231884 0.13291666666666666 0.18768115942028984 0.01125
0 0.05144927536231884 0.09083333333333334 0.08985507246376812 0.010833333333333334
0 0.05217391304347826 0.28625 0.30579710144927535 0.01125
0 0.05217391304347826 0.11625 0.3210144927536232 0.01125
0 0.05289855072463768 0.2604166666666667 0.06086956521739131 0.010833333333333334
0 0.20869565217391303 0.0125 0.15217391304347827 0.03333333333333333
0 0.3782608695652174 0.0125 0.15144927536231884 0.03333333333333333
0 0.4811594202898551 0.34041666666666665 0.13333333333333333 0.028333333333333332
0 0.4811594202898551 0.28625 0.1463768115942029 0.01125
0 0.4811594202898551 0.17083333333333334 0.13405797101449277 0.028333333333333332
0 0.4811594202898551 0.09083333333333334 0.07608695652173914 0.01375
0 0.48188405797101447 0.31958333333333333 0.058695652173913045 0.01125
0 0.48188405797101447 0.30291666666666667 0.32318840579710145 0.01125
0 0.48188405797101447 0.26 0.0644927536231884 0.014166666666666666
0 0.48188405797101447 0.14958333333333335 0.02246376811594203 0.01125
0 0.48188405797101447 0.13291666666666666 0.32318840579710145 0.01125
0 0.48188405797101447 0.11625 0.14347826086956522 0.01125
0 0.48478260869565215 0.2633333333333333 0.016666666666666666 0.004166666666666667
0 0.9101449275362319 0.09083333333333334 0.06666666666666667 0.010833333333333334
0 0.9108695652173913 0.32375 0.12971014492753624 0.028333333333333332
0 0.9108695652173913 0.30291666666666667 0.2028985507246377 0.01125
0 0.9108695652173913 0.2604166666666667 0.0746376811594203 0.010833333333333334
0 0.9108695652173913 0.15416666666666667 0.1398550724637681 0.028333333333333332
0 0.9115942028985508 0.28625 0.32971014492753625 0.01125
0 0.9115942028985508 0.13291666666666666 0.19202898550724637 0.01125
0 0.9115942028985508 0.11625 0.3101449275362319 0.01125
0 1.3398550724637681 0.32375 0.12681159420289856 0.028333333333333332
0 1.3398550724637681 0.28625 0.32318840579710145 0.01125
0 1.3398550724637681 0.15416666666666667 0.13768115942028986 0.028333333333333332
0 1.3398550724637681 0.11625 0.25072463768115943 0.01125
0 1.3398550724637681 0.09083333333333334 0.06086956521739131 0.01375
0 1.3413043478260869 0.30291666666666667 0.23115942028985506 0.01125
0 1.3413043478260869 0.13291666666666666 0.2717391304347826 0.01125
0 1.3420289855072465 0.2604166666666667 0.06231884057971015 0.01375
