0 0.04420289855072464 0.0125 0.14202898550724638 0.03333333333333333
0 0.050724637681159424 0.2529166666666667 0.5123188405797101 0.01125
0 0.05144927536231884 0.41041666666666665 0.13115942028985508 0.028333333333333332
0 0.05144927536231884 0.38916666666666666 0.5478260869565217 0.01125
0 0.05144927536231884 0.27375 0.1471014492753623 0.028333333333333332
0 0.05144927536231884 0.1375 0.12608695652173912 0.028333333333333332
0 0.05144927536231884 0.09083333333333334 0.07173913043478261 0.01375
0 0.05217391304347826 0.11625 0.5282608695652173 0.01125
0 0.05289855072463768 0.36375 0.08043478260869565 0.01375
0 0.05289855072463768 0.22708333333333333 0.06594202898550725 0.01375
0 0.2036231884057971 0.0125 0.14420289855072463 0.03333333333333333
0 0.3652173913043478 0.0125 0.1536231884057971 0.03333333333333333
0 0.9159420289855073 0.1375 0.13840579710144926 0.028333333333333332
0 0.9166666666666666 0.11625 0.5224637681159421 0.01125
0 0.9173913043478261 0.09041666666666667 0.07608695652173914 0.012083333333333333
