0 0.04420289855072464 0.0125 0.1572463768115942 0.03333333333333333
0 0.05144927536231884 0.4270833333333333 0.14565217391304347 0.028333333333333332
0 0.05144927536231884 0.4058333333333333 0.5144927536231884 0.01125
0 0.05144927536231884 0.29041666666666666 0.1289855072463768 0.028333333333333332
0 0.05144927536231884 0.26958333333333334 0.4963768115942029 0.01125
0 0.05144927536231884 0.15416666666666667 0.14202898550724638 0.028333333333333332
0 0.05144927536231884 0.11625 0.3398550724637681 0.01125
0 0.05217391304347826 0.13291666666666666 0.18478260869565216 0.01125
0 0.05289855072463768 0.3804166666666667 0.06304347826086956 0.01375
0 0.05289855072463768 0.24375 0.07391304347826087 0.01375
0 0.05289855072463768 0.09083333333333334 0.07318840579710145 0.01375
0 0.21884057971014492 0.0125 0.1391304347826087 0.03333333333333333
0 0.3753623188405797 0.0125 0.1492753623188406 0.03333333333333333
0 0.48043478260869565 0.09083333333333334 0.06884057971014493 0.01125
0 0.4811594202898551 0.15416666666666667 0.13840579710144926 0.028333333333333332
0 0.48188405797101447 0.13291666666666666 0.1934782608695652 0.01125
0 0.48188405797101447 0.11625 0.336231884057971 0.01125
0 0.5420289855072464 0.0125 0.15 0.03333333333333333
0 0.9101449275362319 0.09083333333333334 0.06956521739130435 0.010833333333333334
0 0.9108695652173913 0.15416666666666667 0.14202898550724638 0.028333333333333332
0 0.9108695652173913 0.13291666666666666 0.19420289855072465 0.01125
0 0.9115942028985508 0.11625 0.3318840579710145 0.01125
0 0.9159420289855073 0.4270833333333333 0.1463768115942029 0.028333333333333332
0 0.9159420289855073 0.3804166666666667 0.05507246376811594 0.010833333333333334
0 0.9166666666666666 0.4058333333333333 0.5173913043478261 0.01125
0 1.3398550724637681 0.15416666666666667 0.1463768115942029 0.028333333333333332
0 1.3398550724637681 0.11625 0.27753623188405796 0.01125
0 1.3413043478260869 0.13291666666666666 0.23478260869565218 0.01125
0 1.3420289855072465 0.09083333333333334 0.07753623188405798 0.010833333333333334
