0 0.04420289855072464 0.0125 0.1536231884057971 0.03333333333333333
0 0.050724637681159424 0.26958333333333334 0.2427536231884058 0.01125
0 0.05144927536231884 0.44375 0.14202898550724638 0.028333333333333332
0 0.05144927536231884 0.39708333333333334 0.08333333333333333 0.010833333333333334
0 0.05144927536231884 0.3070833333333333 0.13623188405797101 0.028333333333333332
0 0.05144927536231884 0.1375 0.13405797101449277 0.028333333333333332
0 0.05217391304347826 0.2529166666666667 0.1826086956521739 0.01125
0 0.05217391304347826 0.11625 0.5442028985507247 0.01125
0 0.05217391304347826 0.09083333333333334 0.0746376811594203 0.01375
0 0.05289855072463768 0.4225 0.4927536231884058 0.01125
0 0.05289855072463768 0.28625 0.12173913043478261 0.01125
0 0.05289855072463768 0.22708333333333333 0.07536231884057971 0.010833333333333334
0 0.21521739130434783 0.0125 0.15072463768115943 0.03333333333333333
0 0.38333333333333336 0.0125 0.15144927536231884 0.03333333333333333
0 0.4811594202898551 0.29041666666666666 0.13695652173913042 0.028333333333333332
0 0.4811594202898551 0.26958333333333334 0.27898550724637683 0.01125
0 0.48188405797101447 0.2529166666666667 0.2746376811594203 0.01125
0 0.4826086956521739 0.22708333333333333 0.07536231884057971 0.01375
0 0.5521739130434783 0.0125 0.1355072463768116 0.03333333333333333
0 0.7050724637681159 0.0125 0.15217391304347827 0.03333333333333333
0 0.9108695652173913 0.29041666666666666 0.15217391304347827 0.028333333333333332
0 0.9115942028985508 0.26958333333333334 0.23405797101449274 0.01125
0 0.9115942028985508 0.2529166666666667 0.2891304347826087 0.01125
0 0.9123188405797101 0.22708333333333333 0.06594202898550725 0.010833333333333334
0 0.9159420289855073 0.1375 0.13115942028985508 0.028333333333333332
0 0.9159420289855073 0.11625 0.5115942028985507 0.01125
0 0.9159420289855073 0.09083333333333334 0.06521739130434782 0.01375
0 1.3398550724637681 0.29041666666666666 0.14420289855072463 0.028333333333333332
0 1.3398550724637681 0.22708333333333333 0.06666666666666667 0.01375
0 1.3405797101449275 0.26958333333333334 0.2289855072463768 0.01125
0 1.3413043478260869 0.2529166666666667 0.3115942028985507 0.01125
