0 0.04420289855072464 0.0125 0.15507246376811595 0.03333333333333333
0 0.05144927536231884 0.15416666666666667 0.1282608695652174 0.028333333333333332
0 0.05144927536231884 0.11625 0.28840579710144926 0.01125
0 0.05217391304347826 0.13291666666666666 0.25217391304347825 0.01125
0 0.05289855072463768 0.09083333333333334 0.06594202898550725 0.010833333333333334
0 0.21666666666666667 0.0125 0.1681159420289855 0.03333333333333333
0 0.40217391304347827 0.0125 0.15 0.03333333333333333
0 0.4811594202898551 0.15416666666666667 0.13115942028985508 0.028333333333333332
0 0.48188405797101447 0.13291666666666666 0.19420289855072465 0.01125
0 0.48188405797101447 0.11625 0.33405797101449275 0.01125
0 0.4826086956521739 0.09083333333333334 0.0644927536231884 0.01375
0 0.5695652173913044 0.0125 0.14202898550724638 0.03333333333333333
0 0.9101449275362319 0.09083333333333334 0.06884057971014493 0.010833333333333334
0 0.9108695652173913 0.15416666666666667 0.13260869565217392 0.028333333333333332
0 0.9108695652173913 0.13291666666666666 0.2876811594202899 0.01125
0 0.9108695652173913 0.11625 0.23695652173913043 0.01125
0 1.3398550724637681 0.15416666666666667 0.12101449275362319 0.028333333333333332
0 1.3398550724637681 0.09083333333333334 0.060144927536231886 0.01125
0 1.3413043478260869 0.13291666666666666 0.15579710144927536 0.01125
0 1.3413043478260869 0.11625 0.3391304347826087 0.01125
