0 0.04420289855072464 0.0125 0.1471014492753623 0.03333333333333333
0 0.050724637681159424 0.13291666666666666 0.2608695652173913 0.01125
0 0.05144927536231884 0.44375 0.12608695652173912 0.028333333333333332
0 0.05144927536231884 0.3070833333333333 0.1471014492753623 0.028333333333333332
0 0.05144927536231884 0.15416666666666667 0.13260869565217392 0.028333333333333332
0 0.05144927536231884 0.11625 0.2427536231884058 0.01125
0 0.05217391304347826 0.4225 0.48333333333333334 0.01125
0 0.05217391304347826 0.39666666666666667 0.07536231884057971 0.014166666666666666
0 0.05217391304347826 0.28625 0.5434782608695652 0.01125
0 0.05289855072463768 0.2604166666666667 0.07028985507246377 0.010833333333333334
0 0.05289855072463768 0.09083333333333334 0.0536231884057971 0.010833333333333334
0 0.20869565217391303 0.0125 0.13768115942028986 0.03333333333333333
0 0.48043478260869565 0.11625 0.16014492753623188 0.01125
0 0.48043478260869565 0.09083333333333334 0.06811594202898551 0.010833333333333334
0 0.4811594202898551 0.17083333333333334 0.1398550724637681 0.028333333333333332
0 0.4811594202898551 0.14958333333333335 0.1036231884057971 0.01125
0 0.4811594202898551 0.13291666666666666 0.2528985507246377 0.01125
0 0.9108695652173913 0.15416666666666667 0.15434782608695652 0.028333333333333332
0 0.9108695652173913 0.11625 0.3159420289855073 0.01125
0 0.9108695652173913 0.09083333333333334 0.07971014492753623 0.01125
0 0.9115942028985508 0.13291666666666666 0.22318840579710145 0.01125
0 0.9159420289855073 0.3070833333333333 0.14782608695652175 0.028333333333333332
0 0.9166666666666666 0.28625 0.5413043478260869 0.01125
0 0.9173913043478261 0.26 0.06956521739130435 0.011666666666666667
0 1.3398550724637681 0.15416666666666667 0.14782608695652175 0.028333333333333332
0 1.3398550724637681 0.13291666666666666 0.19855072463768117 0.01125
0 1.3405797101449275 0.11625 0.33115942028985507 0.01125
0 1.3420289855072465 0.09083333333333334 0.06811594202898551 0.010833333333333334
