0 0.04420289855072464 0.0125 0.12971014492753624 0.03333333333333333
0 0.05144927536231884 0.27375 0.13478260869565217 0.028333333333333332
0 0.05144927536231884 0.2529166666666667 0.532608695652174 0.01125
0 0.05144927536231884 0.1375 0.14202898550724638 0.028333333333333332
0 0.05144927536231884 0.09083333333333334 0.07246376811594203 0.01375
0 0.05289855072463768 0.22708333333333333 0.07681159420289856 0.01375
0 0.05289855072463768 0.11625 0.527536231884058 0.01125
0 0.19130434782608696 0.0125 0.1565217391304348 0.03333333333333333
0 0.3652173913043478 0.0125 0.1391304347826087 0.03333333333333333
0 0.5217391304347826 0.0125 0.15 0.03333333333333333
0 0.6891304347826087 0.0125 0.1355072463768116 0.03333333333333333
0 0.9159420289855073 0.1375 0.15 0.028333333333333332
0 0.9166666666666666 0.11625 0.5623188405797102 0.01125
0 0.9181159420289855 0.09083333333333334 0.0746376811594203 0.01375
