0 0.04420289855072464 0.0125 0.13260869565217392 0.03333333333333333
0 0.05144927536231884 0.4270833333333333 0.15217391304347827 0.028333333333333332
0 0.05144927536231884 0.29041666666666666 0.15289855072463768 0.028333333333333332
0 0.05144927536231884 0.26958333333333334 0.5557971014492754 0.01125
0 0.05144927536231884 0.15416666666666667 0.13768115942028986 0.028333333333333332
0 0.05144927536231884 0.11625 0.34782608695652173 0.01125
0 0.05217391304347826 0.38 0.07898550724637682 0.014166666666666666
0 0.05289855072463768 0.4058333333333333 0.5282608695652173 0.01125
0 0.05289855072463768 0.24375 0.07608695652173914 0.01375
0 0.05289855072463768 0.13291666666666666 0.17028985507246377 0.01125
0 0.05289855072463768 0.09083333333333334 0.0644927536231884 0.01375
0 0.19420289855072465 0.0125 0.1492753623188406 0.03333333333333333
0 0.36086956521739133 0.0125 0.15289855072463768 0.03333333333333333
0 0.4811594202898551 0.15416666666666667 0.1427536231884058 0.028333333333333332
0 0.48188405797101447 0.13291666666666666 0.21159420289855072 0.01125
0 0.48188405797101447 0.11625 0.32608695652173914 0.01125
0 0.4826086956521739 0.09083333333333334 0.07318840579710145 0.010833333333333334
0 0.5311594202898551 0.0125 0.15869565217391304 0.03333333333333333
0 0.7072463768115942 0.0125 0.15144927536231884 0.03333333333333333
0 0.9101449275362319 0.09083333333333334 0.08333333333333333 0.010833333333333334
0 0.9108695652173913 0.15416666666666667 0.14057971014492754 0.028333333333333332
0 0.9108695652173913 0.11625 0.22681159420289856 0.01125
0 0.9115942028985508 0.13291666666666666 0.2847826086956522 0.01125
0 0.9159420289855073 0.29041666666666666 0.15869565217391304 0.028333333333333332
0 0.9173913043478261 0.26958333333333334 0.5463768115942029 0.01125
0 0.9181159420289855 0.24375 0.06594202898550725 0.01375
0 1.3398550724637681 0.15416666666666667 0.1289855072463768 0.028333333333333332
0 1.3398550724637681 0.09083333333333334 0.07246376811594203 0.01375
0 1.3405797101449275 0.11625 0.3456521739130435 0.01125
0 1.3413043478260869 0.13291666666666666 0.17971014492753623 0.01125
