0 0.04420289855072464 0.0125 0.1565217391304348 0.03333333333333333
0 0.05144927536231884 0.4270833333333333 0.13623188405797101 0.028333333333333332
0 0.05144927536231884 0.29041666666666666 0.14855072463768115 0.028333333333333332
0 0.05144927536231884 0.1375 0.12608695652173912 0.028333333333333332
0 0.05217391304347826 0.4058333333333333 0.55 0.01125
0 0.05217391304347826 0.38 0.04710144927536232 0.014166666666666666
0 0.05217391304347826 0.2529166666666667 0.3159420289855073 0.01125
0 0.05289855072463768 0.26958333333333334 0.17971014492753623 0.01125
0 0.05289855072463768 0.22708333333333333 0.05 0.01375
0 0.05289855072463768 0.11625 0.508695652173913 0.01125
0 0.05289855072463768 0.09083333333333334 0.057971014492753624 0.010833333333333334
0 0.05507246376811594 0.38333333333333336 0.017391304347826087 0.004166666666666667
0 0.21811594202898552 0.0125 0.1391304347826087 0.03333333333333333
0 0.3746376811594203 0.0125 0.15 0.03333333333333333
0 0.48043478260869565 0.22708333333333333 0.07318840579710145 0.010833333333333334
0 0.4811594202898551 0.29041666666666666 0.13768115942028986 0.028333333333333332
0 0.4811594202898551 0.26958333333333334 0.19057971014492753 0.01125
0 0.4811594202898551 0.2529166666666667 0.34347826086956523 0.01125
0 0.5420289855072464 0.0125 0.16666666666666666 0.03333333333333333
0 0.9108695652173913 0.29041666666666666 0.1355072463768116 0.028333333333333332
0 0.9108695652173913 0.26958333333333334 0.18188405797101448 0.01125
0 0.9108695652173913 0.2529166666666667 0.3347826086956522 0.01125
0 0.9123188405797101 0.22708333333333333 0.058695652173913045 0.010833333333333334
0 0.9159420289855073 0.1375 0.14202898550724638 0.028333333333333332
0 0.9173913043478261 0.11625 0.5231884057971015 0.01125
0 0.9181159420289855 0.09083333333333334 0.07536231884057971 0.01375
0 1.3398550724637681 0.29041666666666666 0.14202898550724638 0.028333333333333332
0 1.3398550724637681 0.2529166666666667 0.3101449275362319 0.01125
0 1.3413043478260869 0.26958333333333334 0.2217391304347826 0.00875
0 1.3413043478260869 0.22666666666666666 0.07391304347826087 0.014166666666666666
