0 0.04420289855072464 0.0125 0.14565217391304347 0.03333333333333333
0 0.05144927536231884 0.15416666666666667 0.1492753623188406 0.028333333333333332
0 0.05217391304347826 0.13291666666666666 0.20072463768115942 0.01125
0 0.05217391304347826 0.11625 0.3391304347826087 0.01125
0 0.05217391304347826 0.09041666666666667 0.06304347826086956 0.014166666666666666
0 0.2072463768115942 0.0125 0.1463768115942029 0.03333333333333333
0 0.3710144927536232 0.0125 0.15434782608695652 0.03333333333333333
0 0.4811594202898551 0.15416666666666667 0.13333333333333333 0.028333333333333332
0 0.4811594202898551 0.11625 0.2855072463768116 0.01125
0 0.48188405797101447 0.13291666666666666 0.21666666666666667 0.01125
0 0.4826086956521739 0.09083333333333334 0.07246376811594203 0.01375
0 0.5427536231884058 0.0125 0.1608695652173913 0.03333333333333333
0 0.9101449275362319 0.09083333333333334 0.07028985507246377 0.010833333333333334
0 0.9108695652173913 0.15416666666666667 0.15144927536231884 0.028333333333333332
0 0.9108695652173913 0.13291666666666666 0.1934782608695652 0.01125
0 0.9108695652173913 0.11625 0.30579710144927535 0.01125
0 1.3398550724637681 0.15416666666666667 0.13695652173913042 0.028333333333333332
0 1.3398550724637681 0.09083333333333334 0.07318840579710145 0.01375
0 1.3405797101449275 0.13291666666666666 0.21014492753623187 0.01125
0 1.3405797101449275 0.11625 0.3130434782608696 0.01125
