0 0.04420289855072464 0.0125 0.14855072463768115 0.03333333333333333
0 0.05144927536231884 0.46041666666666664 0.1536231884057971 0.028333333333333332
0 0.05144927536231884 0.4058333333333333 0.18333333333333332 0.01125
0 0.05144927536231884 0.3804166666666667 0.07681159420289856 0.01375
0 0.05144927536231884 0.29041666666666666 0.1282608695652174 0.028333333333333332
0 0.05144927536231884 0.26958333333333334 0.2108695652173913 0.01125
0 0.05144927536231884 0.22708333333333333 0.05579710144927536 0.01375
0 0.05144927536231884 0.1375 0.13333333333333333 0.028333333333333332
0 0.05144927536231884 0.11625 0.5427536231884058 0.01125
0 0.05144927536231884 0.09083333333333334 0.05144927536231884 0.01375
0 0.05217391304347826 0.43916666666666665 0.05289855072463768 0.00875
0 0.05217391304347826 0.4225 0.32681159420289857 0.01125
0 0.05217391304347826 0.2529166666666667 0.32028985507246377 0.01125
0 0.21014492753623187 0.0125 0.1463768115942029 0.03333333333333333
0 0.3739130434782609 0.0125 0.15289855072463768 0.03333333333333333
0 0.4811594202898551 0.44375 0.1318840579710145 0.028333333333333332
0 0.4811594202898551 0.4058333333333333 0.3239130434782609 0.01125
0 0.4811594202898551 0.29041666666666666 0.15144927536231884 0.028333333333333332
0 0.4811594202898551 0.26958333333333334 0.19130434782608696 0.01125
0 0.48188405797101447 0.4225 0.23478260869565218 0.01125
0 0.48188405797101447 0.38 0.06884057971014493 0.012083333333333333
0 0.48188405797101447 0.2529166666666667 0.34492753623188405 0.01125
0 0.4826086956521739 0.22708333333333333 0.0644927536231884 0.010833333333333334
0 0.5442028985507247 0.0125 0.12971014492753624 0.03333333333333333
0 0.691304347826087 0.0125 0.13623188405797101 0.03333333333333333
0 0.9101449275362319 0.3804166666666667 0.0572463768115942 0.01375
0 0.9108695652173913 0.44375 0.1427536231884058 0.028333333333333332
0 0.9108695652173913 0.4225 0.2572463768115942 0.01125
0 0.9108695652173913 0.4058333333333333 0.263768115942029 0.01125
0 0.9108695652173913 0.29041666666666666 0.14202898550724638 0.028333333333333332
0 0.9108695652173913 0.26958333333333334 0.4 0.01125
0 0.9108695652173913 0.2529166666666667 0.05 0.01125
0 0.9123188405797101 0.22708333333333333 0.06739130434782609 0.010833333333333334
0 0.9159420289855073 0.1375 0.14202898550724638 0.028333333333333332
0 0.9166666666666666 0.11625 0.5413043478260869 0.01125
0 0.9181159420289855 0.09083333333333334 0.0782608695652174 0.010833333333333334
0 1.3398550724637681 0.44375 0.1572463768115942 0.028333333333333332
0 1.3398550724637681 0.29041666666666666 0.12391304347826088 0.028333333333333332
0 1.3398550724637681 0.26958333333333334 0.23695652173913043 0.01125
0 1.3405797101449275 0.4225 0.19130434782608696 0.01125
0 1.3405797101449275 0.2529166666666667 0.29347826086956524 0.01125
0 1.3413043478260869 0.4058333333333333 0.31376811594202897 0.01125
0 1.3420289855072465 0.3804166666666667 0.08405797101449275 0.010833333333333334
0 1.3420289855072465 0.22708333333333333 0.06739130434782609 0.01375
