0 0.04420289855072464 0.0125 0.1391304347826087 0.03333333333333333
0 0.05144927536231884 0.32375 0.14565217391304347 0.028333333333333332
0 0.05144927536231884 0.15416666666666667 0.12608695652173912 0.028333333333333332
0 0.05217391304347826 0.30291666666666667 0.2971014492753623 0.01125
0 0.05217391304347826 0.28625 0.23478260869565218 0.01125
0 0.05217391304347826 0.11625 0.26956521739130435 0.01125
0 0.05217391304347826 0.09041666666666667 0.06884057971014493 0.011666666666666667
0 0.05289855072463768 0.2604166666666667 0.07536231884057971 0.010833333333333334
0 0.05289855072463768 0.13291666666666666 0.2855072463768116 0.01125
0 0.05507246376811594 0.09375 0.017391304347826087 0.004166666666666667
0 0.20072463768115942 0.0125 0.15797101449275364 0.03333333333333333
0 0.3760869565217391 0.0125 0.1463768115942029 0.03333333333333333
0 0.48043478260869565 0.09083333333333334 0.08550724637681159 0.01375
0 0.4811594202898551 0.32375 0.12971014492753624 0.028333333333333332
0 0.4811594202898551 0.28625 0.34492753623188405 0.01125
0 0.4811594202898551 0.17083333333333334 0.1391304347826087 0.028333333333333332
0 0.4811594202898551 0.13291666666666666 0.32681159420289857 0.01125
0 0.4811594202898551 0.11625 0.10942028985507246 0.01125
0 0.48188405797101447 0.30291666666666667 0.13623188405797101 0.00875
0 0.48188405797101447 0.14958333333333335 0.09202898550724638 0.01125
0 0.4826086956521739 0.2604166666666667 0.06956521739130435 0.01375
0 0.5398550724637681 0.0125 0.12971014492753624 0.03333333333333333
0 0.9108695652173913 0.32375 0.12318840579710146 0.028333333333333332
0 0.9108695652173913 0.28625 0.3289855072463768 0.01125
0 0.9108695652173913 0.15416666666666667 0.13115942028985508 0.028333333333333332
0 0.9108695652173913 0.11625 0.3282608695652174 0.01125
0 0.9115942028985508 0.30291666666666667 0.213768115942029 0.01125
0 0.9115942028985508 0.13291666666666666 0.21956521739130436 0.01125
0 0.9123188405797101 0.2604166666666667 0.07246376811594203 0.010833333333333334
0 0.9123188405797101 0.09083333333333334 0.06956521739130435 0.01375
0 1.3398550724637681 0.32375 0.12681159420289856 0.028333333333333332
0 1.3398550724637681 0.30291666666666667 0.21811594202898552 0.01125
0 1.3398550724637681 0.15416666666666667 0.14202898550724638 0.028333333333333332
0 1.3398550724637681 0.09083333333333334 0.07391304347826087 0.010833333333333334
0 1.3413043478260869 0.28625 0.28840579710144926 0.01125
0 1.3413043478260869 0.13291666666666666 0.28043478260869564 0.01125
0 1.3413043478260869 0.11625 0.26159420289855073 0.01125
0 1.3420289855072465 0.2604166666666667 0.06594202898550725 0.01375
