0 0.04420289855072464 0.0125 0.1536231884057971 0.03333333333333333
0 0.05144927536231884 0.4270833333333333 0.14057971014492754 0.028333333333333332
0 0.05144927536231884 0.29041666666666666 0.14420289855072463 0.028333333333333332
0 0.05144927536231884 0.22708333333333333 0.05217391304347826 0.010833333333333334
0 0.05144927536231884 0.1375 0.15942028985507245 0.028333333333333332
0 0.05217391304347826 0.4058333333333333 0.5615942028985508 0.01125
0 0.05217391304347826 0.26958333333333334 0.24420289855072463 0.01125
0 0.05217391304347826 0.2529166666666667 0.2927536231884058 0.01125
0 0.05289855072463768 0.3804166666666667 0.06086956521739131 0.01375
0 0.05289855072463768 0.11625 0.5492753623188406 0.01125
0 0.05289855072463768 0.09083333333333334 0.07608695652173914 0.010833333333333334
0 0.21521739130434783 0.0125 0.14347826086956522 0.03333333333333333
0 0.3760869565217391 0.0125 0.1246376811594203 0.03333333333333333
0 0.48043478260869565 0.2529166666666667 0.2028985507246377 0.01125
0 0.4811594202898551 0.29041666666666666 0.13478260869565217 0.028333333333333332
0 0.4811594202898551 0.26958333333333334 0.32753623188405795 0.01125
0 0.4826086956521739 0.22708333333333333 0.07391304347826087 0.01375
0 0.5181159420289855 0.0125 0.15507246376811595 0.03333333333333333
0 0.6905797101449276 0.0125 0.14782608695652175 0.03333333333333333
0 0.9108695652173913 0.29041666666666666 0.1398550724637681 0.028333333333333332
0 0.9108695652173913 0.26958333333333334 0.21884057971014492 0.01125
0 0.9108695652173913 0.2529166666666667 0.3159420289855073 0.01125
0 0.9108695652173913 0.22708333333333333 0.06594202898550725 0.01375
0 0.9159420289855073 0.4270833333333333 0.15217391304347827 0.028333333333333332
0 0.9173913043478261 0.4058333333333333 0.5231884057971015 0.01125
0 0.9181159420289855 0.3804166666666667 0.07173913043478261 0.01375
0 1.3398550724637681 0.29041666666666666 0.15144927536231884 0.028333333333333332
0 1.3405797101449275 0.26958333333333334 0.2210144927536232 0.01125
0 1.3405797101449275 0.2529166666666667 0.30869565217391304 0.01125
0 1.3413043478260869 0.22666666666666666 0.07028985507246377 0.011666666666666667
