0 0.04420289855072464 0.0125 0.14855072463768115 0.03333333333333333
0 0.05144927536231884 0.44375 0.13260869565217392 0.028333333333333332
0 0.05144927536231884 0.3070833333333333 0.14782608695652175 0.028333333333333332
0 0.05144927536231884 0.15416666666666667 0.14855072463768115 0.028333333333333332
0 0.05217391304347826 0.4225 0.5231884057971015 0.01125
0 0.05217391304347826 0.39666666666666667 0.07173913043478261 0.011666666666666667
0 0.05217391304347826 0.28625 0.5362318840579711 0.01125
0 0.05217391304347826 0.13291666666666666 0.2210144927536232 0.01125
0 0.05217391304347826 0.11625 0.2847826086956522 0.01125
0 0.05289855072463768 0.2604166666666667 0.05434782608695652 0.01375
0 0.05289855072463768 0.09083333333333334 0.07318840579710145 0.01375
0 0.21014492753623187 0.0125 0.1318840579710145 0.03333333333333333
0 0.35942028985507246 0.0125 0.15144927536231884 0.03333333333333333
0 0.4811594202898551 0.15416666666666667 0.13333333333333333 0.028333333333333332
0 0.4811594202898551 0.09083333333333334 0.0572463768115942 0.01375
0 0.48188405797101447 0.13291666666666666 0.22391304347826088 0.01125
0 0.48188405797101447 0.11625 0.3007246376811594 0.01125
0 0.5282608695652173 0.0125 0.1471014492753623 0.03333333333333333
0 0.9108695652173913 0.15416666666666667 0.14057971014492754 0.028333333333333332
0 0.9108695652173913 0.11625 0.2688405797101449 0.01125
0 0.9115942028985508 0.13291666666666666 0.29637681159420287 0.01125
0 0.9123188405797101 0.09083333333333334 0.06231884057971015 0.01375
0 0.9159420289855073 0.3070833333333333 0.14057971014492754 0.028333333333333332
0 0.9159420289855073 0.2604166666666667 0.06956521739130435 0.010833333333333334
0 0.9166666666666666 0.28625 0.4927536231884058 0.01125
0 1.3398550724637681 0.17083333333333334 0.13623188405797101 0.028333333333333332
0 1.3405797101449275 0.15208333333333332 0.041304347826086954 0.00875
0 1.3405797101449275 0.11625 0.14782608695652175 0.01125
0 1.3413043478260869 0.13291666666666666 0.3159420289855073 0.01125
0 1.3420289855072465 0.09083333333333334 0.06159420289855073 0.01375
