0 0.04420289855072464 0.0125 0.13768115942028986 0.03333333333333333
0 0.05144927536231884 0.4270833333333333 0.13840579710144926 0.028333333333333332
0 0.05144927536231884 0.36375 0.07391304347826087 0.010833333333333334
0 0.05144927536231884 0.27375 0.15942028985507245 0.028333333333333332
0 0.05144927536231884 0.1375 0.1391304347826087 0.028333333333333332
0 0.05217391304347826 0.4058333333333333 0.20579710144927535 0.01125
0 0.05217391304347826 0.38916666666666666 0.34130434782608693 0.01125
0 0.05217391304347826 0.2529166666666667 0.5905797101449275 0.01125
0 0.05217391304347826 0.11625 0.5318840579710145 0.01125
0 0.05289855072463768 0.22708333333333333 0.06594202898550725 0.01375
0 0.05289855072463768 0.09083333333333334 0.06376811594202898 0.010833333333333334
0 0.19927536231884058 0.0125 0.1608695652173913 0.03333333333333333
0 0.377536231884058 0.0125 0.1608695652173913 0.03333333333333333
0 0.4811594202898551 0.4270833333333333 0.14057971014492754 0.028333333333333332
0 0.4811594202898551 0.36375 0.06376811594202898 0.01375
0 0.48188405797101447 0.4058333333333333 0.20507246376811594 0.01125
0 0.48188405797101447 0.38916666666666666 0.3101449275362319 0.01125
0 0.9108695652173913 0.4270833333333333 0.1492753623188406 0.028333333333333332
0 0.9108695652173913 0.4058333333333333 0.34347826086956523 0.01125
0 0.9108695652173913 0.38916666666666666 0.22318840579710145 0.01125
0 0.9108695652173913 0.36333333333333334 0.07391304347826087 0.014166666666666666
0 0.9159420289855073 0.1375 0.14347826086956522 0.028333333333333332
0 0.9166666666666666 0.11625 0.508695652173913 0.01125
0 0.9181159420289855 0.09083333333333334 0.06666666666666667 0.01375
0 1.3398550724637681 0.4270833333333333 0.12391304347826088 0.028333333333333332
0 1.3405797101449275 0.4058333333333333 0.213768115942029 0.01125
0 1.3405797101449275 0.38916666666666666 0.3173913043478261 0.01125
0 1.3405797101449275 0.36333333333333334 0.07318840579710145 0.011666666666666667
