0 0.04420289855072464 0.0125 0.15 0.03333333333333333
0 0.05144927536231884 0.27375 0.14782608695652175 0.028333333333333332
0 0.05144927536231884 0.2529166666666667 0.5362318840579711 0.01125
0 0.05144927536231884 0.22708333333333333 0.07608695652173914 0.01375
0 0.05144927536231884 0.1375 0.14347826086956522 0.028333333333333332
0 0.05217391304347826 0.09041666666666667 0.06159420289855073 0.014166666666666666
0 0.05289855072463768 0.11625 0.5427536231884058 0.01125
0 0.21159420289855072 0.0125 0.15072463768115943 0.03333333333333333
0 0.37971014492753624 0.0125 0.15 0.03333333333333333
0 0.9159420289855073 0.1375 0.15072463768115943 0.028333333333333332
0 0.9166666666666666 0.09041666666666667 0.06739130434782609 0.011666666666666667
0 0.9173913043478261 0.11625 0.5978260869565217 0.01125
