0 0.04420289855072464 0.0125 0.14492753623188406 0.03333333333333333
0 0.05144927536231884 0.44375 0.1355072463768116 0.028333333333333332
0 0.05144927536231884 0.29041666666666666 0.14855072463768115 0.028333333333333332
0 0.05144927536231884 0.26958333333333334 0.23550724637681159 0.01125
0 0.05144927536231884 0.1375 0.14130434782608695 0.028333333333333332
0 0.05144927536231884 0.11625 0.5108695652173914 0.01125
0 0.05217391304347826 0.4225 0.5427536231884058 0.01125
0 0.05217391304347826 0.39666666666666667 0.0644927536231884 0.014166666666666666
0 0.05217391304347826 0.2529166666666667 0.29130434782608694 0.01125
0 0.05289855072463768 0.22708333333333333 0.07536231884057971 0.010833333333333334
0 0.05289855072463768 0.09083333333333334 0.0644927536231884 0.01375
0 0.20652173913043478 0.0125 0.15869565217391304 0.03333333333333333
0 0.3826086956521739 0.0125 0.13623188405797101 0.03333333333333333
0 0.4811594202898551 0.3070833333333333 0.1471014492753623 0.028333333333333332
0 0.4811594202898551 0.28625 0.15072463768115943 0.00875
0 0.4811594202898551 0.26958333333333334 0.26811594202898553 0.01125
0 0.48188405797101447 0.2529166666666667 0.15072463768115943 0.01125
0 0.48188405797101447 0.22666666666666666 0.0746376811594203 0.011666666666666667
0 0.9108695652173913 0.29041666666666666 0.1289855072463768 0.028333333333333332
0 0.9108695652173913 0.22666666666666666 0.07246376811594203 0.011666666666666667
0 0.9115942028985508 0.26958333333333334 0.22608695652173913 0.01125
0 0.9115942028985508 0.2529166666666667 0.27246376811594203 0.01125
0 0.9159420289855073 0.1375 0.12391304347826088 0.028333333333333332
0 0.9166666666666666 0.11625 0.5847826086956521 0.01125
0 0.9181159420289855 0.09083333333333334 0.06159420289855073 0.010833333333333334
0 1.3398550724637681 0.29041666666666666 0.14492753623188406 0.028333333333333332
0 1.3398550724637681 0.2529166666666667 0.26811594202898553 0.01125
0 1.3405797101449275 0.26958333333333334 0.2528985507246377 0.01125
0 1.3420289855072465 0.22708333333333333 0.07753623188405798 0.01375
