0 0.04420289855072464 0.0125 0.13768115942028986 0.03333333333333333
0 0.05144927536231884 0.4270833333333333 0.13115942028985508 0.028333333333333332
0 0.05144927536231884 0.27375 0.1471014492753623 0.028333333333333332
0 0.05144927536231884 0.22708333333333333 0.058695652173913045 0.01375
0 0.05144927536231884 0.1375 0.13478260869565217 0.028333333333333332
0 0.05144927536231884 0.09083333333333334 0.06884057971014493 0.01375
0 0.05217391304347826 0.4058333333333333 0.21956521739130436 0.01125
0 0.05217391304347826 0.38916666666666666 0.31376811594202897 0.01125
0 0.05217391304347826 0.36333333333333334 0.06231884057971015 0.011666666666666667
0 0.05217391304347826 0.11625 0.5471014492753623 0.01125
0 0.05289855072463768 0.2529166666666667 0.5594202898550724 0.01125
0 0.19927536231884058 0.0125 0.1492753623188406 0.03333333333333333
0 0.36594202898550726 0.0125 0.16231884057971013 0.03333333333333333
0 0.4811594202898551 0.4270833333333333 0.1471014492753623 0.028333333333333332
0 0.48188405797101447 0.4058333333333333 0.18840579710144928 0.01125
0 0.48188405797101447 0.38916666666666666 0.33695652173913043 0.01125
0 0.48188405797101447 0.36333333333333334 0.08043478260869565 0.014166666666666666
0 0.48478260869565215 0.3670833333333333 0.016666666666666666 0.00375
0 0.5456521739130434 0.0125 0.13043478260869565 0.03333333333333333
0 0.9108695652173913 0.44375 0.15507246376811595 0.028333333333333332
0 0.9108695652173913 0.4225 0.16304347826086957 0.01125
0 0.9108695652173913 0.4058333333333333 0.2644927536231884 0.01125
0 0.9115942028985508 0.38916666666666666 0.15144927536231884 0.01125
0 0.9123188405797101 0.36375 0.06739130434782609 0.01375
0 0.9159420289855073 0.1375 0.1391304347826087 0.028333333333333332
0 0.9173913043478261 0.11625 0.5297101449275362 0.01125
0 0.9173913043478261 0.09041666666666667 0.08695652173913043 0.012083333333333333
0 1.3398550724637681 0.4270833333333333 0.13115942028985508 0.028333333333333332
0 1.3398550724637681 0.38916666666666666 0.31521739130434784 0.01125
0 1.3405797101449275 0.4058333333333333 0.16521739130434782 0.01125
0 1.3405797101449275 0.36375 0.0891304347826087 0.01375
