0 0.04420289855072464 0.0125 0.1492753623188406 0.03333333333333333
0 0.05144927536231884 0.29041666666666666 0.1282608695652174 0.028333333333333332
0 0.05144927536231884 0.1375 0.1427536231884058 0.028333333333333332
0 0.05144927536231884 0.09083333333333334 0.07536231884057971 0.01375
0 0.05217391304347826 0.26958333333333334 0.22971014492753622 0.01125
0 0.05217391304347826 0.11625 0.5304347826086957 0.01125
0 0.05289855072463768 0.2529166666666667 0.2826086956521739 0.01125
0 0.05289855072463768 0.22708333333333333 0.06231884057971015 0.010833333333333334
0 0.2108695652173913 0.0125 0.15217391304347827 0.03333333333333333
0 0.4811594202898551 0.29041666666666666 0.1391304347826087 0.028333333333333332
0 0.4811594202898551 0.2529166666666667 0.23695652173913043 0.01125
0 0.48188405797101447 0.26958333333333334 0.29057971014492756 0.01125
0 0.4826086956521739 0.22708333333333333 0.07608695652173914 0.01375
0 0.9108695652173913 0.29041666666666666 0.10797101449275362 0.028333333333333332
0 0.9108695652173913 0.26958333333333334 0.3159420289855073 0.01125
0 0.9108695652173913 0.2529166666666667 0.2782608695652174 0.01125
0 0.9123188405797101 0.22708333333333333 0.07753623188405798 0.01375
0 0.9159420289855073 0.1375 0.11884057971014493 0.028333333333333332
0 0.9166666666666666 0.11625 0.5318840579710145 0.01125
0 0.9181159420289855 0.09083333333333334 0.05579710144927536 0.010833333333333334
0 1.3398550724637681 0.3070833333333333 0.14420289855072463 0.028333333333333332
0 1.3405797101449275 0.28625 0.0963768115942029 0.01125
0 1.3405797101449275 0.26958333333333334 0.39855072463768115 0.01125
0 1.3405797101449275 0.2529166666666667 0.04565217391304348 0.01125
0 1.3420289855072465 0.22708333333333333 0.05144927536231884 0.01375
