0 0.04420289855072464 0.0125 0.1398550724637681 0.03333333333333333
0 0.05144927536231884 0.44375 0.15 0.028333333333333332
0 0.05144927536231884 0.4225 0.5572463768115942 0.01125
0 0.05144927536231884 0.3070833333333333 0.13695652173913042 0.028333333333333332
0 0.05144927536231884 0.15416666666666667 0.14057971014492754 0.028333333333333332
0 0.05217391304347826 0.11625 0.31956521739130433 0.01125
0 0.05217391304347826 0.09041666666666667 0.06304347826086956 0.014166666666666666
0 0.05289855072463768 0.39708333333333334 0.058695652173913045 0.01375
0 0.05289855072463768 0.28625 0.5528985507246377 0.01125
0 0.05289855072463768 0.2604166666666667 0.08260869565217391 0.010833333333333334
0 0.05289855072463768 0.13291666666666666 0.21811594202898552 0.01125
0 0.20144927536231885 0.0125 0.16014492753623188 0.03333333333333333
0 0.48043478260869565 0.11625 0.27608695652173915 0.01125
0 0.4811594202898551 0.15416666666666667 0.13695652173913042 0.028333333333333332
0 0.48188405797101447 0.13291666666666666 0.24202898550724639 0.01125
0 0.4826086956521739 0.09083333333333334 0.08115942028985507 0.01125
0 0.9108695652173913 0.17083333333333334 0.14347826086956522 0.028333333333333332
0 0.9108695652173913 0.14958333333333335 0.03333333333333333 0.01125
0 0.9108695652173913 0.13291666666666666 0.3572463768115942 0.01125
0 0.9108695652173913 0.11625 0.13405797101449277 0.01125
0 0.9123188405797101 0.09083333333333334 0.06376811594202898 0.010833333333333334
0 0.9159420289855073 0.3070833333333333 0.13623188405797101 0.028333333333333332
0 0.9173913043478261 0.28625 0.5557971014492754 0.01125
0 0.9181159420289855 0.2604166666666667 0.07753623188405798 0.01375
0 1.3398550724637681 0.15416666666666667 0.1427536231884058 0.028333333333333332
0 1.3405797101449275 0.13291666666666666 0.24130434782608695 0.01125
0 1.3413043478260869 0.11625 0.28840579710144926 0.01125
0 1.3420289855072465 0.09083333333333334 0.07608695652173914 0.010833333333333334
