0 0.04420289855072464 0.0125 0.13405797101449277 0.03333333333333333
0 0.05144927536231884 0.4270833333333333 0.1391304347826087 0.028333333333333332
0 0.05144927536231884 0.29041666666666666 0.12608695652173912 0.028333333333333332
0 0.05144927536231884 0.22708333333333333 0.07318840579710145 0.010833333333333334
0 0.05144927536231884 0.1375 0.12536231884057972 0.028333333333333332
0 0.05144927536231884 0.11625 0.5471014492753623 0.01125
0 0.05217391304347826 0.4058333333333333 0.5101449275362319 0.01125
0 0.05289855072463768 0.3804166666666667 0.07391304347826087 0.01375
0 0.05289855072463768 0.26958333333333334 0.22246376811594204 0.01125
0 0.05289855072463768 0.2529166666666667 0.3007246376811594 0.01125
0 0.05289855072463768 0.09083333333333334 0.058695652173913045 0.010833333333333334
0 0.1956521739130435 0.0125 0.1398550724637681 0.03333333333333333
0 0.48043478260869565 0.2529166666666667 0.21666666666666667 0.01125
0 0.4811594202898551 0.29041666666666666 0.1427536231884058 0.028333333333333332
0 0.4811594202898551 0.22708333333333333 0.06666666666666667 0.01375
0 0.48188405797101447 0.26958333333333334 0.3181159420289855 0.01125
0 0.9108695652173913 0.29041666666666666 0.13695652173913042 0.028333333333333332
0 0.9108695652173913 0.26958333333333334 0.28405797101449276 0.01125
0 0.9115942028985508 0.2529166666666667 0.22753623188405797 0.01125
0 0.9123188405797101 0.22708333333333333 0.06159420289855073 0.01375
0 0.9159420289855073 0.4270833333333333 0.14057971014492754 0.028333333333333332
0 0.9173913043478261 0.4058333333333333 0.5173913043478261 0.01125
0 0.9181159420289855 0.3804166666666667 0.06086956521739131 0.01375
0 1.3398550724637681 0.29041666666666666 0.15072463768115943 0.028333333333333332
0 1.3398550724637681 0.22708333333333333 0.07536231884057971 0.010833333333333334
0 1.3405797101449275 0.2529166666666667 0.26956521739130435 0.01125
0 1.3413043478260869 0.26958333333333334 0.2565217391304348 0.01125
