0 0.04420289855072464 0.0125 0.15797101449275364 0.03333333333333333
0 0.05144927536231884 0.4270833333333333 0.15434782608695652 0.028333333333333332
0 0.05144927536231884 0.4058333333333333 0.5398550724637681 0.01125
0 0.05144927536231884 0.3804166666666667 0.07101449275362319 0.010833333333333334
0 0.05144927536231884 0.29041666666666666 0.1355072463768116 0.028333333333333332
0 0.05144927536231884 0.22708333333333333 0.08115942028985507 0.01375
0 0.05144927536231884 0.1375 0.1398550724637681 0.028333333333333332
0 0.05144927536231884 0.09083333333333334 0.07318840579710145 0.010833333333333334
0 0.05217391304347826 0.26958333333333334 0.25 0.01125
0 0.05217391304347826 0.2529166666666667 0.2833333333333333 0.01125
0 0.05217391304347826 0.11625 0.5239130434782608 0.01125
0 0.21956521739130436 0.0125 0.12681159420289856 0.03333333333333333
0 0.36376811594202896 0.0125 0.14347826086956522 0.03333333333333333
0 0.4811594202898551 0.29041666666666666 0.13695652173913042 0.028333333333333332
0 0.4811594202898551 0.26958333333333334 0.2985507246376812 0.01125
0 0.48188405797101447 0.2529166666666667 0.24492753623188407 0.01125
0 0.4826086956521739 0.22708333333333333 0.07391304347826087 0.01375
0 0.5246376811594203 0.0125 0.14782608695652175 0.03333333333333333
0 0.6898550724637681 0.0125 0.1492753623188406 0.03333333333333333
0 0.9101449275362319 0.22708333333333333 0.0746376811594203 0.01125
0 0.9108695652173913 0.29041666666666666 0.15144927536231884 0.028333333333333332
0 0.9115942028985508 0.26958333333333334 0.21594202898550724 0.01125
0 0.9115942028985508 0.2529166666666667 0.30869565217391304 0.01125
0 0.9159420289855073 0.4270833333333333 0.12971014492753624 0.028333333333333332
0 0.9166666666666666 0.3804166666666667 0.06594202898550725 0.010833333333333334
0 0.9173913043478261 0.4058333333333333 0.5253623188405797 0.01125
0 1.3398550724637681 0.29041666666666666 0.13695652173913042 0.028333333333333332
0 1.3405797101449275 0.22666666666666666 0.06231884057971015 0.014166666666666666
0 1.3413043478260869 0.26958333333333334 0.29927536231884055 0.01125
0 1.3413043478260869 0.2529166666666667 0.2398550724637681 0.01125
0 1.3442028985507246 0.23 0.016666666666666666 0.004166666666666667
