0 0.04420289855072464 0.0125 0.17101449275362318 0.03333333333333333
0 0.05144927536231884 0.4270833333333333 0.14347826086956522 0.028333333333333332
0 0.05144927536231884 0.36375 0.0644927536231884 0.01375
0 0.05144927536231884 0.27375 0.14057971014492754 0.028333333333333332
0 0.05144927536231884 0.1375 0.14130434782608695 0.028333333333333332
0 0.05144927536231884 0.11625 0.5391304347826087 0.01125
0 0.05217391304347826 0.4058333333333333 0.26521739130434785 0.01125
0 0.05217391304347826 0.38916666666666666 0.2768115942028985 0.01125
0 0.05217391304347826 0.2529166666666667 0.5028985507246376 0.01125
0 0.05289855072463768 0.22708333333333333 0.05289855072463768 0.01375
0 0.05289855072463768 0.09083333333333334 0.08188405797101449 0.01375
0 0.2326086956521739 0.0125 0.15144927536231884 0.03333333333333333
0 0.4811594202898551 0.4270833333333333 0.1463768115942029 0.028333333333333332
0 0.4811594202898551 0.4058333333333333 0.20942028985507247 0.01125
0 0.48188405797101447 0.38916666666666666 0.32463768115942027 0.01125
0 0.48188405797101447 0.36333333333333334 0.06594202898550725 0.011666666666666667
0 0.48478260869565215 0.36666666666666664 0.017391304347826087 0.004166666666666667
0 0.9108695652173913 0.4270833333333333 0.1492753623188406 0.028333333333333332
0 0.9108695652173913 0.4058333333333333 0.23840579710144927 0.01125
0 0.9108695652173913 0.38916666666666666 0.2891304347826087 0.01125
0 0.9123188405797101 0.36375 0.05 0.01375
0 0.9159420289855073 0.27375 0.14565217391304347 0.028333333333333332
0 0.9166666666666666 0.2529166666666667 0.5557971014492754 0.01125
0 0.9166666666666666 0.22708333333333333 0.07028985507246377 0.01375
0 1.3398550724637681 0.4270833333333333 0.13260869565217392 0.028333333333333332
0 1.3398550724637681 0.38916666666666666 0.2942028985507246 0.01125
0 1.3405797101449275 0.4058333333333333 0.20434782608695654 0.01125
0 1.3405797101449275 0.36333333333333334 0.07608695652173914 0.011666666666666667
0 1.3442028985507246 0.36666666666666664 0.016666666666666666 0.004166666666666667
