0 0.04420289855072464 0.0125 0.1492753623188406 0.03333333333333333
0 0.05144927536231884 0.4270833333333333 0.13260869565217392 0.028333333333333332
0 0.05144927536231884 0.3804166666666667 0.06739130434782609 0.01375
0 0.05144927536231884 0.29041666666666666 0.1492753623188406 0.028333333333333332
0 0.05144927536231884 0.1375 0.14565217391304347 0.028333333333333332
0 0.05217391304347826 0.4058333333333333 0.5492753623188406 0.01125
0 0.05217391304347826 0.26958333333333334 0.18405797101449275 0.01125
0 0.05217391304347826 0.2529166666666667 0.34855072463768116 0.01125
0 0.05217391304347826 0.22666666666666666 0.06594202898550725 0.011666666666666667
0 0.05217391304347826 0.11625 0.586231884057971 0.01125
0 0.05289855072463768 0.09083333333333334 0.06594202898550725 0.010833333333333334
0 0.2108695652173913 0.0125 0.15507246376811595 0.03333333333333333
0 0.48043478260869565 0.2529166666666667 0.2572463768115942 0.01125
0 0.48043478260869565 0.22708333333333333 0.0746376811594203 0.010833333333333334
0 0.4811594202898551 0.29041666666666666 0.15579710144927536 0.028333333333333332
0 0.48188405797101447 0.26958333333333334 0.24565217391304348 0.01125
0 0.9108695652173913 0.29041666666666666 0.12971014492753624 0.028333333333333332
0 0.9108695652173913 0.26958333333333334 0.29782608695652174 0.01125
0 0.9108695652173913 0.2529166666666667 0.2565217391304348 0.01125
0 0.9115942028985508 0.22666666666666666 0.06956521739130435 0.012083333333333333
0 0.9159420289855073 0.1375 0.13695652173913042 0.028333333333333332
0 0.9159420289855073 0.09083333333333334 0.06231884057971015 0.01375
0 0.9166666666666666 0.11625 0.5 0.01125
0 1.3398550724637681 0.29041666666666666 0.1391304347826087 0.028333333333333332
0 1.3405797101449275 0.26958333333333334 0.24565217391304348 0.01125
0 1.3405797101449275 0.22666666666666666 0.0746376811594203 0.012083333333333333
0 1.3413043478260869 0.2529166666666667 0.2710144927536232 0.01125
