0 0.04420289855072464 0.0125 0.12536231884057972 0.03333333333333333
0 0.05144927536231884 0.44375 0.14057971014492754 0.028333333333333332
0 0.05144927536231884 0.3070833333333333 0.15579710144927536 0.028333333333333332
0 0.05144927536231884 0.2604166666666667 0.06884057971014493 0.010833333333333334
0 0.05144927536231884 0.17083333333333334 0.1289855072463768 0.028333333333333332
0 0.05217391304347826 0.4225 0.5782608695652174 0.01125
0 0.05217391304347826 0.28625 0.5217391304347826 0.01125
0 0.05217391304347826 0.13291666666666666 0.33695652173913043 0.01125
0 0.05217391304347826 0.11625 0.17391304347826086 0.01125
0 0.05217391304347826 0.09083333333333334 0.06304347826086956 0.01375
0 0.05289855072463768 0.39708333333333334 0.07971014492753623 0.01125
0 0.05289855072463768 0.14958333333333335 0.031159420289855074 0.00875
0 0.18695652173913044 0.0125 0.13333333333333333 0.03333333333333333
0 0.4811594202898551 0.15416666666666667 0.13768115942028986 0.028333333333333332
0 0.4811594202898551 0.13291666666666666 0.29130434782608694 0.01125
0 0.4811594202898551 0.11625 0.20072463768115942 0.01125
0 0.4811594202898551 0.09083333333333334 0.08043478260869565 0.01125
0 0.9108695652173913 0.15416666666666667 0.15289855072463768 0.028333333333333332
0 0.9108695652173913 0.13291666666666666 0.2398550724637681 0.01125
0 0.9108695652173913 0.11625 0.28043478260869564 0.01125
0 0.9115942028985508 0.09041666666666667 0.06666666666666667 0.011666666666666667
0 0.9159420289855073 0.44375 0.16159420289855073 0.028333333333333332
0 0.9166666666666666 0.4225 0.5362318840579711 0.01125
0 0.9173913043478261 0.39666666666666667 0.06666666666666667 0.011666666666666667
0 1.3398550724637681 0.15416666666666667 0.15 0.028333333333333332
0 1.3398550724637681 0.09083333333333334 0.06884057971014493 0.01375
0 1.3405797101449275 0.13291666666666666 0.2427536231884058 0.01125
0 1.3413043478260869 0.11625 0.27608695652173915 0.01125
