0 0.04420289855072464 0.0125 0.16014492753623188 0.03333333333333333
0 0.05144927536231884 0.44375 0.13840579710144926 0.028333333333333332
0 0.05144927536231884 0.39708333333333334 0.0746376811594203 0.01375
0 0.05144927536231884 0.29041666666666666 0.13478260869565217 0.028333333333333332
0 0.05144927536231884 0.1375 0.12971014492753624 0.028333333333333332
0 0.05217391304347826 0.4225 0.5427536231884058 0.01125
0 0.05217391304347826 0.26958333333333334 0.21811594202898552 0.01125
0 0.05217391304347826 0.2529166666666667 0.31231884057971016 0.01125
0 0.05217391304347826 0.09041666666666667 0.0746376811594203 0.014166666666666666
0 0.05289855072463768 0.22708333333333333 0.0746376811594203 0.010833333333333334
0 0.05289855072463768 0.11625 0.5405797101449276 0.01125
0 0.2217391304347826 0.0125 0.14130434782608695 0.03333333333333333
0 0.3804347826086957 0.0125 0.13333333333333333 0.03333333333333333
0 0.4811594202898551 0.29041666666666666 0.1471014492753623 0.028333333333333332
0 0.48188405797101447 0.26958333333333334 0.27318840579710146 0.01125
0 0.48188405797101447 0.2529166666666667 0.23623188405797102 0.01125
0 0.4826086956521739 0.22708333333333333 0.06811594202898551 0.010833333333333334
0 0.5311594202898551 0.0125 0.1391304347826087 0.03333333333333333
0 0.6876811594202898 0.0125 0.13478260869565217 0.03333333333333333
0 0.9108695652173913 0.3070833333333333 0.1398550724637681 0.028333333333333332
0 0.9108695652173913 0.2529166666666667 0.1782608695652174 0.01125
0 0.9115942028985508 0.28625 0.06376811594202898 0.00875
0 0.9115942028985508 0.26958333333333334 0.2797101449275362 0.01125
0 0.9123188405797101 0.22708333333333333 0.07391304347826087 0.01375
0 0.9159420289855073 0.44375 0.1565217391304348 0.028333333333333332
0 0.9166666666666666 0.4225 0.508695652173913 0.01125
0 0.9181159420289855 0.39708333333333334 0.06884057971014493 0.01375
0 1.3398550724637681 0.29041666666666666 0.1318840579710145 0.028333333333333332
0 1.3405797101449275 0.26958333333333334 0.23623188405797102 0.00875
0 1.3405797101449275 0.2529166666666667 0.32028985507246377 0.01125
0 1.3420289855072465 0.22708333333333333 0.06304347826086956 0.010833333333333334
