0 0.04420289855072464 0.0125 0.15217391304347827 0.03333333333333333
0 0.05144927536231884 0.4270833333333333 0.1492753623188406 0.028333333333333332
0 0.05144927536231884 0.29041666666666666 0.15 0.028333333333333332
0 0.05144927536231884 0.22708333333333333 0.07173913043478261 0.01375
0 0.05144927536231884 0.1375 0.15072463768115943 0.028333333333333332
0 0.05144927536231884 0.11625 0.5492753623188406 0.01125
0 0.05217391304347826 0.4058333333333333 0.5420289855072464 0.01125
0 0.05217391304347826 0.26958333333333334 0.22318840579710145 0.01125
0 0.05217391304347826 0.2529166666666667 0.2956521739130435 0.01125
0 0.05217391304347826 0.09041666666666667 0.07608695652173914 0.011666666666666667
0 0.05289855072463768 0.3804166666666667 0.06739130434782609 0.01125
0 0.05507246376811594 0.09416666666666666 0.017391304347826087 0.00375
0 0.213768115942029 0.0125 0.15579710144927536 0.03333333333333333
0 0.4811594202898551 0.29041666666666666 0.16159420289855073 0.028333333333333332
0 0.4811594202898551 0.26958333333333334 0.19492753623188405 0.01125
0 0.4811594202898551 0.2529166666666667 0.3210144927536232 0.01125
0 0.4826086956521739 0.22708333333333333 0.0746376811594203 0.010833333333333334
0 0.9101449275362319 0.22708333333333333 0.08260869565217391 0.010833333333333334
0 0.9108695652173913 0.29041666666666666 0.15144927536231884 0.028333333333333332
0 0.9108695652173913 0.26958333333333334 0.2572463768115942 0.01125
0 0.9115942028985508 0.2529166666666667 0.3007246376811594 0.01125
0 0.9159420289855073 0.4270833333333333 0.15434782608695652 0.028333333333333332
0 0.9159420289855073 0.3804166666666667 0.05652173913043478 0.010833333333333334
0 0.9166666666666666 0.4058333333333333 0.5 0.01125
0 1.3398550724637681 0.29041666666666666 0.16376811594202897 0.028333333333333332
0 1.3413043478260869 0.26958333333333334 0.26666666666666666 0.01125
0 1.3413043478260869 0.2529166666666667 0.28695652173913044 0.01125
0 1.3420289855072465 0.22708333333333333 0.05289855072463768 0.01375
