0 0.04420289855072464 0.0125 0.14420289855072463 0.03333333333333333
0 0.05144927536231884 0.4270833333333333 0.14782608695652175 0.028333333333333332
0 0.05144927536231884 0.27375 0.14057971014492754 0.028333333333333332
0 0.05144927536231884 0.2529166666666667 0.5384057971014493 0.01125
0 0.05144927536231884 0.1375 0.14420289855072463 0.028333333333333332
0 0.05144927536231884 0.09083333333333334 0.07391304347826087 0.010833333333333334
0 0.05217391304347826 0.4058333333333333 0.1934782608695652 0.01125
0 0.05217391304347826 0.38916666666666666 0.3289855072463768 0.01125
0 0.05217391304347826 0.36333333333333334 0.07391304347826087 0.011666666666666667
0 0.05217391304347826 0.22666666666666666 0.06884057971014493 0.014166666666666666
0 0.05289855072463768 0.11625 0.527536231884058 0.01125
0 0.05507246376811594 0.36666666666666664 0.016666666666666666 0.004166666666666667
0 0.20579710144927535 0.0125 0.1492753623188406 0.03333333333333333
0 0.372463768115942 0.0125 0.14347826086956522 0.03333333333333333
0 0.4811594202898551 0.4270833333333333 0.14057971014492754 0.028333333333333332
0 0.4811594202898551 0.4058333333333333 0.1956521739130435 0.01125
0 0.4811594202898551 0.38916666666666666 0.33768115942028987 0.01125
0 0.48188405797101447 0.36333333333333334 0.0782608695652174 0.011666666666666667
0 0.9108695652173913 0.4270833333333333 0.13695652173913042 0.028333333333333332
0 0.9115942028985508 0.4058333333333333 0.18985507246376812 0.01125
0 0.9115942028985508 0.38916666666666666 0.3463768115942029 0.01125
0 0.9123188405797101 0.36375 0.07101449275362319 0.010833333333333334
0 0.9159420289855073 0.1375 0.15434782608695652 0.028333333333333332
0 0.9166666666666666 0.11625 0.4927536231884058 0.01125
0 0.9173913043478261 0.09041666666666667 0.0746376811594203 0.014166666666666666
0 1.3398550724637681 0.4270833333333333 0.14057971014492754 0.028333333333333332
0 1.3398550724637681 0.36375 0.07536231884057971 0.010833333333333334
0 1.3413043478260869 0.4058333333333333 0.24710144927536232 0.01125
0 1.3413043478260869 0.38916666666666666 0.2536231884057971 0.01125
