0 0.04420289855072464 0.0125 0.15217391304347827 0.03333333333333333
0 0.05144927536231884 0.44375 0.1355072463768116 0.028333333333333332
0 0.05144927536231884 0.4225 0.5166666666666667 0.01125
0 0.05144927536231884 0.3070833333333333 0.12028985507246377 0.028333333333333332
0 0.05144927536231884 0.15416666666666667 0.14202898550724638 0.028333333333333332
0 0.05144927536231884 0.09083333333333334 0.05579710144927536 0.01375
0 0.05217391304347826 0.39666666666666667 0.08333333333333333 0.011666666666666667
0 0.05217391304347826 0.28625 0.5094202898550725 0.01125
0 0.05217391304347826 0.13291666666666666 0.32463768115942027 0.01125
0 0.05217391304347826 0.11625 0.23550724637681159 0.01125
0 0.05289855072463768 0.2604166666666667 0.06594202898550725 0.01375
0 0.213768115942029 0.0125 0.1536231884057971 0.03333333333333333
0 0.48043478260869565 0.13291666666666666 0.40144927536231884 0.01125
0 0.4811594202898551 0.17083333333333334 0.14420289855072463 0.028333333333333332
0 0.48188405797101447 0.14958333333333335 0.06159420289855073 0.01125
0 0.48188405797101447 0.11625 0.08550724637681159 0.01125
0 0.4826086956521739 0.09083333333333334 0.08043478260869565 0.01375
0 0.9108695652173913 0.15416666666666667 0.13115942028985508 0.028333333333333332
0 0.9108695652173913 0.13291666666666666 0.22971014492753622 0.01125
0 0.9108695652173913 0.11625 0.3065217391304348 0.01125
0 0.9123188405797101 0.09083333333333334 0.07681159420289856 0.010833333333333334
0 0.9159420289855073 0.3070833333333333 0.1427536231884058 0.028333333333333332
0 0.9173913043478261 0.28625 0.5224637681159421 0.01125
0 0.9173913043478261 0.26 0.0572463768115942 0.014166666666666666
0 0.9202898550724637 0.2633333333333333 0.016666666666666666 0.004166666666666667
0 1.3398550724637681 0.15416666666666667 0.1246376811594203 0.028333333333333332
0 1.3398550724637681 0.13291666666666666 0.25 0.01125
0 1.3398550724637681 0.11625 0.2594202898550725 0.01125
0 1.3398550724637681 0.09083333333333334 0.0782608695652174 0.01375
