0 0.04420289855072464 0.0125 0.14347826086956522 0.03333333333333333
0 0.05144927536231884 0.27375 0.14855072463768115 0.028333333333333332
0 0.05144927536231884 0.2529166666666667 0.5405797101449276 0.01125
0 0.05144927536231884 0.22708333333333333 0.06376811594202898 0.010833333333333334
0 0.05144927536231884 0.1375 0.13260869565217392 0.028333333333333332
0 0.05217391304347826 0.11625 0.5550724637681159 0.01125
0 0.05217391304347826 0.09041666666666667 0.06739130434782609 0.014166666666666666
0 0.20507246376811594 0.0125 0.16231884057971013 0.03333333333333333
0 0.3847826086956522 0.0125 0.13768115942028986 0.03333333333333333
0 0.5398550724637681 0.0125 0.14782608695652175 0.03333333333333333
