0 0.04420289855072464 0.0125 0.1565217391304348 0.03333333333333333
0 0.05144927536231884 0.15416666666666667 0.14420289855072463 0.028333333333333332
0 0.05144927536231884 0.09083333333333334 0.07318840579710145 0.01375
0 0.05217391304347826 0.11625 0.3471014492753623 0.01125
0 0.05289855072463768 0.13291666666666666 0.17681159420289855 0.01125
0 0.21811594202898552 0.0125 0.16014492753623188 0.03333333333333333
0 0.39565217391304347 0.0125 0.14492753623188406 0.03333333333333333
0 0.4811594202898551 0.15416666666666667 0.1427536231884058 0.028333333333333332
0 0.4811594202898551 0.11625 0.2398550724637681 0.01125
0 0.48188405797101447 0.13291666666666666 0.24130434782608695 0.01125
0 0.4826086956521739 0.09083333333333334 0.06304347826086956 0.010833333333333334
0 0.5579710144927537 0.0125 0.15289855072463768 0.03333333333333333
0 0.7282608695652174 0.0125 0.1492753623188406 0.03333333333333333
0 0.9108695652173913 0.15416666666666667 0.14057971014492754 0.028333333333333332
0 0.9108695652173913 0.13291666666666666 0.3398550724637681 0.01125
0 0.9108695652173913 0.11625 0.20144927536231885 0.01125
0 0.9115942028985508 0.09041666666666667 0.08695652173913043 0.011666666666666667
0 1.3398550724637681 0.15416666666666667 0.15869565217391304 0.028333333333333332
0 1.3405797101449275 0.13291666666666666 0.3427536231884058 0.01125
0 1.3413043478260869 0.11625 0.2144927536231884 0.01125
0 1.3420289855072465 0.09083333333333334 0.06231884057971015 0.01375
