0 0.04420289855072464 0.0125 0.14782608695652175 0.03333333333333333
0 0.05144927536231884 0.4270833333333333 0.15144927536231884 0.028333333333333332
0 0.05144927536231884 0.4058333333333333 0.20797101449275363 0.01125
0 0.05144927536231884 0.27375 0.14057971014492754 0.028333333333333332
0 0.05144927536231884 0.22708333333333333 0.06739130434782609 0.01375
0 0.05144927536231884 0.1375 0.13695652173913042 0.028333333333333332
0 0.05144927536231884 0.11625 0.48768115942028983 0.01125
0 0.05217391304347826 0.36375 0.07391304347826087 0.010833333333333334
0 0.05217391304347826 0.2529166666666667 0.5355072463768116 0.01125
0 0.05289855072463768 0.38916666666666666 0.32681159420289857 0.01125
0 0.05289855072463768 0.09083333333333334 0.06521739130434782 0.010833333333333334
0 0.20942028985507247 0.0125 0.13478260869565217 0.03333333333333333
0 0.3615942028985507 0.0125 0.15942028985507245 0.03333333333333333
0 0.4811594202898551 0.4270833333333333 0.16521739130434782 0.028333333333333332
0 0.4811594202898551 0.4058333333333333 0.20797101449275363 0.01125
0 0.4811594202898551 0.38916666666666666 0.31666666666666665 0.01125
0 0.48188405797101447 0.36333333333333334 0.0644927536231884 0.014166666666666666
0 0.9108695652173913 0.4270833333333333 0.14855072463768115 0.028333333333333332
0 0.9108695652173913 0.4058333333333333 0.1891304347826087 0.01125
0 0.9115942028985508 0.38916666666666666 0.34130434782608693 0.01125
0 0.9123188405797101 0.36375 0.05507246376811594 0.01375
0 0.9159420289855073 0.1375 0.1463768115942029 0.028333333333333332
0 0.9159420289855073 0.09083333333333334 0.0746376811594203 0.010833333333333334
0 0.9173913043478261 0.11625 0.4985507246376812 0.01125
0 1.3398550724637681 0.4270833333333333 0.13405797101449277 0.028333333333333332
0 1.3413043478260869 0.4058333333333333 0.20797101449275363 0.01125
0 1.3413043478260869 0.38916666666666666 0.32753623188405795 0.01125
0 1.3420289855072465 0.36375 0.0746376811594203 0.010833333333333334
