0 0.04420289855072464 0.0125 0.14492753623188406 0.03333333333333333
0 0.05144927536231884 0.41041666666666665 0.1536231884057971 0.028333333333333332
0 0.05144927536231884 0.36375 0.06884057971014493 0.010833333333333334
0 0.05144927536231884 0.27375 0.15797101449275364 0.028333333333333332
0 0.05144927536231884 0.2529166666666667 0.532608695652174 0.01125
0 0.05144927536231884 0.1375 0.14420289855072463 0.028333333333333332
0 0.05144927536231884 0.11625 0.5036231884057971 0.01125
0 0.05217391304347826 0.38916666666666666 0.49130434782608695 0.01125
0 0.05217391304347826 0.22708333333333333 0.06231884057971015 0.01375
0 0.05289855072463768 0.09083333333333334 0.06739130434782609 0.01125
0 0.20652173913043478 0.0125 0.1398550724637681 0.03333333333333333
0 0.9159420289855073 0.27375 0.14492753623188406 0.028333333333333332
0 0.9166666666666666 0.2529166666666667 0.5739130434782609 0.01125
0 0.9181159420289855 0.22708333333333333 0.057971014492753624 0.010833333333333334
