0 0.04420289855072464 0.0125 0.1427536231884058 0.03333333333333333
0 0.05144927536231884 0.27375 0.1644927536231884 0.028333333333333332
0 0.05144927536231884 0.1375 0.15217391304347827 0.028333333333333332
0 0.05217391304347826 0.2529166666666667 0.5355072463768116 0.01125
0 0.05217391304347826 0.11625 0.5644927536231884 0.01125
0 0.05217391304347826 0.09041666666666667 0.09420289855072464 0.012083333333333333
0 0.05289855072463768 0.22708333333333333 0.0746376811594203 0.010833333333333334
0 0.20434782608695654 0.0125 0.1536231884057971 0.03333333333333333
0 0.3753623188405797 0.0125 0.15507246376811595 0.03333333333333333
0 0.9159420289855073 0.27375 0.1391304347826087 0.028333333333333332
0 0.9159420289855073 0.22708333333333333 0.057971014492753624 0.01375
0 0.9166666666666666 0.2529166666666667 0.5652173913043478 0.01125
