0 0.04420289855072464 0.0125 0.15144927536231884 0.03333333333333333
0 0.05144927536231884 0.4270833333333333 0.13768115942028986 0.028333333333333332
0 0.05144927536231884 0.29041666666666666 0.16594202898550725 0.028333333333333332
0 0.05144927536231884 0.15416666666666667 0.1427536231884058 0.028333333333333332
0 0.05144927536231884 0.13291666666666666 0.29637681159420287 0.01125
0 0.05144927536231884 0.11625 0.22971014492753622 0.01125
0 0.05217391304347826 0.26958333333333334 0.5 0.01125
0 0.05289855072463768 0.4058333333333333 0.505072463768116 0.01125
0 0.05289855072463768 0.3804166666666667 0.07246376811594203 0.010833333333333334
0 0.05289855072463768 0.24375 0.06739130434782609 0.01375
0 0.05289855072463768 0.09083333333333334 0.08115942028985507 0.010833333333333334
0 0.21304347826086956 0.0125 0.15 0.03333333333333333
0 0.4811594202898551 0.15416666666666667 0.15217391304347827 0.028333333333333332
0 0.4811594202898551 0.11625 0.3050724637681159 0.01125
0 0.4811594202898551 0.09083333333333334 0.07246376811594203 0.01375
0 0.48188405797101447 0.13291666666666666 0.2108695652173913 0.01125
0 0.9101449275362319 0.11625 0.16014492753623188 0.01125
0 0.9108695652173913 0.15416666666666667 0.1355072463768116 0.028333333333333332
0 0.9108695652173913 0.13291666666666666 0.3463768115942029 0.01125
0 0.9123188405797101 0.09083333333333334 0.06666666666666667 0.010833333333333334
0 0.9159420289855073 0.4270833333333333 0.13260869565217392 0.028333333333333332
0 0.9159420289855073 0.3804166666666667 0.08478260869565217 0.01375
0 0.9173913043478261 0.4058333333333333 0.5644927536231884 0.01125
0 1.3398550724637681 0.15416666666666667 0.14565217391304347 0.028333333333333332
0 1.3413043478260869 0.13291666666666666 0.16666666666666666 0.01125
0 1.3413043478260869 0.11625 0.33260869565217394 0.01125
0 1.3413043478260869 0.09083333333333334 0.07898550724637682 0.01375
