0 0.04420289855072464 0.0125 0.16376811594202897 0.03333333333333333
0 0.05144927536231884 0.44375 0.1492753623188406 0.028333333333333332
0 0.05144927536231884 0.3070833333333333 0.1608695652173913 0.028333333333333332
0 0.05144927536231884 0.26958333333333334 0.2898550724637681 0.01125
0 0.05144927536231884 0.1375 0.15072463768115943 0.028333333333333332
0 0.05144927536231884 0.11625 0.5376811594202898 0.01125
0 0.05217391304347826 0.4225 0.5471014492753623 0.01125
0 0.05217391304347826 0.2529166666666667 0.1608695652173913 0.01125
0 0.05217391304347826 0.09041666666666667 0.06811594202898551 0.014166666666666666
0 0.05289855072463768 0.39708333333333334 0.07536231884057971 0.01375
0 0.05289855072463768 0.28625 0.06376811594202898 0.01125
0 0.05289855072463768 0.22708333333333333 0.07028985507246377 0.01375
0 0.22536231884057972 0.0125 0.14130434782608695 0.03333333333333333
0 0.38405797101449274 0.0125 0.1572463768115942 0.03333333333333333
0 0.4811594202898551 0.29041666666666666 0.12681159420289856 0.028333333333333332
0 0.4811594202898551 0.2529166666666667 0.23840579710144927 0.01125
0 0.48188405797101447 0.26958333333333334 0.3210144927536232 0.01125
0 0.4826086956521739 0.22708333333333333 0.07536231884057971 0.01125
0 0.9101449275362319 0.2529166666666667 0.17608695652173914 0.01125
0 0.9108695652173913 0.29041666666666666 0.14420289855072463 0.028333333333333332
0 0.9108695652173913 0.26958333333333334 0.35579710144927534 0.01125
0 0.9115942028985508 0.22666666666666666 0.06811594202898551 0.011666666666666667
0 1.3398550724637681 0.29041666666666666 0.14130434782608695 0.028333333333333332
0 1.3413043478260869 0.26958333333333334 0.22536231884057972 0.01125
0 1.3413043478260869 0.2529166666666667 0.31231884057971016 0.01125
0 1.3420289855072465 0.22708333333333333 0.0644927536231884 0.01375
