0 0.04420289855072464 0.0125 0.15144927536231884 0.03333333333333333
0 0.05144927536231884 0.44375 0.16159420289855073 0.028333333333333332
0 0.05144927536231884 0.39708333333333334 0.08768115942028985 0.010833333333333334
0 0.05144927536231884 0.3070833333333333 0.1391304347826087 0.028333333333333332
0 0.05144927536231884 0.15416666666666667 0.14057971014492754 0.028333333333333332
0 0.05217391304347826 0.4225 0.5289855072463768 0.01125
0 0.05217391304347826 0.28625 0.5195652173913043 0.01125
0 0.05217391304347826 0.26 0.07608695652173914 0.014166666666666666
0 0.05217391304347826 0.13291666666666666 0.2 0.01125
0 0.05217391304347826 0.11625 0.3652173913043478 0.01125
0 0.05289855072463768 0.09083333333333334 0.05652173913043478 0.010833333333333334
0 0.21304347826086956 0.0125 0.14782608695652175 0.03333333333333333
0 0.3782608695652174 0.0125 0.11666666666666667 0.03333333333333333
0 0.4811594202898551 0.17083333333333334 0.14782608695652175 0.028333333333333332
0 0.4811594202898551 0.14958333333333335 0.13840579710144926 0.01125
0 0.4811594202898551 0.13291666666666666 0.31521739130434784 0.01125
0 0.4811594202898551 0.11708333333333333 0.06884057971014493 0.007916666666666667
0 0.48188405797101447 0.09041666666666667 0.08333333333333333 0.012083333333333333
0 0.5123188405797101 0.0125 0.12608695652173912 0.03333333333333333
0 0.6557971014492754 0.0125 0.1463768115942029 0.03333333333333333
0 0.9101449275362319 0.09083333333333334 0.07536231884057971 0.010833333333333334
0 0.9108695652173913 0.15416666666666667 0.13695652173913042 0.028333333333333332
0 0.9108695652173913 0.11625 0.1782608695652174 0.01125
0 0.9115942028985508 0.13291666666666666 0.3253623188405797 0.01125
0 0.9159420289855073 0.3070833333333333 0.14057971014492754 0.028333333333333332
0 0.9159420289855073 0.2604166666666667 0.07898550724637682 0.01375
0 0.9166666666666666 0.28625 0.5166666666666667 0.01125
0 1.3398550724637681 0.15416666666666667 0.13043478260869565 0.028333333333333332
0 1.3405797101449275 0.13291666666666666 0.23623188405797102 0.01125
0 1.3413043478260869 0.11625 0.26304347826086955 0.01125
0 1.3420289855072465 0.09083333333333334 0.07318840579710145 0.01375
