0 0.04420289855072464 0.0125 0.14202898550724638 0.03333333333333333
0 0.05144927536231884 0.4270833333333333 0.1463768115942029 0.028333333333333332
0 0.05144927536231884 0.29041666666666666 0.14130434782608695 0.028333333333333332
0 0.05144927536231884 0.1375 0.13840579710144926 0.028333333333333332
0 0.05144927536231884 0.09083333333333334 0.07028985507246377 0.010833333333333334
0 0.05217391304347826 0.4058333333333333 0.5115942028985507 0.01125
0 0.05217391304347826 0.26958333333333334 0.2746376811594203 0.01125
0 0.05217391304347826 0.2529166666666667 0.2543478260869565 0.01125
0 0.05217391304347826 0.11625 0.5804347826086956 0.01125
0 0.05289855072463768 0.3804166666666667 0.07753623188405798 0.010833333333333334
0 0.05289855072463768 0.22708333333333333 0.07536231884057971 0.01125
0 0.2036231884057971 0.0125 0.15 0.03333333333333333
0 0.3710144927536232 0.0125 0.14130434782608695 0.03333333333333333
0 0.4811594202898551 0.29041666666666666 0.1398550724637681 0.028333333333333332
0 0.4811594202898551 0.26958333333333334 0.17681159420289855 0.00875
0 0.4811594202898551 0.2529166666666667 0.3427536231884058 0.01125
0 0.4826086956521739 0.22708333333333333 0.08260869565217391 0.01375
0 0.5297101449275362 0.0125 0.13695652173913042 0.03333333333333333
0 0.6840579710144927 0.0125 0.12753623188405797 0.03333333333333333
0 0.9108695652173913 0.29041666666666666 0.14130434782608695 0.028333333333333332
0 0.9108695652173913 0.26958333333333334 0.31231884057971016 0.01125
0 0.9108695652173913 0.2529166666666667 0.2217391304347826 0.01125
0 0.9123188405797101 0.22708333333333333 0.06594202898550725 0.01125
0 0.9159420289855073 0.4270833333333333 0.14057971014492754 0.028333333333333332
0 0.9166666666666666 0.4058333333333333 0.5376811594202898 0.01125
0 0.9181159420289855 0.3804166666666667 0.060144927536231886 0.010833333333333334
0 1.3398550724637681 0.29041666666666666 0.15 0.028333333333333332
0 1.3398550724637681 0.2529166666666667 0.34855072463768116 0.01125
0 1.3413043478260869 0.26958333333333334 0.1673913043478261 0.01125
0 1.3420289855072465 0.22708333333333333 0.0746376811594203 0.010833333333333334
