0 0.04420289855072464 0.0125 0.1492753623188406 0.03333333333333333
0 0.05144927536231884 0.44375 0.15 0.028333333333333332
0 0.05144927536231884 0.3070833333333333 0.14130434782608695 0.028333333333333332
0 0.05144927536231884 0.28625 0.5282608695652173 0.01125
0 0.05144927536231884 0.17083333333333334 0.13623188405797101 0.028333333333333332
0 0.05144927536231884 0.15041666666666667 0.016666666666666666 0.007916666666666667
0 0.05217391304347826 0.26 0.07028985507246377 0.011666666666666667
0 0.05217391304347826 0.13291666666666666 0.33695652173913043 0.01125
0 0.05289855072463768 0.4225 0.5673913043478261 0.01125
0 0.05289855072463768 0.39708333333333334 0.06159420289855073 0.010833333333333334
0 0.05289855072463768 0.11625 0.2 0.01125
0 0.05289855072463768 0.09083333333333334 0.06666666666666667 0.010833333333333334
0 0.05507246376811594 0.2633333333333333 0.017391304347826087 0.004166666666666667
0 0.2108695652173913 0.0125 0.1572463768115942 0.03333333333333333
0 0.4811594202898551 0.15416666666666667 0.12173913043478261 0.028333333333333332
0 0.4811594202898551 0.11625 0.35579710144927534 0.01125
0 0.48188405797101447 0.13291666666666666 0.2108695652173913 0.01125
0 0.4826086956521739 0.09083333333333334 0.07173913043478261 0.01375
0 0.9108695652173913 0.15416666666666667 0.13333333333333333 0.028333333333333332
0 0.9108695652173913 0.13291666666666666 0.22246376811594204 0.01125
0 0.9115942028985508 0.11625 0.2753623188405797 0.01125
0 0.9123188405797101 0.09083333333333334 0.09130434782608696 0.01375
0 0.9159420289855073 0.3070833333333333 0.13840579710144926 0.028333333333333332
0 0.9159420289855073 0.28625 0.5731884057971014 0.01125
0 0.9181159420289855 0.2604166666666667 0.07173913043478261 0.010833333333333334
0 1.3398550724637681 0.15416666666666667 0.1471014492753623 0.028333333333333332
0 1.3405797101449275 0.13291666666666666 0.28695652173913044 0.01125
0 1.3405797101449275 0.11625 0.26956521739130435 0.01125
0 1.3420289855072465 0.09083333333333334 0.04565217391304348 0.01375
