0 0.04420289855072464 0.0125 0.15144927536231884 0.03333333333333333
0 0.05144927536231884 0.4270833333333333 0.13840579710144926 0.028333333333333332
0 0.05144927536231884 0.4058333333333333 0.16956521739130434 0.01125
0 0.05144927536231884 0.27375 0.1536231884057971 0.028333333333333332
0 0.05144927536231884 0.2529166666666667 0.5405797101449276 0.01125
0 0.05144927536231884 0.1375 0.15507246376811595 0.028333333333333332
0 0.05217391304347826 0.38916666666666666 0.3355072463768116 0.01125
0 0.05217391304347826 0.36333333333333334 0.06811594202898551 0.014166666666666666
0 0.05217391304347826 0.11625 0.5557971014492754 0.01125
0 0.05217391304347826 0.09041666666666667 0.08333333333333333 0.014166666666666666
0 0.05289855072463768 0.22708333333333333 0.07753623188405798 0.01375
0 0.21304347826086956 0.0125 0.12536231884057972 0.03333333333333333
0 0.35579710144927534 0.0125 0.1492753623188406 0.03333333333333333
0 0.48043478260869565 0.36375 0.07101449275362319 0.01375
0 0.4811594202898551 0.4270833333333333 0.13623188405797101 0.028333333333333332
0 0.4811594202898551 0.38916666666666666 0.24782608695652175 0.01125
0 0.48188405797101447 0.4058333333333333 0.23478260869565218 0.01125
0 0.5224637681159421 0.0125 0.1572463768115942 0.03333333333333333
0 0.6971014492753623 0.0125 0.13260869565217392 0.03333333333333333
0 0.9108695652173913 0.4270833333333333 0.1427536231884058 0.028333333333333332
0 0.9108695652173913 0.4058333333333333 0.17028985507246377 0.01125
0 0.9115942028985508 0.38916666666666666 0.27898550724637683 0.01125
0 0.9123188405797101 0.36375 0.06376811594202898 0.010833333333333334
0 0.9159420289855073 0.27375 0.1471014492753623 0.028333333333333332
0 0.9166666666666666 0.22666666666666666 0.07753623188405798 0.014166666666666666
0 0.9173913043478261 0.2529166666666667 0.5623188405797102 0.01125
0 1.3398550724637681 0.4270833333333333 0.14565217391304347 0.028333333333333332
0 1.3398550724637681 0.4058333333333333 0.2920289855072464 0.01125
0 1.3398550724637681 0.38916666666666666 0.23840579710144927 0.01125
0 1.3420289855072465 0.36375 0.05579710144927536 0.01375
