0 0.04420289855072464 0.0125 0.15434782608695652 0.03333333333333333
0 0.05144927536231884 0.44375 0.14130434782608695 0.028333333333333332
0 0.05144927536231884 0.3070833333333333 0.13768115942028986 0.028333333333333332
0 0.05144927536231884 0.17083333333333334 0.13115942028985508 0.028333333333333332
0 0.05144927536231884 0.13291666666666666 0.29637681159420287 0.01125
0 0.05217391304347826 0.39708333333333334 0.06376811594202898 0.01375
0 0.05217391304347826 0.28625 0.558695652173913 0.01125
0 0.05217391304347826 0.26 0.06594202898550725 0.014166666666666666
0 0.05217391304347826 0.11625 0.1782608695652174 0.01125
0 0.05289855072463768 0.4225 0.5028985507246376 0.01125
0 0.05289855072463768 0.14958333333333335 0.05652173913043478 0.00875
0 0.05289855072463768 0.09083333333333334 0.0644927536231884 0.01375
0 0.21594202898550724 0.0125 0.14782608695652175 0.03333333333333333
0 0.38115942028985506 0.0125 0.14492753623188406 0.03333333333333333
0 0.4811594202898551 0.15416666666666667 0.1355072463768116 0.028333333333333332
0 0.48188405797101447 0.13291666666666666 0.2702898550724638 0.01125
0 0.48188405797101447 0.11625 0.26811594202898553 0.01125
0 0.48188405797101447 0.09041666666666667 0.08333333333333333 0.011666666666666667
0 0.48478260869565215 0.09375 0.016666666666666666 0.004166666666666667
0 0.5434782608695652 0.0125 0.15507246376811595 0.03333333333333333
0 0.9101449275362319 0.09083333333333334 0.06376811594202898 0.01375
0 0.9108695652173913 0.15416666666666667 0.13043478260869565 0.028333333333333332
0 0.9108695652173913 0.13291666666666666 0.3239130434782609 0.01125
0 0.9108695652173913 0.11625 0.22028985507246376 0.01125
0 0.9159420289855073 0.3070833333333333 0.14565217391304347 0.028333333333333332
0 0.9173913043478261 0.28625 0.5195652173913043 0.01125
0 0.9181159420289855 0.2604166666666667 0.057971014492753624 0.01375
0 1.3398550724637681 0.15416666666666667 0.13695652173913042 0.028333333333333332
0 1.3405797101449275 0.11625 0.32608695652173914 0.01125
0 1.3405797101449275 0.09041666666666667 0.07391304347826087 0.011666666666666667
0 1.3413043478260869 0.13291666666666666 0.2608695652173913 0.01125
0 1.3442028985507246 0.09375 0.016666666666666666 0.004166666666666667
