0 0.04420289855072464 0.0125 0.13768115942028986 0.03333333333333333
0 0.05144927536231884 0.4270833333333333 0.15217391304347827 0.028333333333333332
0 0.05144927536231884 0.4058333333333333 0.2210144927536232 0.01125
0 0.05144927536231884 0.27375 0.14782608695652175 0.028333333333333332
0 0.05144927536231884 0.1375 0.1471014492753623 0.028333333333333332
0 0.05217391304347826 0.2529166666666667 0.5471014492753623 0.01125
0 0.05217391304347826 0.22666666666666666 0.06811594202898551 0.014166666666666666
0 0.05217391304347826 0.11625 0.5717391304347826 0.01125
0 0.05217391304347826 0.09041666666666667 0.07028985507246377 0.012083333333333333
0 0.05289855072463768 0.38916666666666666 0.31521739130434784 0.01125
0 0.05289855072463768 0.36375 0.08550724637681159 0.010833333333333334
0 0.19927536231884058 0.0125 0.15072463768115943 0.03333333333333333
0 0.3673913043478261 0.0125 0.14202898550724638 0.03333333333333333
0 0.4811594202898551 0.4270833333333333 0.1391304347826087 0.028333333333333332
0 0.4811594202898551 0.4058333333333333 0.3347826086956522 0.01125
0 0.4811594202898551 0.38916666666666666 0.18768115942028984 0.01125
0 0.4811594202898551 0.36375 0.08115942028985507 0.01375
0 0.5268115942028986 0.0125 0.12391304347826088 0.03333333333333333
0 0.9101449275362319 0.36375 0.057971014492753624 0.01375
0 0.9108695652173913 0.44375 0.1398550724637681 0.028333333333333332
0 0.9108695652173913 0.4225 0.08405797101449275 0.01125
0 0.9108695652173913 0.4058333333333333 0.4 0.01125
0 0.9108695652173913 0.38916666666666666 0.08695652173913043 0.01125
0 0.9159420289855073 0.1375 0.11956521739130435 0.028333333333333332
0 0.9159420289855073 0.09083333333333334 0.0644927536231884 0.01375
0 0.9173913043478261 0.11625 0.5384057971014493 0.01125
0 1.3398550724637681 0.4270833333333333 0.15869565217391304 0.028333333333333332
0 1.3405797101449275 0.4058333333333333 0.3355072463768116 0.01125
0 1.3413043478260869 0.38916666666666666 0.18768115942028984 0.01125
0 1.3420289855072465 0.36375 0.05579710144927536 0.010833333333333334
