0 0.04420289855072464 0.0125 0.1644927536231884 0.03333333333333333
0 0.05144927536231884 0.4270833333333333 0.12391304347826088 0.028333333333333332
0 0.05144927536231884 0.29041666666666666 0.1355072463768116 0.028333333333333332
0 0.05144927536231884 0.26958333333333334 0.24420289855072463 0.01125
0 0.05144927536231884 0.1375 0.15869565217391304 0.028333333333333332
0 0.05144927536231884 0.11625 0.5507246376811594 0.01125
0 0.05144927536231884 0.09083333333333334 0.06521739130434782 0.010833333333333334
0 0.05217391304347826 0.4058333333333333 0.5615942028985508 0.01125
0 0.05217391304347826 0.2529166666666667 0.2673913043478261 0.01125
0 0.05289855072463768 0.3804166666666667 0.07318840579710145 0.01125
0 0.05289855072463768 0.22708333333333333 0.07971014492753623 0.010833333333333334
0 0.22608695652173913 0.0125 0.1463768115942029 0.03333333333333333
0 0.48043478260869565 0.2529166666666667 0.3442028985507246 0.01125
0 0.4811594202898551 0.29041666666666666 0.13695652173913042 0.028333333333333332
0 0.48188405797101447 0.26958333333333334 0.1427536231884058 0.01125
0 0.48188405797101447 0.22666666666666666 0.06304347826086956 0.011666666666666667
0 0.48478260869565215 0.23041666666666666 0.018115942028985508 0.00375
0 0.9108695652173913 0.29041666666666666 0.13333333333333333 0.028333333333333332
0 0.9108695652173913 0.26958333333333334 0.3159420289855073 0.01125
0 0.9115942028985508 0.2529166666666667 0.20144927536231885 0.01125
0 0.9123188405797101 0.22708333333333333 0.06594202898550725 0.010833333333333334
0 0.9159420289855073 0.4270833333333333 0.14782608695652175 0.028333333333333332
0 0.9159420289855073 0.1375 0.11884057971014493 0.028333333333333332
0 0.9166666666666666 0.4058333333333333 0.5521739130434783 0.01125
0 0.9166666666666666 0.09083333333333334 0.059420289855072465 0.01375
0 0.9173913043478261 0.38 0.06811594202898551 0.011666666666666667
0 0.9173913043478261 0.11625 0.5318840579710145 0.01125
0 1.3398550724637681 0.29041666666666666 0.1463768115942029 0.028333333333333332
0 1.3405797101449275 0.26958333333333334 0.17101449275362318 0.01125
0 1.3405797101449275 0.2529166666666667 0.3463768115942029 0.01125
0 1.3420289855072465 0.22708333333333333 0.06086956521739131 0.01375
