0 0.04420289855072464 0.0125 0.15507246376811595 0.03333333333333333
0 0.050724637681159424 0.4225 0.2797101449275362 0.01125
0 0.050724637681159424 0.11625 0.25217391304347825 0.01125
0 0.05144927536231884 0.46041666666666664 0.15 0.028333333333333332
0 0.05144927536231884 0.43916666666666665 0.2579710144927536 0.01125
0 0.05144927536231884 0.3070833333333333 0.12681159420289856 0.028333333333333332
0 0.05144927536231884 0.26958333333333334 0.3159420289855073 0.01125
0 0.05144927536231884 0.24375 0.0746376811594203 0.01375
0 0.05144927536231884 0.15416666666666667 0.15144927536231884 0.028333333333333332
0 0.05217391304347826 0.28625 0.19927536231884058 0.01125
0 0.05217391304347826 0.13291666666666666 0.2246376811594203 0.01125
0 0.05289855072463768 0.39708333333333334 0.07391304347826087 0.010833333333333334
0 0.05289855072463768 0.09083333333333334 0.06811594202898551 0.01125
0 0.21666666666666667 0.0125 0.15507246376811595 0.03333333333333333
0 0.38913043478260867 0.0125 0.12246376811594203 0.03333333333333333
0 0.48043478260869565 0.09083333333333334 0.06739130434782609 0.01375
0 0.4811594202898551 0.46041666666666664 0.12753623188405797 0.028333333333333332
0 0.4811594202898551 0.3070833333333333 0.12536231884057972 0.028333333333333332
0 0.4811594202898551 0.28625 0.22826086956521738 0.01125
0 0.4811594202898551 0.15416666666666667 0.15 0.028333333333333332
0 0.4811594202898551 0.13291666666666666 0.2036231884057971 0.01125
0 0.48188405797101447 0.43916666666666665 0.26014492753623186 0.01125
0 0.48188405797101447 0.4225 0.2702898550724638 0.01125
0 0.48188405797101447 0.26958333333333334 0.34855072463768116 0.01125
0 0.48188405797101447 0.24333333333333335 0.06739130434782609 0.011666666666666667
0 0.48188405797101447 0.11625 0.3391304347826087 0.01125
0 0.4826086956521739 0.39708333333333334 0.06666666666666667 0.01375
0 0.5289855072463768 0.0125 0.13623188405797101 0.03333333333333333
0 0.9101449275362319 0.39708333333333334 0.07391304347826087 0.01375
0 0.9108695652173913 0.46041666666666664 0.13695652173913042 0.028333333333333332
0 0.9108695652173913 0.4225 0.2710144927536232 0.01125
0 0.9108695652173913 0.3070833333333333 0.14057971014492754 0.028333333333333332
0 0.9108695652173913 0.28625 0.31521739130434784 0.01125
0 0.9108695652173913 0.15416666666666667 0.13623188405797101 0.028333333333333332
0 0.9108695652173913 0.13291666666666666 0.2746376811594203 0.01125
0 0.9115942028985508 0.43916666666666665 0.25869565217391305 0.01125
0 0.9115942028985508 0.26958333333333334 0.24130434782608695 0.01125
0 0.9115942028985508 0.11625 0.30579710144927535 0.01125
0 0.9123188405797101 0.24375 0.06159420289855073 0.010833333333333334
0 0.9123188405797101 0.09083333333333334 0.07391304347826087 0.01375
0 1.3398550724637681 0.47708333333333336 0.1398550724637681 0.028333333333333332
0 1.3398550724637681 0.3070833333333333 0.11884057971014493 0.028333333333333332
0 1.3398550724637681 0.24375 0.05144927536231884 0.010833333333333334
0 1.3398550724637681 0.15416666666666667 0.13840579710144926 0.028333333333333332
0 1.3398550724637681 0.11625 0.24347826086956523 0.01125
0 1.3398550724637681 0.09083333333333334 0.058695652173913045 0.01375
0 1.3405797101449275 0.43916666666666665 0.32608695652173914 0.01125
0 1.3405797101449275 0.26958333333333334 0.31376811594202897 0.01125
0 1.3405797101449275 0.13291666666666666 0.2717391304347826 0.01125
0 1.3413043478260869 0.4583333333333333 0.031159420289855074 0.00875
0 1.3413043478260869 0.4225 0.213768115942029 0.01125
0 1.3413043478260869 0.39708333333333334 0.06594202898550725 0.01375
0 1.3413043478260869 0.28625 0.18840579710144928 0.01125
