0 0.04420289855072464 0.0125 0.1536231884057971 0.03333333333333333
0 0.050724637681159424 0.13291666666666666 0.2688405797101449 0.01125
0 0.05144927536231884 0.4270833333333333 0.1463768115942029 0.028333333333333332
0 0.05144927536231884 0.29041666666666666 0.14347826086956522 0.028333333333333332
0 0.05144927536231884 0.15416666666666667 0.14565217391304347 0.028333333333333332
0 0.05144927536231884 0.11625 0.25 0.01125
0 0.05217391304347826 0.38 0.06956521739130435 0.011666666666666667
0 0.05217391304347826 0.09041666666666667 0.07101449275362319 0.014166666666666666
0 0.05289855072463768 0.4058333333333333 0.558695652173913 0.01125
0 0.05289855072463768 0.26958333333333334 0.5202898550724637 0.01125
0 0.05289855072463768 0.24375 0.07318840579710145 0.01125
0 0.21521739130434783 0.0125 0.16666666666666666 0.03333333333333333
0 0.3992753623188406 0.0125 0.14057971014492754 0.03333333333333333
0 0.4811594202898551 0.15416666666666667 0.1427536231884058 0.028333333333333332
0 0.48188405797101447 0.13291666666666666 0.1746376811594203 0.01125
0 0.48188405797101447 0.11625 0.3391304347826087 0.01125
0 0.4826086956521739 0.09083333333333334 0.0644927536231884 0.010833333333333334
0 0.5572463768115942 0.0125 0.1492753623188406 0.03333333333333333
0 0.9108695652173913 0.15416666666666667 0.14202898550724638 0.028333333333333332
0 0.9108695652173913 0.13291666666666666 0.16231884057971013 0.01125
0 0.9108695652173913 0.11625 0.32971014492753625 0.01125
0 0.9115942028985508 0.09041666666666667 0.0746376811594203 0.014166666666666666
0 0.9144927536231884 0.09375 0.016666666666666666 0.004166666666666667
0 0.9159420289855073 0.29041666666666666 0.16376811594202897 0.028333333333333332
0 0.9173913043478261 0.26958333333333334 0.5572463768115942 0.01125
0 0.9181159420289855 0.24375 0.07318840579710145 0.010833333333333334
0 1.3398550724637681 0.15416666666666667 0.13623188405797101 0.028333333333333332
0 1.3398550724637681 0.13291666666666666 0.26159420289855073 0.01125
0 1.3405797101449275 0.11625 0.2826086956521739 0.01125
0 1.3420289855072465 0.09083333333333334 0.07173913043478261 0.010833333333333334
