0 0.04420289855072464 0.0125 0.17391304347826086 0.03333333333333333
0 0.05144927536231884 0.44375 0.13840579710144926 0.028333333333333332
0 0.05144927536231884 0.3070833333333333 0.15144927536231884 0.028333333333333332
0 0.05144927536231884 0.1375 0.1463768115942029 0.028333333333333332
0 0.05217391304347826 0.4225 0.5260869565217391 0.01125
0 0.05217391304347826 0.39708333333333334 0.0746376811594203 0.01375
0 0.05217391304347826 0.28625 0.1355072463768116 0.01125
0 0.05217391304347826 0.11625 0.5210144927536232 0.01125
0 0.05217391304347826 0.09041666666666667 0.06594202898550725 0.014166666666666666
0 0.05289855072463768 0.26958333333333334 0.35797101449275365 0.01125
0 0.05289855072463768 0.2529166666666667 0.0463768115942029 0.01125
0 0.05289855072463768 0.22708333333333333 0.0746376811594203 0.010833333333333334
0 0.23550724637681159 0.0125 0.13840579710144926 0.03333333333333333
0 0.4811594202898551 0.3070833333333333 0.15434782608695652 0.028333333333333332
0 0.4811594202898551 0.2529166666666667 0.13405797101449277 0.01125
0 0.48188405797101447 0.28625 0.01956521739130435 0.01125
0 0.48188405797101447 0.26958333333333334 0.32681159420289857 0.01125
0 0.4826086956521739 0.22708333333333333 0.06304347826086956 0.010833333333333334
0 0.9108695652173913 0.29041666666666666 0.15289855072463768 0.028333333333333332
0 0.9108695652173913 0.22708333333333333 0.08188405797101449 0.010833333333333334
0 0.9115942028985508 0.26958333333333334 0.31666666666666665 0.01125
0 0.9115942028985508 0.2529166666666667 0.20434782608695654 0.01125
0 0.9159420289855073 0.1375 0.14347826086956522 0.028333333333333332
0 0.9166666666666666 0.11625 0.5594202898550724 0.01125
0 0.9181159420289855 0.09083333333333334 0.08188405797101449 0.01375
0 1.3398550724637681 0.29041666666666666 0.1427536231884058 0.028333333333333332
0 1.3398550724637681 0.26958333333333334 0.17028985507246377 0.01125
0 1.3405797101449275 0.2529166666666667 0.34347826086956523 0.01125
0 1.3420289855072465 0.22708333333333333 0.07608695652173914 0.01375
