0 0.04420289855072464 0.0125 0.1572463768115942 0.03333333333333333
0 0.05144927536231884 0.4270833333333333 0.15072463768115943 0.028333333333333332
0 0.05144927536231884 0.29041666666666666 0.13623188405797101 0.028333333333333332
0 0.05144927536231884 0.26958333333333334 0.5159420289855072 0.01125
0 0.05144927536231884 0.24375 0.07246376811594203 0.01125
0 0.05144927536231884 0.15416666666666667 0.1492753623188406 0.028333333333333332
0 0.05217391304347826 0.4058333333333333 0.4934782608695652 0.01125
0 0.05289855072463768 0.3804166666666667 0.0644927536231884 0.01375
0 0.05289855072463768 0.13291666666666666 0.29492753623188406 0.01125
0 0.05289855072463768 0.11625 0.2108695652173913 0.01125
0 0.05289855072463768 0.09083333333333334 0.07028985507246377 0.010833333333333334
0 0.21884057971014492 0.0125 0.14782608695652175 0.03333333333333333
0 0.38405797101449274 0.0125 0.13405797101449277 0.03333333333333333
0 0.4811594202898551 0.15416666666666667 0.14855072463768115 0.028333333333333332
0 0.48188405797101447 0.13291666666666666 0.2717391304347826 0.01125
0 0.48188405797101447 0.11625 0.25 0.01125
0 0.4826086956521739 0.09083333333333334 0.059420289855072465 0.010833333333333334
0 0.9108695652173913 0.15416666666666667 0.12536231884057972 0.028333333333333332
0 0.9108695652173913 0.11625 0.25579710144927537 0.01125
0 0.9115942028985508 0.13291666666666666 0.25579710144927537 0.01125
0 0.9123188405797101 0.09083333333333334 0.060144927536231886 0.01375
0 0.9159420289855073 0.29041666666666666 0.15 0.028333333333333332
0 0.9166666666666666 0.26958333333333334 0.5297101449275362 0.01125
0 0.9166666666666666 0.24333333333333335 0.06086956521739131 0.011666666666666667
0 1.3398550724637681 0.15416666666666667 0.13043478260869565 0.028333333333333332
0 1.3398550724637681 0.13291666666666666 0.29130434782608694 0.01125
0 1.3413043478260869 0.11625 0.2746376811594203 0.01125
0 1.3413043478260869 0.09041666666666667 0.0746376811594203 0.011666666666666667
