0 0.04420289855072464 0.0125 0.15507246376811595 0.03333333333333333
0 0.05144927536231884 0.4270833333333333 0.13840579710144926 0.028333333333333332
0 0.05144927536231884 0.27375 0.14420289855072463 0.028333333333333332
0 0.05144927536231884 0.22708333333333333 0.07101449275362319 0.01375
0 0.05144927536231884 0.1375 0.15072463768115943 0.028333333333333332
0 0.05144927536231884 0.11625 0.5166666666666667 0.01125
0 0.05217391304347826 0.4058333333333333 0.17101449275362318 0.01125
0 0.05217391304347826 0.38916666666666666 0.34202898550724636 0.01125
0 0.05217391304347826 0.36375 0.08405797101449275 0.01375
0 0.05217391304347826 0.2529166666666667 0.5557971014492754 0.01125
0 0.05217391304347826 0.09041666666666667 0.07536231884057971 0.012083333333333333
0 0.21666666666666667 0.0125 0.16014492753623188 0.03333333333333333
0 0.39420289855072466 0.0125 0.14130434782608695 0.03333333333333333
0 0.4811594202898551 0.4270833333333333 0.14492753623188406 0.028333333333333332
0 0.4811594202898551 0.38916666666666666 0.28043478260869564 0.01125
0 0.48188405797101447 0.4058333333333333 0.25 0.01125
0 0.48188405797101447 0.36333333333333334 0.06811594202898551 0.014166666666666666
0 0.48478260869565215 0.36666666666666664 0.016666666666666666 0.004166666666666667
0 0.5528985507246377 0.0125 0.16304347826086957 0.03333333333333333
0 0.7333333333333333 0.0125 0.15942028985507245 0.03333333333333333
0 0.9108695652173913 0.4270833333333333 0.14130434782608695 0.028333333333333332
0 0.9108695652173913 0.4058333333333333 0.23695652173913043 0.01125
0 0.9108695652173913 0.38916666666666666 0.27608695652173915 0.01125
0 0.9123188405797101 0.36375 0.0782608695652174 0.01375
0 0.9159420289855073 0.1375 0.14492753623188406 0.028333333333333332
0 0.9159420289855073 0.09083333333333334 0.059420289855072465 0.010833333333333334
0 0.9166666666666666 0.11625 0.563768115942029 0.01125
0 1.3398550724637681 0.4270833333333333 0.14420289855072463 0.028333333333333332
0 1.3405797101449275 0.38916666666666666 0.34782608695652173 0.01125
0 1.3405797101449275 0.36375 0.0644927536231884 0.01375
0 1.3413043478260869 0.4058333333333333 0.1318840579710145 0.01125
