0 0.04420289855072464 0.0125 0.14130434782608695 0.03333333333333333
0 0.05144927536231884 0.4270833333333333 0.14202898550724638 0.028333333333333332
0 0.05144927536231884 0.29041666666666666 0.14492753623188406 0.028333333333333332
0 0.05144927536231884 0.2529166666666667 0.26666666666666666 0.01125
0 0.05144927536231884 0.1375 0.1398550724637681 0.028333333333333332
0 0.05217391304347826 0.4058333333333333 0.5115942028985507 0.01125
0 0.05217391304347826 0.26958333333333334 0.2927536231884058 0.01125
0 0.05217391304347826 0.11625 0.5369565217391304 0.01125
0 0.05217391304347826 0.09083333333333334 0.07536231884057971 0.01375
0 0.05289855072463768 0.3804166666666667 0.07028985507246377 0.01375
0 0.05289855072463768 0.22708333333333333 0.08115942028985507 0.01375
0 0.2028985507246377 0.0125 0.1289855072463768 0.03333333333333333
0 0.3492753623188406 0.0125 0.13840579710144926 0.03333333333333333
0 0.4811594202898551 0.29041666666666666 0.15144927536231884 0.028333333333333332
0 0.4811594202898551 0.26958333333333334 0.1934782608695652 0.01125
0 0.4811594202898551 0.22708333333333333 0.06376811594202898 0.01375
0 0.48188405797101447 0.2529166666666667 0.32971014492753625 0.01125
0 0.505072463768116 0.0125 0.12391304347826088 0.03333333333333333
0 0.6463768115942029 0.0125 0.14855072463768115 0.03333333333333333
0 0.9108695652173913 0.29041666666666666 0.14420289855072463 0.028333333333333332
0 0.9108695652173913 0.26958333333333334 0.3471014492753623 0.01125
0 0.9115942028985508 0.2529166666666667 0.1681159420289855 0.01125
0 0.9123188405797101 0.22708333333333333 0.05434782608695652 0.01375
0 0.9159420289855073 0.4270833333333333 0.13623188405797101 0.028333333333333332
0 0.9159420289855073 0.3804166666666667 0.06811594202898551 0.010833333333333334
0 0.9173913043478261 0.4058333333333333 0.5478260869565217 0.01125
0 1.3398550724637681 0.29041666666666666 0.1536231884057971 0.028333333333333332
0 1.3405797101449275 0.2529166666666667 0.3144927536231884 0.01125
0 1.3405797101449275 0.22666666666666666 0.06811594202898551 0.011666666666666667
0 1.3413043478260869 0.26958333333333334 0.22318840579710145 0.01125
