0 0.04420289855072464 0.0125 0.15579710144927536 0.03333333333333333
0 0.05144927536231884 0.4270833333333333 0.15797101449275364 0.028333333333333332
0 0.05144927536231884 0.29041666666666666 0.1565217391304348 0.028333333333333332
0 0.05144927536231884 0.15416666666666667 0.12681159420289856 0.028333333333333332
0 0.05144927536231884 0.09083333333333334 0.07028985507246377 0.01125
0 0.05217391304347826 0.4058333333333333 0.5340579710144927 0.01125
0 0.05217391304347826 0.38 0.059420289855072465 0.011666666666666667
0 0.05217391304347826 0.26958333333333334 0.5471014492753623 0.01125
0 0.05217391304347826 0.13291666666666666 0.18840579710144928 0.01125
0 0.05217391304347826 0.11625 0.3355072463768116 0.01125
0 0.05289855072463768 0.24375 0.06739130434782609 0.01375
0 0.21739130434782608 0.0125 0.1398550724637681 0.03333333333333333
0 0.3746376811594203 0.0125 0.1492753623188406 0.03333333333333333
0 0.4811594202898551 0.15416666666666667 0.1318840579710145 0.028333333333333332
0 0.4811594202898551 0.13291666666666666 0.20797101449275363 0.01125
0 0.48188405797101447 0.11625 0.3217391304347826 0.01125
0 0.4826086956521739 0.09083333333333334 0.06376811594202898 0.01375
0 0.5413043478260869 0.0125 0.14057971014492754 0.03333333333333333
0 0.6992753623188406 0.0125 0.13768115942028986 0.03333333333333333
0 0.9108695652173913 0.15416666666666667 0.13623188405797101 0.028333333333333332
0 0.9108695652173913 0.13291666666666666 0.2565217391304348 0.01125
0 0.9108695652173913 0.11625 0.30289855072463767 0.01125
0 0.9123188405797101 0.09083333333333334 0.0536231884057971 0.01375
0 0.9159420289855073 0.4270833333333333 0.14202898550724638 0.028333333333333332
0 0.9166666666666666 0.4058333333333333 0.5478260869565217 0.01125
0 0.9181159420289855 0.3804166666666667 0.08260869565217391 0.01375
0 1.3398550724637681 0.15416666666666667 0.15217391304347827 0.028333333333333332
0 1.3405797101449275 0.13291666666666666 0.24492753623188407 0.01125
0 1.3405797101449275 0.11625 0.2927536231884058 0.01125
0 1.3413043478260869 0.09083333333333334 0.06956521739130435 0.01125
