0 0.04420289855072464 0.0125 0.1644927536231884 0.03333333333333333
0 0.05144927536231884 0.44375 0.12173913043478261 0.028333333333333332
0 0.05144927536231884 0.4225 0.21521739130434783 0.01125
0 0.05144927536231884 0.29041666666666666 0.1463768115942029 0.028333333333333332
0 0.05144927536231884 0.26958333333333334 0.5376811594202898 0.01125
0 0.05144927536231884 0.24375 0.06956521739130435 0.01375
0 0.05144927536231884 0.15416666666666667 0.1463768115942029 0.028333333333333332
0 0.05144927536231884 0.13291666666666666 0.23695652173913043 0.01125
0 0.05144927536231884 0.09083333333333334 0.0572463768115942 0.01375
0 0.05217391304347826 0.4058333333333333 0.286231884057971 0.01125
0 0.05217391304347826 0.11625 0.32608695652173914 0.01125
0 0.05289855072463768 0.3804166666666667 0.0572463768115942 0.010833333333333334
0 0.22608695652173913 0.0125 0.14855072463768115 0.03333333333333333
0 0.39202898550724635 0.0125 0.16594202898550725 0.03333333333333333
0 0.48043478260869565 0.3804166666666667 0.08043478260869565 0.01375
0 0.4811594202898551 0.44375 0.15579710144927536 0.028333333333333332
0 0.4811594202898551 0.4058333333333333 0.34492753623188405 0.01125
0 0.4811594202898551 0.15416666666666667 0.13768115942028986 0.028333333333333332
0 0.4811594202898551 0.11625 0.29347826086956524 0.01125
0 0.48188405797101447 0.4225 0.186231884057971 0.01125
0 0.48188405797101447 0.13291666666666666 0.2246376811594203 0.01125
0 0.4826086956521739 0.09083333333333334 0.07028985507246377 0.01125
0 0.5753623188405798 0.0125 0.16304347826086957 0.03333333333333333
0 0.7557971014492754 0.0125 0.14130434782608695 0.03333333333333333
0 0.9108695652173913 0.44375 0.15072463768115943 0.028333333333333332
0 0.9108695652173913 0.4225 0.22318840579710145 0.01125
0 0.9108695652173913 0.4058333333333333 0.34492753623188405 0.01125
0 0.9108695652173913 0.3804166666666667 0.07681159420289856 0.01375
0 0.9108695652173913 0.15416666666666667 0.1572463768115942 0.028333333333333332
0 0.9108695652173913 0.13291666666666666 0.2811594202898551 0.01125
0 0.9108695652173913 0.11625 0.24565217391304348 0.01125
0 0.9123188405797101 0.09083333333333334 0.07608695652173914 0.01375
0 0.9159420289855073 0.29041666666666666 0.15434782608695652 0.028333333333333332
0 0.9166666666666666 0.26958333333333334 0.4688405797101449 0.01125
0 0.9181159420289855 0.24375 0.060144927536231886 0.01375
0 1.3398550724637681 0.44375 0.1398550724637681 0.028333333333333332
0 1.3398550724637681 0.4058333333333333 0.3036231884057971 0.01125
0 1.3398550724637681 0.15416666666666667 0.14057971014492754 0.028333333333333332
0 1.3398550724637681 0.11625 0.24057971014492754 0.01125
0 1.3405797101449275 0.4225 0.20434782608695654 0.01125
0 1.3413043478260869 0.13291666666666666 0.2768115942028985 0.01125
0 1.3420289855072465 0.3804166666666667 0.06594202898550725 0.01375
0 1.3420289855072465 0.09083333333333334 0.06159420289855073 0.01375
