0 0.04420289855072464 0.0125 0.1492753623188406 0.03333333333333333
0 0.05144927536231884 0.44375 0.1463768115942029 0.028333333333333332
0 0.05144927536231884 0.3070833333333333 0.1391304347826087 0.028333333333333332
0 0.05144927536231884 0.28625 0.10869565217391304 0.01125
0 0.05144927536231884 0.1375 0.1398550724637681 0.028333333333333332
0 0.05217391304347826 0.4225 0.4971014492753623 0.01125
0 0.05217391304347826 0.26958333333333334 0.3072463768115942 0.01125
0 0.05217391304347826 0.25375 0.1282608695652174 0.010416666666666666
0 0.05217391304347826 0.09041666666666667 0.0782608695652174 0.012083333333333333
0 0.05289855072463768 0.39708333333333334 0.06739130434782609 0.010833333333333334
0 0.05289855072463768 0.22708333333333333 0.07608695652173914 0.010833333333333334
0 0.05289855072463768 0.11625 0.5405797101449276 0.01125
0 0.2108695652173913 0.0125 0.15579710144927536 0.03333333333333333
0 0.38405797101449274 0.0125 0.1427536231884058 0.03333333333333333
0 0.4811594202898551 0.29041666666666666 0.13260869565217392 0.028333333333333332
0 0.4811594202898551 0.2529166666666667 0.3050724637681159 0.01125
0 0.48188405797101447 0.26958333333333334 0.1963768115942029 0.01125
0 0.4826086956521739 0.22708333333333333 0.058695652173913045 0.01375
0 0.9108695652173913 0.29041666666666666 0.1463768115942029 0.028333333333333332
0 0.9108695652173913 0.26958333333333334 0.2956521739130435 0.01125
0 0.9108695652173913 0.2529166666666667 0.26594202898550723 0.01125
0 0.9123188405797101 0.22708333333333333 0.07898550724637682 0.010833333333333334
0 0.9159420289855073 0.1375 0.1398550724637681 0.028333333333333332
0 0.9166666666666666 0.11625 0.513768115942029 0.01125
0 0.9181159420289855 0.09083333333333334 0.06666666666666667 0.01375
0 1.3398550724637681 0.29041666666666666 0.1492753623188406 0.028333333333333332
0 1.3405797101449275 0.2529166666666667 0.23623188405797102 0.01125
0 1.3413043478260869 0.26958333333333334 0.23623188405797102 0.00875
0 1.3420289855072465 0.22708333333333333 0.07391304347826087 0.010833333333333334
