0 0.04420289855072464 0.0125 0.14420289855072463 0.03333333333333333
0 0.05144927536231884 0.4270833333333333 0.1318840579710145 0.028333333333333332
0 0.05144927536231884 0.29041666666666666 0.1355072463768116 0.028333333333333332
0 0.05144927536231884 0.1375 0.1355072463768116 0.028333333333333332
0 0.05217391304347826 0.4058333333333333 0.563768115942029 0.01125
0 0.05217391304347826 0.26958333333333334 0.33260869565217394 0.01125
0 0.05217391304347826 0.2529166666666667 0.24130434782608695 0.01125
0 0.05217391304347826 0.22666666666666666 0.06811594202898551 0.012083333333333333
0 0.05217391304347826 0.11625 0.5398550724637681 0.01125
0 0.05217391304347826 0.09041666666666667 0.06231884057971015 0.014166666666666666
0 0.05289855072463768 0.3804166666666667 0.07101449275362319 0.010833333333333334
0 0.20579710144927535 0.0125 0.14782608695652175 0.03333333333333333
0 0.3710144927536232 0.0125 0.1608695652173913 0.03333333333333333
0 0.4811594202898551 0.29041666666666666 0.14565217391304347 0.028333333333333332
0 0.48188405797101447 0.26958333333333334 0.18478260869565216 0.01125
0 0.48188405797101447 0.2529166666666667 0.33768115942028987 0.01125
0 0.48188405797101447 0.22666666666666666 0.06159420289855073 0.011666666666666667
0 0.5492753623188406 0.0125 0.1463768115942029 0.03333333333333333
0 0.7130434782608696 0.0125 0.1398550724637681 0.03333333333333333
0 0.9108695652173913 0.29041666666666666 0.15 0.028333333333333332
0 0.9108695652173913 0.26958333333333334 0.23840579710144927 0.01125
0 0.9115942028985508 0.2529166666666667 0.29637681159420287 0.01125
0 0.9123188405797101 0.22708333333333333 0.07681159420289856 0.01375
0 0.9159420289855073 0.1375 0.12391304347826088 0.028333333333333332
0 0.9173913043478261 0.11625 0.5384057971014493 0.01125
0 0.9181159420289855 0.09083333333333334 0.07536231884057971 0.01375
0 1.3398550724637681 0.29041666666666666 0.12028985507246377 0.028333333333333332
0 1.3405797101449275 0.2529166666666667 0.29057971014492756 0.01125
0 1.3413043478260869 0.26958333333333334 0.19130434782608696 0.01125
0 1.3420289855072465 0.22708333333333333 0.07681159420289856 0.01375
