0 0.04420289855072464 0.0125 0.16231884057971013 0.03333333333333333
0 0.05144927536231884 0.1375 0.14347826086956522 0.028333333333333332
0 0.05144927536231884 0.11625 0.49782608695652175 0.01125
0 0.05289855072463768 0.09083333333333334 0.06811594202898551 0.01375
0 0.22391304347826088 0.0125 0.16014492753623188 0.03333333333333333
0 0.40144927536231884 0.0125 0.1427536231884058 0.03333333333333333
0 0.5615942028985508 0.0125 0.14057971014492754 0.03333333333333333
0 0.7195652173913043 0.0125 0.14492753623188406 0.03333333333333333
0 0.9159420289855073 0.1375 0.13405797101449277 0.028333333333333332
0 0.9159420289855073 0.09083333333333334 0.08188405797101449 0.01375
0 0.9173913043478261 0.11625 0.5007246376811594 0.01125
