0 0.04420289855072464 0.0125 0.1572463768115942 0.03333333333333333
0 0.05144927536231884 0.4270833333333333 0.1282608695652174 0.028333333333333332
0 0.05144927536231884 0.4058333333333333 0.2579710144927536 0.01125
0 0.05144927536231884 0.27375 0.13333333333333333 0.028333333333333332
0 0.05144927536231884 0.2529166666666667 0.5485507246376812 0.01125
0 0.05144927536231884 0.1375 0.14492753623188406 0.028333333333333332
0 0.05144927536231884 0.09083333333333334 0.06811594202898551 0.01375
0 0.05217391304347826 0.38916666666666666 0.30289855072463767 0.01125
0 0.05217391304347826 0.22666666666666666 0.07536231884057971 0.014166666666666666
0 0.05217391304347826 0.11625 0.5434782608695652 0.01125
0 0.05289855072463768 0.36375 0.07391304347826087 0.01375
0 0.05507246376811594 0.23 0.016666666666666666 0.004166666666666667
0 0.21884057971014492 0.0125 0.14565217391304347 0.03333333333333333
0 0.3818840579710145 0.0125 0.1572463768115942 0.03333333333333333
0 0.4811594202898551 0.4270833333333333 0.14202898550724638 0.028333333333333332
0 0.4811594202898551 0.36375 0.05507246376811594 0.01125
0 0.48188405797101447 0.4058333333333333 0.18985507246376812 0.01125
0 0.48188405797101447 0.38916666666666666 0.32028985507246377 0.01125
0 0.5565217391304348 0.0125 0.1565217391304348 0.03333333333333333
0 0.7304347826086957 0.0125 0.1492753623188406 0.03333333333333333
0 0.9108695652173913 0.4270833333333333 0.13478260869565217 0.028333333333333332
0 0.9108695652173913 0.4058333333333333 0.15 0.01125
0 0.9108695652173913 0.38916666666666666 0.33768115942028987 0.01125
0 0.9123188405797101 0.36375 0.07971014492753623 0.01375
0 0.9159420289855073 0.27375 0.1463768115942029 0.028333333333333332
0 0.9166666666666666 0.2529166666666667 0.5688405797101449 0.01125
0 0.9181159420289855 0.22708333333333333 0.050724637681159424 0.01375
0 1.3398550724637681 0.4270833333333333 0.13333333333333333 0.028333333333333332
0 1.3405797101449275 0.4058333333333333 0.1927536231884058 0.01125
0 1.3405797101449275 0.38916666666666666 0.3398550724637681 0.01125
0 1.3420289855072465 0.36375 0.059420289855072465 0.010833333333333334
