0 0.04420289855072464 0.0125 0.15144927536231884 0.03333333333333333
0 0.05144927536231884 0.3070833333333333 0.12753623188405797 0.028333333333333332
0 0.05144927536231884 0.26958333333333334 0.3108695652173913 0.01125
0 0.05144927536231884 0.15416666666666667 0.14420289855072463 0.028333333333333332
0 0.05217391304347826 0.28625 0.20507246376811594 0.01125
0 0.05217391304347826 0.24375 0.07681159420289856 0.01375
0 0.05217391304347826 0.13291666666666666 0.3144927536231884 0.01125
0 0.05217391304347826 0.11625 0.20217391304347826 0.01125
0 0.05217391304347826 0.09083333333333334 0.05507246376811594 0.01375
0 0.21304347826086956 0.0125 0.13260869565217392 0.03333333333333333
0 0.3630434782608696 0.0125 0.1463768115942029 0.03333333333333333
0 0.48043478260869565 0.24375 0.07608695652173914 0.010833333333333334
0 0.4811594202898551 0.3070833333333333 0.13043478260869565 0.028333333333333332
0 0.4811594202898551 0.26958333333333334 0.27318840579710146 0.01125
0 0.4811594202898551 0.15416666666666667 0.13405797101449277 0.028333333333333332
0 0.4811594202898551 0.13291666666666666 0.18985507246376812 0.01125
0 0.48188405797101447 0.28625 0.24420289855072463 0.01125
0 0.48188405797101447 0.11625 0.336231884057971 0.01125
0 0.4826086956521739 0.09083333333333334 0.07318840579710145 0.01375
0 0.5268115942028986 0.0125 0.15144927536231884 0.03333333333333333
0 0.6956521739130435 0.0125 0.1572463768115942 0.03333333333333333
0 0.9101449275362319 0.26958333333333334 0.34492753623188405 0.01125
0 0.9101449275362319 0.11625 0.2579710144927536 0.01125
0 0.9108695652173913 0.3070833333333333 0.15072463768115943 0.028333333333333332
0 0.9108695652173913 0.28625 0.2028985507246377 0.01125
0 0.9108695652173913 0.15416666666666667 0.1471014492753623 0.028333333333333332
0 0.9108695652173913 0.13291666666666666 0.2942028985507246 0.01125
0 0.9123188405797101 0.24375 0.07391304347826087 0.010833333333333334
0 0.9123188405797101 0.09083333333333334 0.06884057971014493 0.01375
0 1.3398550724637681 0.3070833333333333 0.13478260869565217 0.028333333333333332
0 1.3398550724637681 0.26958333333333334 0.3239130434782609 0.01125
0 1.3398550724637681 0.15416666666666667 0.14057971014492754 0.028333333333333332
0 1.3398550724637681 0.13291666666666666 0.23115942028985506 0.01125
0 1.3405797101449275 0.28625 0.18478260869565216 0.01125
0 1.3405797101449275 0.24333333333333335 0.06739130434782609 0.014166666666666666
0 1.3405797101449275 0.11625 0.32971014492753625 0.01125
0 1.3405797101449275 0.09041666666666667 0.06884057971014493 0.014166666666666666
0 1.3442028985507246 0.24666666666666667 0.016666666666666666 0.004166666666666667
0 1.3442028985507246 0.09375 0.016666666666666666 0.004166666666666667
