0 0.04420289855072464 0.0125 0.13043478260869565 0.03333333333333333
0 0.050724637681159424 0.2529166666666667 0.5152173913043478 0.01125
0 0.05144927536231884 0.4270833333333333 0.13623188405797101 0.028333333333333332
0 0.05144927536231884 0.27375 0.1463768115942029 0.028333333333333332
0 0.05144927536231884 0.22708333333333333 0.06304347826086956 0.01375
0 0.05144927536231884 0.1375 0.14492753623188406 0.028333333333333332
0 0.05217391304347826 0.4058333333333333 0.25 0.01125
0 0.05217391304347826 0.38916666666666666 0.28043478260869564 0.01125
0 0.05217391304347826 0.11625 0.5782608695652174 0.01125
0 0.05217391304347826 0.09041666666666667 0.07971014492753623 0.014166666666666666
0 0.05289855072463768 0.36375 0.08333333333333333 0.01375
0 0.19202898550724637 0.0125 0.1463768115942029 0.03333333333333333
0 0.35579710144927534 0.0125 0.13768115942028986 0.03333333333333333
0 0.4811594202898551 0.4270833333333333 0.15434782608695652 0.028333333333333332
0 0.4811594202898551 0.38916666666666666 0.3181159420289855 0.01125
0 0.48188405797101447 0.4058333333333333 0.20797101449275363 0.01125
0 0.4826086956521739 0.36375 0.060144927536231886 0.010833333333333334
0 0.5108695652173914 0.0125 0.12608695652173912 0.03333333333333333
0 0.9108695652173913 0.4270833333333333 0.11231884057971014 0.028333333333333332
0 0.9108695652173913 0.4058333333333333 0.23768115942028986 0.01125
0 0.9108695652173913 0.38916666666666666 0.2891304347826087 0.01125
0 0.9108695652173913 0.36375 0.06231884057971015 0.01375
0 0.9159420289855073 0.1375 0.12971014492753624 0.028333333333333332
0 0.9166666666666666 0.09083333333333334 0.06231884057971015 0.010833333333333334
0 0.9173913043478261 0.11625 0.5471014492753623 0.01125
0 1.3398550724637681 0.4270833333333333 0.1471014492753623 0.028333333333333332
0 1.3405797101449275 0.4058333333333333 0.3036231884057971 0.01125
0 1.3405797101449275 0.38916666666666666 0.2072463768115942 0.01125
0 1.3405797101449275 0.36333333333333334 0.08768115942028985 0.014166666666666666
