0 0.04420289855072464 0.0125 0.13260869565217392 0.03333333333333333
0 0.050724637681159424 0.11625 0.2644927536231884 0.01125
0 0.05144927536231884 0.4270833333333333 0.14782608695652175 0.028333333333333332
0 0.05144927536231884 0.29041666666666666 0.16014492753623188 0.028333333333333332
0 0.05144927536231884 0.15416666666666667 0.14492753623188406 0.028333333333333332
0 0.05217391304347826 0.4058333333333333 0.5572463768115942 0.01125
0 0.05217391304347826 0.26958333333333334 0.5246376811594203 0.01125
0 0.05289855072463768 0.3804166666666667 0.07028985507246377 0.010833333333333334
0 0.05289855072463768 0.24375 0.07391304347826087 0.010833333333333334
0 0.05289855072463768 0.13291666666666666 0.2217391304347826 0.01125
0 0.05289855072463768 0.09083333333333334 0.059420289855072465 0.010833333333333334
0 0.19420289855072465 0.0125 0.14565217391304347 0.03333333333333333
0 0.3572463768115942 0.0125 0.1565217391304348 0.03333333333333333
0 0.4811594202898551 0.15416666666666667 0.1427536231884058 0.028333333333333332
0 0.4811594202898551 0.13291666666666666 0.18478260869565216 0.01125
0 0.4811594202898551 0.11625 0.3442028985507246 0.01125
0 0.4826086956521739 0.09083333333333334 0.07536231884057971 0.01375
0 0.5311594202898551 0.0125 0.14492753623188406 0.03333333333333333
0 0.9101449275362319 0.09083333333333334 0.08550724637681159 0.010833333333333334
0 0.9108695652173913 0.15416666666666667 0.11884057971014493 0.028333333333333332
0 0.9115942028985508 0.13291666666666666 0.2673913043478261 0.01125
0 0.9115942028985508 0.11625 0.286231884057971 0.01125
0 0.9159420289855073 0.29041666666666666 0.1355072463768116 0.028333333333333332
0 0.9159420289855073 0.26958333333333334 0.5601449275362319 0.01125
0 0.9159420289855073 0.24375 0.0891304347826087 0.010833333333333334
0 1.3398550724637681 0.15416666666666667 0.15289855072463768 0.028333333333333332
0 1.3398550724637681 0.09083333333333334 0.057971014492753624 0.01375
0 1.3405797101449275 0.13291666666666666 0.2688405797101449 0.01125
0 1.3405797101449275 0.11625 0.27898550724637683 0.01125
