0 0.04420289855072464 0.0125 0.1398550724637681 0.03333333333333333
0 0.05144927536231884 0.1375 0.14057971014492754 0.028333333333333332
0 0.05217391304347826 0.11625 0.5159420289855072 0.01125
0 0.05289855072463768 0.09083333333333334 0.06521739130434782 0.01375
0 0.20144927536231885 0.0125 0.15797101449275364 0.03333333333333333
0 0.37681159420289856 0.0125 0.14057971014492754 0.03333333333333333
0 0.5347826086956522 0.0125 0.1681159420289855 0.03333333333333333
0 0.7202898550724638 0.0125 0.1427536231884058 0.03333333333333333
0 0.7630434782608696 0.22041666666666668 0.2144927536231884 0.01125
0 0.9159420289855073 0.1375 0.1471014492753623 0.028333333333333332
0 0.9173913043478261 0.11625 0.5159420289855072 0.01125
0 0.9181159420289855 0.09083333333333334 0.06594202898550725 0.01125
