0 0.04420289855072464 0.0125 0.14347826086956522 0.03333333333333333
0 0.05144927536231884 0.44375 0.14130434782608695 0.028333333333333332
0 0.05144927536231884 0.4225 0.12246376811594203 0.01125
0 0.05144927536231884 0.27375 0.14347826086956522 0.028333333333333332
0 0.05144927536231884 0.1375 0.14492753623188406 0.028333333333333332
0 0.05144927536231884 0.11625 0.5579710144927537 0.01125
0 0.05144927536231884 0.09083333333333334 0.06884057971014493 0.010833333333333334
0 0.05217391304347826 0.4058333333333333 0.2210144927536232 0.01125
0 0.05217391304347826 0.38916666666666666 0.18405797101449275 0.01125
0 0.05217391304347826 0.2529166666666667 0.5304347826086957 0.01125
0 0.05217391304347826 0.22666666666666666 0.07608695652173914 0.011666666666666667
0 0.05289855072463768 0.36375 0.06304347826086956 0.010833333333333334
0 0.20507246376811594 0.0125 0.15507246376811595 0.03333333333333333
0 0.4811594202898551 0.4270833333333333 0.15072463768115943 0.028333333333333332
0 0.48188405797101447 0.4058333333333333 0.2028985507246377 0.01125
0 0.48188405797101447 0.38916666666666666 0.33043478260869563 0.01125
0 0.4826086956521739 0.36375 0.08043478260869565 0.01375
0 0.9108695652173913 0.4270833333333333 0.13260869565217392 0.028333333333333332
0 0.9115942028985508 0.4058333333333333 0.22608695652173913 0.01125
0 0.9115942028985508 0.38916666666666666 0.2927536231884058 0.01125
0 0.9115942028985508 0.36333333333333334 0.07173913043478261 0.014166666666666666
0 0.9144927536231884 0.36666666666666664 0.016666666666666666 0.004166666666666667
0 0.9159420289855073 0.27375 0.13043478260869565 0.028333333333333332
0 0.9173913043478261 0.2529166666666667 0.5239130434782608 0.01125
0 0.9173913043478261 0.22666666666666666 0.06666666666666667 0.011666666666666667
0 0.9202898550724637 0.23 0.016666666666666666 0.004166666666666667
0 1.3398550724637681 0.4270833333333333 0.12971014492753624 0.028333333333333332
0 1.3398550724637681 0.4058333333333333 0.2427536231884058 0.01125
0 1.3405797101449275 0.38916666666666666 0.3079710144927536 0.01125
0 1.3420289855072465 0.36375 0.07028985507246377 0.01375
