0 0.04420289855072464 0.0125 0.13260869565217392 0.03333333333333333
0 0.05144927536231884 0.3070833333333333 0.12318840579710146 0.028333333333333332
0 0.05144927536231884 0.28625 0.5463768115942029 0.01125
0 0.05144927536231884 0.17083333333333334 0.1471014492753623 0.028333333333333332
0 0.05289855072463768 0.2604166666666667 0.06304347826086956 0.01375
0 0.05289855072463768 0.14958333333333335 0.09782608695652174 0.01125
0 0.05289855072463768 0.13291666666666666 0.3869565217391304 0.01125
0 0.05289855072463768 0.11625 0.06376811594202898 0.00875
0 0.05289855072463768 0.09083333333333334 0.0746376811594203 0.010833333333333334
0 0.19420289855072465 0.0125 0.15434782608695652 0.03333333333333333
0 0.36594202898550726 0.0125 0.14565217391304347 0.03333333333333333
0 0.4811594202898551 0.15416666666666667 0.14492753623188406 0.028333333333333332
0 0.4811594202898551 0.13291666666666666 0.24347826086956523 0.01125
0 0.48188405797101447 0.11625 0.2891304347826087 0.01125
0 0.48188405797101447 0.09041666666666667 0.06594202898550725 0.014166666666666666
0 0.5289855072463768 0.0125 0.13695652173913042 0.03333333333333333
0 0.6833333333333333 0.0125 0.14057971014492754 0.03333333333333333
0 0.9108695652173913 0.15416666666666667 0.1391304347826087 0.028333333333333332
0 0.9108695652173913 0.13291666666666666 0.2028985507246377 0.01125
0 0.9115942028985508 0.11625 0.29347826086956524 0.01125
0 0.9123188405797101 0.09083333333333334 0.06739130434782609 0.01375
0 0.9159420289855073 0.3070833333333333 0.1282608695652174 0.028333333333333332
0 0.9166666666666666 0.26 0.07681159420289856 0.014166666666666666
0 0.9173913043478261 0.28625 0.49927536231884057 0.01125
0 1.3398550724637681 0.15416666666666667 0.1463768115942029 0.028333333333333332
0 1.3405797101449275 0.09083333333333334 0.07318840579710145 0.01375
0 1.3413043478260869 0.13291666666666666 0.2579710144927536 0.01125
0 1.3413043478260869 0.11625 0.286231884057971 0.01125
