0 0.04420289855072464 0.0125 0.1536231884057971 0.03333333333333333
0 0.05144927536231884 0.4270833333333333 0.14057971014492754 0.028333333333333332
0 0.05144927536231884 0.3804166666666667 0.06521739130434782 0.01375
0 0.05144927536231884 0.29041666666666666 0.1355072463768116 0.028333333333333332
0 0.05144927536231884 0.24375 0.05652173913043478 0.010833333333333334
0 0.05144927536231884 0.15416666666666667 0.16666666666666666 0.028333333333333332
0 0.05144927536231884 0.13291666666666666 0.2391304347826087 0.01125
0 0.05217391304347826 0.4058333333333333 0.527536231884058 0.01125
0 0.05217391304347826 0.26958333333333334 0.5181159420289855 0.01125
0 0.05217391304347826 0.11625 0.31956521739130433 0.01125
0 0.05217391304347826 0.09041666666666667 0.07173913043478261 0.014166666666666666
0 0.21521739130434783 0.0125 0.14855072463768115 0.03333333333333333
0 0.48043478260869565 0.13291666666666666 0.17173913043478262 0.01125
0 0.4811594202898551 0.15416666666666667 0.13043478260869565 0.028333333333333332
0 0.4811594202898551 0.11625 0.3384057971014493 0.01125
0 0.4826086956521739 0.09083333333333334 0.07173913043478261 0.01375
0 0.9108695652173913 0.15416666666666667 0.1608695652173913 0.028333333333333332
0 0.9108695652173913 0.13291666666666666 0.3427536231884058 0.01125
0 0.9108695652173913 0.11625 0.2036231884057971 0.01125
0 0.9108695652173913 0.09083333333333334 0.06231884057971015 0.01125
0 0.9159420289855073 0.29041666666666666 0.12246376811594203 0.028333333333333332
0 0.9166666666666666 0.26958333333333334 0.5514492753623188 0.01125
0 0.9181159420289855 0.24375 0.06739130434782609 0.01375
0 1.3398550724637681 0.15416666666666667 0.1492753623188406 0.028333333333333332
0 1.3398550724637681 0.13291666666666666 0.22753623188405797 0.01125
0 1.3405797101449275 0.11625 0.29057971014492756 0.01125
0 1.3420289855072465 0.09083333333333334 0.07608695652173914 0.01375
