0 0.04420289855072464 0.0125 0.15 0.03333333333333333
0 0.05144927536231884 0.4270833333333333 0.1471014492753623 0.028333333333333332
0 0.05144927536231884 0.4058333333333333 0.4920289855072464 0.01125
0 0.05144927536231884 0.29041666666666666 0.15 0.028333333333333332
0 0.05144927536231884 0.15416666666666667 0.1463768115942029 0.028333333333333332
0 0.05144927536231884 0.11625 0.3072463768115942 0.01125
0 0.05144927536231884 0.09083333333333334 0.06739130434782609 0.01375
0 0.05217391304347826 0.26958333333333334 0.5398550724637681 0.01125
0 0.05217391304347826 0.13291666666666666 0.23768115942028986 0.01125
0 0.05289855072463768 0.3804166666666667 0.06376811594202898 0.01375
0 0.05289855072463768 0.24375 0.0782608695652174 0.01375
0 0.21159420289855072 0.0125 0.14565217391304347 0.03333333333333333
0 0.4811594202898551 0.15416666666666667 0.14855072463768115 0.028333333333333332
0 0.4811594202898551 0.11625 0.3239130434782609 0.01125
0 0.48188405797101447 0.13291666666666666 0.17608695652173914 0.01125
0 0.4826086956521739 0.09083333333333334 0.06956521739130435 0.01375
0 0.9108695652173913 0.15416666666666667 0.12753623188405797 0.028333333333333332
0 0.9108695652173913 0.13291666666666666 0.1934782608695652 0.01125
0 0.9108695652173913 0.11625 0.34782608695652173 0.01125
0 0.9123188405797101 0.09083333333333334 0.07391304347826087 0.01375
0 0.9159420289855073 0.29041666666666666 0.1398550724637681 0.028333333333333332
0 0.9166666666666666 0.26958333333333334 0.5195652173913043 0.01125
0 0.9173913043478261 0.24333333333333335 0.10144927536231885 0.012083333333333333
0 1.3398550724637681 0.15416666666666667 0.13695652173913042 0.028333333333333332
0 1.3398550724637681 0.13291666666666666 0.19492753623188405 0.01125
0 1.3413043478260869 0.11625 0.32028985507246377 0.01125
0 1.3420289855072465 0.09083333333333334 0.07391304347826087 0.01125
