0 0.04420289855072464 0.0125 0.1427536231884058 0.03333333333333333
0 0.05144927536231884 0.3070833333333333 0.13260869565217392 0.028333333333333332
0 0.05144927536231884 0.15416666666666667 0.1565217391304348 0.028333333333333332
0 0.05217391304347826 0.28625 0.5492753623188406 0.01125
0 0.05217391304347826 0.13291666666666666 0.2594202898550725 0.01125
0 0.05217391304347826 0.11625 0.27246376811594203 0.01125
0 0.05289855072463768 0.2604166666666667 0.08333333333333333 0.010833333333333334
0 0.05289855072463768 0.09083333333333334 0.06884057971014493 0.01375
0 0.20434782608695654 0.0125 0.1492753623188406 0.03333333333333333
0 0.3710144927536232 0.0125 0.1427536231884058 0.03333333333333333
0 0.4811594202898551 0.15416666666666667 0.13768115942028986 0.028333333333333332
0 0.4811594202898551 0.09083333333333334 0.07318840579710145 0.010833333333333334
0 0.48188405797101447 0.13291666666666666 0.16014492753623188 0.01125
0 0.48188405797101447 0.11625 0.34202898550724636 0.01125
0 0.5311594202898551 0.0125 0.1463768115942029 0.03333333333333333
0 0.6949275362318841 0.0125 0.14130434782608695 0.03333333333333333
0 0.9101449275362319 0.09083333333333334 0.06231884057971015 0.010833333333333334
0 0.9108695652173913 0.15416666666666667 0.13260869565217392 0.028333333333333332
0 0.9115942028985508 0.13291666666666666 0.23115942028985506 0.01125
0 0.9115942028985508 0.11625 0.3079710144927536 0.01125
0 0.9159420289855073 0.3070833333333333 0.13405797101449277 0.028333333333333332
0 0.9159420289855073 0.2604166666666667 0.04927536231884058 0.010833333333333334
0 0.9166666666666666 0.28625 0.5565217391304348 0.01125
0 1.3398550724637681 0.17083333333333334 0.1282608695652174 0.028333333333333332
0 1.3405797101449275 0.14958333333333335 0.07971014492753623 0.00875
0 1.3405797101449275 0.11625 0.16304347826086957 0.01125
0 1.3413043478260869 0.13291666666666666 0.2673913043478261 0.01125
0 1.3420289855072465 0.09083333333333334 0.07753623188405798 0.01375
