0 0.04420289855072464 0.0125 0.15217391304347827 0.03333333333333333
0 0.05144927536231884 0.4270833333333333 0.1282608695652174 0.028333333333333332
0 0.05144927536231884 0.27375 0.13478260869565217 0.028333333333333332
0 0.05144927536231884 0.2529166666666667 0.5166666666666667 0.01125
0 0.05144927536231884 0.1375 0.14492753623188406 0.028333333333333332
0 0.05144927536231884 0.11625 0.505072463768116 0.01125
0 0.05217391304347826 0.4058333333333333 0.2108695652173913 0.01125
0 0.05217391304347826 0.09041666666666667 0.0782608695652174 0.014166666666666666
0 0.05289855072463768 0.38916666666666666 0.3007246376811594 0.01125
0 0.05289855072463768 0.36375 0.06739130434782609 0.01375
0 0.05289855072463768 0.22708333333333333 0.07246376811594203 0.01375
0 0.213768115942029 0.0125 0.15289855072463768 0.03333333333333333
0 0.38405797101449274 0.0125 0.16231884057971013 0.03333333333333333
0 0.4811594202898551 0.4270833333333333 0.13260869565217392 0.028333333333333332
0 0.48188405797101447 0.4058333333333333 0.2514492753623188 0.01125
0 0.48188405797101447 0.38916666666666666 0.26304347826086955 0.01125
0 0.4826086956521739 0.36375 0.07608695652173914 0.01375
0 0.9101449275362319 0.36375 0.06811594202898551 0.01375
0 0.9108695652173913 0.4270833333333333 0.14130434782608695 0.028333333333333332
0 0.9115942028985508 0.4058333333333333 0.21811594202898552 0.01125
0 0.9115942028985508 0.38916666666666666 0.32028985507246377 0.01125
0 0.9159420289855073 0.1375 0.1289855072463768 0.028333333333333332
0 0.9166666666666666 0.09083333333333334 0.06521739130434782 0.01375
0 0.9173913043478261 0.11625 0.5413043478260869 0.01125
0 1.3398550724637681 0.4270833333333333 0.13043478260869565 0.028333333333333332
0 1.3398550724637681 0.38916666666666666 0.33405797101449275 0.01125
0 1.3398550724637681 0.36375 0.06666666666666667 0.01375
0 1.3413043478260869 0.4058333333333333 0.1934782608695652 0.01125
