0 0.04420289855072464 0.0125 0.14202898550724638 0.03333333333333333
0 0.05144927536231884 0.4270833333333333 0.13768115942028986 0.028333333333333332
0 0.05144927536231884 0.29041666666666666 0.14202898550724638 0.028333333333333332
0 0.05144927536231884 0.15416666666666667 0.14492753623188406 0.028333333333333332
0 0.05144927536231884 0.13291666666666666 0.1826086956521739 0.01125
0 0.05144927536231884 0.09083333333333334 0.07391304347826087 0.01375
0 0.05217391304347826 0.4058333333333333 0.5021739130434782 0.01125
0 0.05217391304347826 0.3804166666666667 0.07753623188405798 0.01375
0 0.05289855072463768 0.26958333333333334 0.5666666666666667 0.01125
0 0.05289855072463768 0.24375 0.07101449275362319 0.01375
0 0.05289855072463768 0.11625 0.33695652173913043 0.01125
0 0.2036231884057971 0.0125 0.1572463768115942 0.03333333333333333
0 0.4811594202898551 0.15416666666666667 0.1471014492753623 0.028333333333333332
0 0.4811594202898551 0.11625 0.31666666666666665 0.01125
0 0.48188405797101447 0.13291666666666666 0.2072463768115942 0.01125
0 0.4826086956521739 0.09083333333333334 0.0746376811594203 0.010833333333333334
0 0.9101449275362319 0.09083333333333334 0.07753623188405798 0.01375
0 0.9108695652173913 0.15416666666666667 0.13405797101449277 0.028333333333333332
0 0.9108695652173913 0.11625 0.3181159420289855 0.01125
0 0.9115942028985508 0.13291666666666666 0.2 0.01125
0 0.9159420289855073 0.29041666666666666 0.1427536231884058 0.028333333333333332
0 0.9173913043478261 0.26958333333333334 0.532608695652174 0.01125
0 0.9181159420289855 0.24375 0.08115942028985507 0.01375
0 1.3398550724637681 0.15416666666666667 0.14492753623188406 0.028333333333333332
0 1.3398550724637681 0.13291666666666666 0.25507246376811593 0.01125
0 1.3398550724637681 0.11625 0.26159420289855073 0.01125
0 1.3420289855072465 0.09083333333333334 0.07971014492753623 0.01375
