0 0.04420289855072464 0.0125 0.15 0.03333333333333333
0 0.05144927536231884 0.4270833333333333 0.15072463768115943 0.028333333333333332
0 0.05144927536231884 0.29041666666666666 0.12753623188405797 0.028333333333333332
0 0.05144927536231884 0.15416666666666667 0.13333333333333333 0.028333333333333332
0 0.05217391304347826 0.26958333333333334 0.5826086956521739 0.01125
0 0.05217391304347826 0.13291666666666666 0.25869565217391305 0.01125
0 0.05217391304347826 0.11625 0.30217391304347824 0.01125
0 0.05217391304347826 0.09041666666666667 0.07536231884057971 0.014166666666666666
0 0.05289855072463768 0.4058333333333333 0.5079710144927536 0.01125
0 0.05289855072463768 0.3804166666666667 0.07391304347826087 0.01375
0 0.05289855072463768 0.24375 0.06594202898550725 0.010833333333333334
0 0.05507246376811594 0.09375 0.017391304347826087 0.004166666666666667
0 0.21159420289855072 0.0125 0.14057971014492754 0.03333333333333333
0 0.3695652173913043 0.0125 0.1471014492753623 0.03333333333333333
0 0.48043478260869565 0.13291666666666666 0.17318840579710146 0.01125
0 0.48043478260869565 0.11625 0.31666666666666665 0.01125
0 0.48043478260869565 0.09083333333333334 0.06739130434782609 0.01375
0 0.4811594202898551 0.15416666666666667 0.1572463768115942 0.028333333333333332
0 0.5340579710144927 0.0125 0.15 0.03333333333333333
0 0.9101449275362319 0.13291666666666666 0.33768115942028987 0.01125
0 0.9101449275362319 0.09083333333333334 0.06956521739130435 0.010833333333333334
0 0.9108695652173913 0.15416666666666667 0.13478260869565217 0.028333333333333332
0 0.9108695652173913 0.11625 0.21521739130434783 0.01125
0 0.9159420289855073 0.29041666666666666 0.15217391304347827 0.028333333333333332
0 0.9166666666666666 0.24375 0.07246376811594203 0.01375
0 0.9173913043478261 0.26958333333333334 0.5130434782608696 0.01125
0 1.3398550724637681 0.15416666666666667 0.1246376811594203 0.028333333333333332
0 1.3405797101449275 0.13291666666666666 0.33768115942028987 0.01125
0 1.3405797101449275 0.11625 0.2108695652173913 0.01125
0 1.3420289855072465 0.09083333333333334 0.07608695652173914 0.01375
