0 0.04420289855072464 0.0125 0.1536231884057971 0.03333333333333333
0 0.05144927536231884 0.32375 0.13840579710144926 0.028333333333333332
0 0.05144927536231884 0.2604166666666667 0.0644927536231884 0.010833333333333334
0 0.05144927536231884 0.17083333333333334 0.1355072463768116 0.028333333333333332
0 0.05144927536231884 0.13291666666666666 0.3355072463768116 0.01125
0 0.05217391304347826 0.30291666666666667 0.1673913043478261 0.01125
0 0.05217391304347826 0.28625 0.3108695652173913 0.01125
0 0.05217391304347826 0.14958333333333335 0.1681159420289855 0.01125
0 0.05217391304347826 0.11625 0.04782608695652174 0.00875
0 0.05289855072463768 0.09083333333333334 0.08115942028985507 0.010833333333333334
0 0.21521739130434783 0.0125 0.14782608695652175 0.03333333333333333
0 0.4811594202898551 0.32375 0.14202898550724638 0.028333333333333332
0 0.4811594202898551 0.30291666666666667 0.25 0.01125
0 0.4811594202898551 0.15416666666666667 0.13695652173913042 0.028333333333333332
0 0.4811594202898551 0.11625 0.33405797101449275 0.01125
0 0.48188405797101447 0.28625 0.3079710144927536 0.01125
0 0.48188405797101447 0.13291666666666666 0.1934782608695652 0.01125
0 0.48188405797101447 0.09041666666666667 0.059420289855072465 0.014166666666666666
0 0.4826086956521739 0.2604166666666667 0.0746376811594203 0.01375
0 0.9101449275362319 0.11625 0.29637681159420287 0.01125
0 0.9101449275362319 0.09083333333333334 0.06739130434782609 0.01375
0 0.9108695652173913 0.32375 0.13768115942028986 0.028333333333333332
0 0.9108695652173913 0.30291666666666667 0.21739130434782608 0.01125
0 0.9108695652173913 0.15416666666666667 0.14130434782608695 0.028333333333333332
0 0.9115942028985508 0.28625 0.3289855072463768 0.01125
0 0.9115942028985508 0.13291666666666666 0.23840579710144927 0.01125
0 0.9123188405797101 0.2604166666666667 0.06884057971014493 0.010833333333333334
0 1.3398550724637681 0.32375 0.13115942028985508 0.028333333333333332
0 1.3398550724637681 0.2604166666666667 0.06666666666666667 0.01375
0 1.3398550724637681 0.15416666666666667 0.13768115942028986 0.028333333333333332
0 1.3398550724637681 0.13291666666666666 0.1782608695652174 0.01125
0 1.3405797101449275 0.09083333333333334 0.0536231884057971 0.010833333333333334
0 1.3413043478260869 0.30291666666666667 0.21739130434782608 0.01125
0 1.3413043478260869 0.28625 0.32318840579710145 0.01125
0 1.3413043478260869 0.11625 0.3391304347826087 0.01125
