0 0.04420289855072464 0.0125 0.1463768115942029 0.03333333333333333
0 0.05144927536231884 0.4270833333333333 0.13260869565217392 0.028333333333333332
0 0.05144927536231884 0.29041666666666666 0.1492753623188406 0.028333333333333332
0 0.05144927536231884 0.22708333333333333 0.07753623188405798 0.01375
0 0.05144927536231884 0.1375 0.1318840579710145 0.028333333333333332
0 0.05217391304347826 0.4058333333333333 0.5405797101449276 0.01125
0 0.05217391304347826 0.26958333333333334 0.2318840579710145 0.01125
0 0.05217391304347826 0.2529166666666667 0.3094202898550725 0.01125
0 0.05217391304347826 0.11625 0.5217391304347826 0.01125
0 0.05289855072463768 0.3804166666666667 0.07898550724637682 0.01375
0 0.05289855072463768 0.09083333333333334 0.07898550724637682 0.01375
0 0.20797101449275363 0.0125 0.16594202898550725 0.03333333333333333
0 0.391304347826087 0.0125 0.15869565217391304 0.03333333333333333
0 0.4811594202898551 0.29041666666666666 0.14130434782608695 0.028333333333333332
0 0.48188405797101447 0.26958333333333334 0.25072463768115943 0.01125
0 0.48188405797101447 0.2529166666666667 0.26811594202898553 0.01125
0 0.4826086956521739 0.22708333333333333 0.06376811594202898 0.010833333333333334
0 0.5673913043478261 0.0125 0.14855072463768115 0.03333333333333333
0 0.7333333333333333 0.0125 0.1572463768115942 0.03333333333333333
0 0.9108695652173913 0.29041666666666666 0.14130434782608695 0.028333333333333332
0 0.9115942028985508 0.26958333333333334 0.2543478260869565 0.01125
0 0.9115942028985508 0.2529166666666667 0.3065217391304348 0.01125
0 0.9123188405797101 0.22708333333333333 0.07028985507246377 0.010833333333333334
0 0.9159420289855073 0.4270833333333333 0.15289855072463768 0.028333333333333332
0 0.9166666666666666 0.4058333333333333 0.5369565217391304 0.01125
0 0.9181159420289855 0.3804166666666667 0.07173913043478261 0.01375
0 1.3398550724637681 0.29041666666666666 0.13260869565217392 0.028333333333333332
0 1.3398550724637681 0.2529166666666667 0.23695652173913043 0.01125
0 1.3405797101449275 0.26958333333333334 0.2891304347826087 0.01125
0 1.3420289855072465 0.22708333333333333 0.0572463768115942 0.01375
