0 0.04420289855072464 0.0125 0.15869565217391304 0.03333333333333333
0 0.05144927536231884 0.29041666666666666 0.14347826086956522 0.028333333333333332
0 0.05144927536231884 0.2529166666666667 0.31521739130434784 0.01125
0 0.05144927536231884 0.1375 0.13333333333333333 0.028333333333333332
0 0.05144927536231884 0.11625 0.5456521739130434 0.01125
0 0.05144927536231884 0.09083333333333334 0.07101449275362319 0.010833333333333334
0 0.05217391304347826 0.26958333333333334 0.2036231884057971 0.01125
0 0.05217391304347826 0.22666666666666666 0.07173913043478261 0.014166666666666666
0 0.22028985507246376 0.0125 0.14202898550724638 0.03333333333333333
0 0.37971014492753624 0.0125 0.1608695652173913 0.03333333333333333
0 0.4811594202898551 0.3070833333333333 0.1355072463768116 0.028333333333333332
0 0.4811594202898551 0.26958333333333334 0.3347826086956522 0.01125
0 0.4811594202898551 0.22708333333333333 0.07028985507246377 0.01375
0 0.48188405797101447 0.28875 0.021739130434782608 0.00625
0 0.48188405797101447 0.2529166666666667 0.16014492753623188 0.01125
0 0.5579710144927537 0.0125 0.1391304347826087 0.03333333333333333
0 0.9108695652173913 0.29041666666666666 0.1471014492753623 0.028333333333333332
0 0.9108695652173913 0.26958333333333334 0.1927536231884058 0.01125
0 0.9108695652173913 0.2529166666666667 0.3463768115942029 0.01125
0 0.9123188405797101 0.22708333333333333 0.06666666666666667 0.01375
0 0.9159420289855073 0.1375 0.14347826086956522 0.028333333333333332
0 0.9166666666666666 0.11625 0.5253623188405797 0.01125
0 0.9173913043478261 0.09041666666666667 0.07608695652173914 0.014166666666666666
0 0.9202898550724637 0.09416666666666666 0.016666666666666666 0.00375
0 1.3398550724637681 0.3070833333333333 0.1282608695652174 0.028333333333333332
0 1.3405797101449275 0.28625 0.08478260869565217 0.00875
0 1.3405797101449275 0.2529166666666667 0.08695652173913043 0.01125
0 1.3413043478260869 0.26958333333333334 0.377536231884058 0.01125
0 1.3420289855072465 0.22708333333333333 0.07101449275362319 0.01375
