0 0.04420289855072464 0.0125 0.14347826086956522 0.03333333333333333
0 0.05144927536231884 0.4270833333333333 0.13695652173913042 0.028333333333333332
0 0.05144927536231884 0.3804166666666667 0.07318840579710145 0.01125
0 0.05144927536231884 0.29041666666666666 0.11666666666666667 0.028333333333333332
0 0.05144927536231884 0.15416666666666667 0.1391304347826087 0.028333333333333332
0 0.05217391304347826 0.4058333333333333 0.5826086956521739 0.01125
0 0.05217391304347826 0.26958333333333334 0.5463768115942029 0.01125
0 0.05217391304347826 0.13291666666666666 0.2608695652173913 0.01125
0 0.05217391304347826 0.11625 0.2782608695652174 0.01125
0 0.05217391304347826 0.09041666666666667 0.06159420289855073 0.014166666666666666
0 0.05289855072463768 0.24375 0.06666666666666667 0.010833333333333334
0 0.20507246376811594 0.0125 0.16666666666666666 0.03333333333333333
0 0.4811594202898551 0.15416666666666667 0.14202898550724638 0.028333333333333332
0 0.4811594202898551 0.13291666666666666 0.2768115942028985 0.01125
0 0.4811594202898551 0.11625 0.2826086956521739 0.01125
0 0.4826086956521739 0.09083333333333334 0.07536231884057971 0.01375
0 0.9101449275362319 0.09083333333333334 0.07391304347826087 0.01375
0 0.9108695652173913 0.15416666666666667 0.12971014492753624 0.028333333333333332
0 0.9108695652173913 0.11625 0.3159420289855073 0.01125
0 0.9115942028985508 0.13291666666666666 0.27391304347826084 0.01125
0 0.9159420289855073 0.4270833333333333 0.1391304347826087 0.028333333333333332
0 0.9166666666666666 0.4058333333333333 0.5340579710144927 0.01125
0 0.9181159420289855 0.3804166666666667 0.04782608695652174 0.010833333333333334
0 1.3398550724637681 0.15416666666666667 0.12028985507246377 0.028333333333333332
0 1.3413043478260869 0.13291666666666666 0.2746376811594203 0.01125
0 1.3413043478260869 0.11625 0.3 0.01125
0 1.3420289855072465 0.09083333333333334 0.07173913043478261 0.01375
