0 0.04420289855072464 0.0125 0.1608695652173913 0.03333333333333333
0 0.05144927536231884 0.4270833333333333 0.1318840579710145 0.028333333333333332
0 0.05144927536231884 0.27375 0.1398550724637681 0.028333333333333332
0 0.05144927536231884 0.2529166666666667 0.5391304347826087 0.01125
0 0.05144927536231884 0.1375 0.13695652173913042 0.028333333333333332
0 0.05217391304347826 0.22666666666666666 0.08985507246376812 0.011666666666666667
0 0.05217391304347826 0.11625 0.5630434782608695 0.01125
0 0.05217391304347826 0.09041666666666667 0.07101449275362319 0.012083333333333333
0 0.05289855072463768 0.4058333333333333 0.22826086956521738 0.01125
0 0.05289855072463768 0.38916666666666666 0.2876811594202899 0.01125
0 0.05289855072463768 0.36375 0.07318840579710145 0.010833333333333334
0 0.22246376811594204 0.0125 0.14420289855072463 0.03333333333333333
0 0.4811594202898551 0.4270833333333333 0.14130434782608695 0.028333333333333332
0 0.4811594202898551 0.4058333333333333 0.15869565217391304 0.01125
0 0.4811594202898551 0.38916666666666666 0.3427536231884058 0.01125
0 0.4811594202898551 0.36375 0.05652173913043478 0.01375
0 0.9101449275362319 0.38916666666666666 0.1746376811594203 0.01125
0 0.9108695652173913 0.4270833333333333 0.14492753623188406 0.028333333333333332
0 0.9108695652173913 0.4058333333333333 0.34202898550724636 0.01125
0 0.9123188405797101 0.36375 0.0746376811594203 0.01375
0 0.9159420289855073 0.1375 0.13260869565217392 0.028333333333333332
0 0.9173913043478261 0.11625 0.5311594202898551 0.01125
0 0.9181159420289855 0.09083333333333334 0.09347826086956522 0.01375
0 1.3398550724637681 0.4270833333333333 0.13623188405797101 0.028333333333333332
0 1.3398550724637681 0.38916666666666666 0.17391304347826086 0.01125
0 1.3398550724637681 0.36375 0.06086956521739131 0.01125
0 1.3413043478260869 0.4058333333333333 0.33768115942028987 0.01125
