0 0.04420289855072464 0.0125 0.1463768115942029 0.03333333333333333
0 0.05144927536231884 0.4270833333333333 0.13333333333333333 0.028333333333333332
0 0.05144927536231884 0.27375 0.15507246376811595 0.028333333333333332
0 0.05144927536231884 0.1375 0.1391304347826087 0.028333333333333332
0 0.05217391304347826 0.4058333333333333 0.20579710144927535 0.01125
0 0.05217391304347826 0.22666666666666666 0.07246376811594203 0.011666666666666667
0 0.05217391304347826 0.11625 0.518840579710145 0.01125
0 0.05217391304347826 0.09041666666666667 0.06304347826086956 0.014166666666666666
0 0.05289855072463768 0.38916666666666666 0.3181159420289855 0.01125
0 0.05289855072463768 0.36375 0.05217391304347826 0.010833333333333334
0 0.05289855072463768 0.2529166666666667 0.5463768115942029 0.01125
0 0.20797101449275363 0.0125 0.14347826086956522 0.03333333333333333
0 0.4811594202898551 0.4270833333333333 0.15 0.028333333333333332
0 0.4811594202898551 0.38916666666666666 0.3333333333333333 0.01125
0 0.4811594202898551 0.36375 0.05434782608695652 0.01375
0 0.48188405797101447 0.4058333333333333 0.22536231884057972 0.01125
0 0.9108695652173913 0.4270833333333333 0.14347826086956522 0.028333333333333332
0 0.9108695652173913 0.38916666666666666 0.23405797101449274 0.01125
0 0.9108695652173913 0.36375 0.06231884057971015 0.01125
0 0.9115942028985508 0.4058333333333333 0.2956521739130435 0.01125
0 0.9159420289855073 0.27375 0.15144927536231884 0.028333333333333332
0 0.9166666666666666 0.2529166666666667 0.5340579710144927 0.01125
0 0.9173913043478261 0.22666666666666666 0.07536231884057971 0.014166666666666666
0 1.3398550724637681 0.4270833333333333 0.15507246376811595 0.028333333333333332
0 1.3398550724637681 0.38916666666666666 0.2528985507246377 0.01125
0 1.3398550724637681 0.36375 0.06811594202898551 0.01375
0 1.3405797101449275 0.4058333333333333 0.31231884057971016 0.01125
