0 0.04420289855072464 0.0125 0.14492753623188406 0.03333333333333333
0 0.050724637681159424 0.2529166666666667 0.34130434782608693 0.01125
0 0.05144927536231884 0.4270833333333333 0.14347826086956522 0.028333333333333332
0 0.05144927536231884 0.4058333333333333 0.5304347826086957 0.01125
0 0.05144927536231884 0.3804166666666667 0.06666666666666667 0.01375
0 0.05144927536231884 0.29041666666666666 0.13623188405797101 0.028333333333333332
0 0.05144927536231884 0.1375 0.12318840579710146 0.028333333333333332
0 0.05144927536231884 0.11625 0.5398550724637681 0.01125
0 0.05217391304347826 0.26958333333333334 0.20144927536231885 0.01125
0 0.05289855072463768 0.22708333333333333 0.06739130434782609 0.01375
0 0.05289855072463768 0.09083333333333334 0.07608695652173914 0.01375
0 0.20652173913043478 0.0125 0.1572463768115942 0.03333333333333333
0 0.38115942028985506 0.0125 0.14492753623188406 0.03333333333333333
0 0.4811594202898551 0.29041666666666666 0.1282608695652174 0.028333333333333332
0 0.4811594202898551 0.26958333333333334 0.2072463768115942 0.01125
0 0.48188405797101447 0.2529166666666667 0.3188405797101449 0.01125
0 0.4826086956521739 0.22708333333333333 0.059420289855072465 0.01375
0 0.5434782608695652 0.0125 0.13840579710144926 0.03333333333333333
0 0.6992753623188406 0.0125 0.1463768115942029 0.03333333333333333
0 0.9108695652173913 0.29041666666666666 0.14492753623188406 0.028333333333333332
0 0.9108695652173913 0.26958333333333334 0.32971014492753625 0.01125
0 0.9115942028985508 0.2529166666666667 0.20144927536231885 0.01125
0 0.9123188405797101 0.22708333333333333 0.05652173913043478 0.010833333333333334
0 0.9159420289855073 0.1375 0.13623188405797101 0.028333333333333332
0 0.9166666666666666 0.09083333333333334 0.06666666666666667 0.01125
0 0.9173913043478261 0.11625 0.5043478260869565 0.01125
0 1.3398550724637681 0.29041666666666666 0.1318840579710145 0.028333333333333332
0 1.3405797101449275 0.26958333333333334 0.25 0.01125
0 1.3405797101449275 0.2529166666666667 0.2811594202898551 0.01125
0 1.3420289855072465 0.22708333333333333 0.07391304347826087 0.01125
