0 0.04420289855072464 0.0125 0.14855072463768115 0.03333333333333333
0 0.05144927536231884 0.3070833333333333 0.12681159420289856 0.028333333333333332
0 0.05144927536231884 0.15416666666666667 0.1427536231884058 0.028333333333333332
0 0.05217391304347826 0.28625 0.5318840579710145 0.01125
0 0.05217391304347826 0.13291666666666666 0.3442028985507246 0.01125
0 0.05217391304347826 0.11625 0.18840579710144928 0.00875
0 0.05217391304347826 0.09041666666666667 0.0746376811594203 0.014166666666666666
0 0.05289855072463768 0.2604166666666667 0.07536231884057971 0.010833333333333334
0 0.21014492753623187 0.0125 0.15434782608695652 0.03333333333333333
0 0.48043478260869565 0.11625 0.2289855072463768 0.01125
0 0.4811594202898551 0.15416666666666667 0.14202898550724638 0.028333333333333332
0 0.4811594202898551 0.13291666666666666 0.2688405797101449 0.01125
0 0.4826086956521739 0.09083333333333334 0.07681159420289856 0.01375
0 0.9108695652173913 0.17083333333333334 0.14855072463768115 0.028333333333333332
0 0.9108695652173913 0.14958333333333335 0.14347826086956522 0.01125
0 0.9108695652173913 0.13291666666666666 0.24347826086956523 0.01125
0 0.9108695652173913 0.09083333333333334 0.06304347826086956 0.010833333333333334
0 0.9115942028985508 0.11625 0.13623188405797101 0.01125
0 1.3398550724637681 0.15416666666666667 0.13478260869565217 0.028333333333333332
0 1.3405797101449275 0.13291666666666666 0.2072463768115942 0.01125
0 1.3405797101449275 0.11625 0.3036231884057971 0.01125
0 1.3420289855072465 0.09083333333333334 0.06811594202898551 0.01375
