0 0.04420289855072464 0.0125 0.14347826086956522 0.03333333333333333
0 0.05144927536231884 0.41041666666666665 0.13840579710144926 0.028333333333333332
0 0.05144927536231884 0.27375 0.1463768115942029 0.028333333333333332
0 0.05144927536231884 0.1375 0.15797101449275364 0.028333333333333332
0 0.05144927536231884 0.09083333333333334 0.06304347826086956 0.010833333333333334
0 0.05217391304347826 0.2529166666666667 0.5318840579710145 0.01125
0 0.05217391304347826 0.11625 0.5528985507246377 0.01125
0 0.05289855072463768 0.38916666666666666 0.5369565217391304 0.01125
0 0.05289855072463768 0.36375 0.04782608695652174 0.01375
0 0.05289855072463768 0.22708333333333333 0.05434782608695652 0.010833333333333334
0 0.20507246376811594 0.0125 0.1282608695652174 0.03333333333333333
0 0.9159420289855073 0.41041666666666665 0.13768115942028986 0.028333333333333332
0 0.9159420289855073 0.1375 0.16159420289855073 0.028333333333333332
0 0.9159420289855073 0.11625 0.5043478260869565 0.01125
0 0.9166666666666666 0.38916666666666666 0.5268115942028986 0.01125
0 0.9166666666666666 0.36333333333333334 0.06304347826086956 0.011666666666666667
0 0.9173913043478261 0.09041666666666667 0.07391304347826087 0.014166666666666666
