0 0.04420289855072464 0.0125 0.14202898550724638 0.03333333333333333
0 0.05144927536231884 0.4270833333333333 0.12101449275362319 0.028333333333333332
0 0.05144927536231884 0.36375 0.0746376811594203 0.010833333333333334
0 0.05144927536231884 0.27375 0.13405797101449277 0.028333333333333332
0 0.05144927536231884 0.2529166666666667 0.5333333333333333 0.01125
0 0.05144927536231884 0.1375 0.15942028985507245 0.028333333333333332
0 0.05144927536231884 0.11625 0.5405797101449276 0.01125
0 0.05144927536231884 0.09083333333333334 0.06811594202898551 0.010833333333333334
0 0.05289855072463768 0.4058333333333333 0.2847826086956522 0.01125
0 0.05289855072463768 0.38916666666666666 0.263768115942029 0.01125
0 0.05289855072463768 0.22708333333333333 0.07028985507246377 0.01375
0 0.06739130434782609 0.09083333333333334 0.015942028985507246 0.0033333333333333335
0 0.2036231884057971 0.0125 0.15869565217391304 0.03333333333333333
0 0.4811594202898551 0.4270833333333333 0.13043478260869565 0.028333333333333332
0 0.4811594202898551 0.38916666666666666 0.35507246376811596 0.01125
0 0.48188405797101447 0.4058333333333333 0.22971014492753622 0.01125
0 0.4826086956521739 0.36375 0.060144927536231886 0.010833333333333334
0 0.9108695652173913 0.4270833333333333 0.12753623188405797 0.028333333333333332
0 0.9108695652173913 0.4058333333333333 0.24492753623188407 0.01125
0 0.9115942028985508 0.38916666666666666 0.3101449275362319 0.01125
0 0.9123188405797101 0.36375 0.06521739130434782 0.010833333333333334
0 0.9159420289855073 0.27375 0.15 0.028333333333333332
0 0.9159420289855073 0.2529166666666667 0.5239130434782608 0.01125
0 0.9181159420289855 0.22708333333333333 0.06666666666666667 0.01375
0 1.3398550724637681 0.4270833333333333 0.15797101449275364 0.028333333333333332
0 1.3398550724637681 0.4058333333333333 0.34855072463768116 0.01125
0 1.3413043478260869 0.38916666666666666 0.17681159420289855 0.01125
0 1.3420289855072465 0.36375 0.06666666666666667 0.01125
