0 0.04420289855072464 0.0125 0.14202898550724638 0.03333333333333333
0 0.05144927536231884 0.4270833333333333 0.14057971014492754 0.028333333333333332
0 0.05144927536231884 0.29041666666666666 0.1355072463768116 0.028333333333333332
0 0.05144927536231884 0.24375 0.08115942028985507 0.01375
0 0.05144927536231884 0.15416666666666667 0.14782608695652175 0.028333333333333332
0 0.05144927536231884 0.11625 0.2811594202898551 0.01125
0 0.05217391304347826 0.13291666666666666 0.23623188405797102 0.01125
0 0.05289855072463768 0.4058333333333333 0.5369565217391304 0.01125
0 0.05289855072463768 0.3804166666666667 0.06884057971014493 0.01375
0 0.05289855072463768 0.26958333333333334 0.5369565217391304 0.01125
0 0.05289855072463768 0.09083333333333334 0.060144927536231886 0.010833333333333334
0 0.2036231884057971 0.0125 0.13260869565217392 0.03333333333333333
0 0.3536231884057971 0.0125 0.15434782608695652 0.03333333333333333
0 0.4811594202898551 0.15416666666666667 0.12173913043478261 0.028333333333333332
0 0.4811594202898551 0.13291666666666666 0.22028985507246376 0.01125
0 0.4811594202898551 0.11625 0.32681159420289857 0.01125
0 0.4826086956521739 0.09083333333333334 0.06884057971014493 0.01125
0 0.9108695652173913 0.15416666666666667 0.12028985507246377 0.028333333333333332
0 0.9108695652173913 0.13291666666666666 0.3108695652173913 0.01125
0 0.9115942028985508 0.11625 0.28043478260869564 0.01125
0 0.9123188405797101 0.09083333333333334 0.06376811594202898 0.010833333333333334
0 0.9159420289855073 0.4270833333333333 0.1391304347826087 0.028333333333333332
0 0.9173913043478261 0.4058333333333333 0.5398550724637681 0.01125
0 0.9181159420289855 0.3804166666666667 0.06521739130434782 0.01375
0 1.3398550724637681 0.15416666666666667 0.1565217391304348 0.028333333333333332
0 1.3398550724637681 0.09083333333333334 0.06956521739130435 0.01375
0 1.3405797101449275 0.13291666666666666 0.1536231884057971 0.01125
0 1.3405797101449275 0.11625 0.33115942028985507 0.01125
