0 0.04420289855072464 0.0125 0.14130434782608695 0.03333333333333333
0 0.05144927536231884 0.4270833333333333 0.1471014492753623 0.028333333333333332
0 0.05144927536231884 0.36375 0.06739130434782609 0.010833333333333334
0 0.05144927536231884 0.27375 0.13840579710144926 0.028333333333333332
0 0.05144927536231884 0.1375 0.14492753623188406 0.028333333333333332
0 0.05217391304347826 0.4058333333333333 0.20217391304347826 0.01125
0 0.05217391304347826 0.38916666666666666 0.3333333333333333 0.01125
0 0.05217391304347826 0.2529166666666667 0.5369565217391304 0.01125
0 0.05289855072463768 0.22708333333333333 0.07028985507246377 0.010833333333333334
0 0.05289855072463768 0.11625 0.5623188405797102 0.01125
0 0.05289855072463768 0.09083333333333334 0.0746376811594203 0.01375
0 0.2028985507246377 0.0125 0.13623188405797101 0.03333333333333333
0 0.4811594202898551 0.4270833333333333 0.14855072463768115 0.028333333333333332
0 0.4811594202898551 0.4058333333333333 0.2818840579710145 0.01125
0 0.48188405797101447 0.38916666666666666 0.23333333333333334 0.01125
0 0.48188405797101447 0.36333333333333334 0.07101449275362319 0.014166666666666666
0 0.9108695652173913 0.4270833333333333 0.1492753623188406 0.028333333333333332
0 0.9108695652173913 0.38916666666666666 0.2492753623188406 0.01125
0 0.9115942028985508 0.4058333333333333 0.2847826086956522 0.01125
0 0.9123188405797101 0.36375 0.07536231884057971 0.010833333333333334
0 0.9159420289855073 0.1375 0.14492753623188406 0.028333333333333332
0 0.9166666666666666 0.11625 0.5246376811594203 0.01125
0 0.9173913043478261 0.09041666666666667 0.0746376811594203 0.011666666666666667
0 1.3398550724637681 0.4270833333333333 0.12681159420289856 0.028333333333333332
0 1.3405797101449275 0.4058333333333333 0.22536231884057972 0.01125
0 1.3405797101449275 0.38916666666666666 0.31521739130434784 0.01125
0 1.3405797101449275 0.36333333333333334 0.06739130434782609 0.014166666666666666
