0 0.04420289855072464 0.0125 0.16014492753623188 0.03333333333333333
0 0.050724637681159424 0.4225 0.5601449275362319 0.01125
0 0.05144927536231884 0.44375 0.1289855072463768 0.028333333333333332
0 0.05144927536231884 0.29041666666666666 0.1427536231884058 0.028333333333333332
0 0.05144927536231884 0.2529166666666667 0.31231884057971016 0.01125
0 0.05144927536231884 0.22708333333333333 0.07971014492753623 0.01375
0 0.05144927536231884 0.1375 0.14420289855072463 0.028333333333333332
0 0.05144927536231884 0.11625 0.5652173913043478 0.01125
0 0.05217391304347826 0.26958333333333334 0.1956521739130435 0.01125
0 0.05289855072463768 0.39708333333333334 0.07173913043478261 0.01375
0 0.05289855072463768 0.09083333333333334 0.07318840579710145 0.01375
0 0.2217391304347826 0.0125 0.14492753623188406 0.03333333333333333
0 0.38405797101449274 0.0125 0.15217391304347827 0.03333333333333333
0 0.4811594202898551 0.29041666666666666 0.12173913043478261 0.028333333333333332
0 0.4811594202898551 0.2529166666666667 0.3108695652173913 0.01125
0 0.48188405797101447 0.26958333333333334 0.2391304347826087 0.01125
0 0.4826086956521739 0.22708333333333333 0.0644927536231884 0.01375
0 0.9101449275362319 0.22708333333333333 0.07536231884057971 0.01375
0 0.9108695652173913 0.3070833333333333 0.1318840579710145 0.028333333333333332
0 0.9108695652173913 0.28625 0.21231884057971015 0.01125
0 0.9108695652173913 0.26958333333333334 0.24057971014492754 0.01125
0 0.9108695652173913 0.2529166666666667 0.13043478260869565 0.01125
0 0.9159420289855073 0.44375 0.14347826086956522 0.028333333333333332
0 0.9166666666666666 0.39666666666666667 0.058695652173913045 0.014166666666666666
0 0.9173913043478261 0.4225 0.5108695652173914 0.01125
0 1.3398550724637681 0.29041666666666666 0.15072463768115943 0.028333333333333332
0 1.3398550724637681 0.22708333333333333 0.06666666666666667 0.010833333333333334
0 1.3405797101449275 0.26958333333333334 0.3347826086956522 0.01125
0 1.3413043478260869 0.2529166666666667 0.20144927536231885 0.01125
