0 0.04420289855072464 0.0125 0.1471014492753623 0.03333333333333333
0 0.05144927536231884 0.32375 0.15144927536231884 0.028333333333333332
0 0.05144927536231884 0.30291666666666667 0.14202898550724638 0.01125
0 0.05144927536231884 0.17083333333333334 0.14347826086956522 0.028333333333333332
0 0.05144927536231884 0.14958333333333335 0.08115942028985507 0.01125
0 0.05217391304347826 0.28625 0.34202898550724636 0.01125
0 0.05217391304347826 0.2604166666666667 0.058695652173913045 0.01375
0 0.05217391304347826 0.13291666666666666 0.2753623188405797 0.01125
0 0.05217391304347826 0.11625 0.22028985507246376 0.01125
0 0.05289855072463768 0.09083333333333334 0.05289855072463768 0.010833333333333334
0 0.20869565217391303 0.0125 0.13115942028985508 0.03333333333333333
0 0.48043478260869565 0.09083333333333334 0.057971014492753624 0.01375
0 0.4811594202898551 0.32375 0.14057971014492754 0.028333333333333332
0 0.4811594202898551 0.30291666666666667 0.19202898550724637 0.01125
0 0.4811594202898551 0.28625 0.3115942028985507 0.01125
0 0.4811594202898551 0.15416666666666667 0.1398550724637681 0.028333333333333332
0 0.4811594202898551 0.13291666666666666 0.22318840579710145 0.01125
0 0.48188405797101447 0.11625 0.3101449275362319 0.01125
0 0.4826086956521739 0.2604166666666667 0.0782608695652174 0.01375
0 0.9108695652173913 0.32375 0.1398550724637681 0.028333333333333332
0 0.9108695652173913 0.15416666666666667 0.13478260869565217 0.028333333333333332
0 0.9108695652173913 0.11625 0.33043478260869563 0.01125
0 0.9115942028985508 0.30291666666666667 0.2326086956521739 0.01125
0 0.9115942028985508 0.28625 0.32753623188405795 0.01125
0 0.9115942028985508 0.13291666666666666 0.18840579710144928 0.01125
0 0.9123188405797101 0.2604166666666667 0.07536231884057971 0.010833333333333334
0 0.9123188405797101 0.09083333333333334 0.05144927536231884 0.010833333333333334
0 1.3398550724637681 0.32375 0.11304347826086956 0.028333333333333332
0 1.3398550724637681 0.15416666666666667 0.1471014492753623 0.028333333333333332
0 1.3398550724637681 0.11625 0.28043478260869564 0.01125
0 1.3405797101449275 0.30291666666666667 0.3427536231884058 0.01125
0 1.3405797101449275 0.26 0.07681159420289856 0.011666666666666667
0 1.3405797101449275 0.13291666666666666 0.22681159420289856 0.01125
0 1.3413043478260869 0.28625 0.20434782608695654 0.01125
0 1.3420289855072465 0.09083333333333334 0.06884057971014493 0.01375
