0 0.04420289855072464 0.0125 0.15 0.03333333333333333
0 0.05144927536231884 0.15416666666666667 0.13840579710144926 0.028333333333333332
0 0.05217391304347826 0.13291666666666666 0.1927536231884058 0.01125
0 0.05217391304347826 0.11625 0.32608695652173914 0.01125
0 0.05289855072463768 0.09083333333333334 0.08840579710144927 0.01375
0 0.21159420289855072 0.0125 0.16014492753623188 0.03333333333333333
0 0.38913043478260867 0.0125 0.1427536231884058 0.03333333333333333
0 0.4811594202898551 0.15416666666666667 0.14565217391304347 0.028333333333333332
0 0.4811594202898551 0.13291666666666666 0.27753623188405796 0.01125
0 0.4811594202898551 0.11625 0.2463768115942029 0.01125
0 0.48188405797101447 0.09041666666666667 0.08478260869565217 0.011666666666666667
0 0.5492753623188406 0.0125 0.15797101449275364 0.03333333333333333
0 0.9101449275362319 0.11625 0.29637681159420287 0.01125
0 0.9101449275362319 0.09083333333333334 0.06884057971014493 0.01375
0 0.9108695652173913 0.15416666666666667 0.14565217391304347 0.028333333333333332
0 0.9108695652173913 0.13291666666666666 0.19420289855072465 0.01125
0 1.3398550724637681 0.15416666666666667 0.1572463768115942 0.028333333333333332
0 1.3413043478260869 0.13291666666666666 0.3050724637681159 0.01125
0 1.3413043478260869 0.11625 0.19710144927536233 0.01125
0 1.3420289855072465 0.09083333333333334 0.07101449275362319 0.01375
