0 0.04420289855072464 0.0125 0.14565217391304347 0.03333333333333333
0 0.05144927536231884 0.1375 0.13768115942028986 0.028333333333333332
0 0.05144927536231884 0.11625 0.5043478260869565 0.01125
0 0.05144927536231884 0.09083333333333334 0.06811594202898551 0.01375
0 0.2072463768115942 0.0125 0.14782608695652175 0.03333333333333333
0 0.372463768115942 0.0125 0.13695652173913042 0.03333333333333333
0 0.5268115942028986 0.0125 0.15217391304347827 0.03333333333333333
0 0.696376811594203 0.0125 0.1398550724637681 0.03333333333333333
0 0.9159420289855073 0.1375 0.14855072463768115 0.028333333333333332
0 0.9173913043478261 0.11625 0.5847826086956521 0.01125
0 0.9181159420289855 0.09083333333333334 0.07971014492753623 0.01125
