0 0.04420289855072464 0.0125 0.16231884057971013 0.03333333333333333
0 0.05144927536231884 0.27375 0.1608695652173913 0.028333333333333332
0 0.05144927536231884 0.1375 0.14202898550724638 0.028333333333333332
0 0.05144927536231884 0.11625 0.5333333333333333 0.01125
0 0.05217391304347826 0.2529166666666667 0.5362318840579711 0.01125
0 0.05217391304347826 0.22666666666666666 0.08623188405797101 0.012083333333333333
0 0.05289855072463768 0.09083333333333334 0.05434782608695652 0.010833333333333334
0 0.22391304347826088 0.0125 0.1427536231884058 0.03333333333333333
0 0.9159420289855073 0.1375 0.14130434782608695 0.028333333333333332
0 0.9159420289855073 0.09083333333333334 0.07028985507246377 0.01375
0 0.9166666666666666 0.11625 0.5557971014492754 0.01125
