0 0.04420289855072464 0.0125 0.1572463768115942 0.03333333333333333
0 0.05144927536231884 0.4270833333333333 0.15072463768115943 0.028333333333333332
0 0.05144927536231884 0.4058333333333333 0.5347826086956522 0.01125
0 0.05144927536231884 0.29041666666666666 0.13840579710144926 0.028333333333333332
0 0.05144927536231884 0.1375 0.15217391304347827 0.028333333333333332
0 0.05217391304347826 0.11625 0.5210144927536232 0.01125
0 0.05217391304347826 0.09041666666666667 0.07971014492753623 0.014166666666666666
0 0.05289855072463768 0.3804166666666667 0.08115942028985507 0.010833333333333334
0 0.05289855072463768 0.26958333333333334 0.15144927536231884 0.01125
0 0.05289855072463768 0.2529166666666667 0.3398550724637681 0.01125
0 0.05289855072463768 0.22708333333333333 0.07391304347826087 0.01375
0 0.21884057971014492 0.0125 0.16304347826086957 0.03333333333333333
0 0.3992753623188406 0.0125 0.16231884057971013 0.03333333333333333
0 0.4811594202898551 0.29041666666666666 0.1289855072463768 0.028333333333333332
0 0.48188405797101447 0.26958333333333334 0.26956521739130435 0.01125
0 0.48188405797101447 0.2529166666666667 0.2971014492753623 0.01125
0 0.48188405797101447 0.22666666666666666 0.0644927536231884 0.014166666666666666
0 0.7630434782608696 0.51 0.2144927536231884 0.01125
0 0.9101449275362319 0.22708333333333333 0.06956521739130435 0.010833333333333334
0 0.9108695652173913 0.29041666666666666 0.15144927536231884 0.028333333333333332
0 0.9108695652173913 0.2529166666666667 0.31666666666666665 0.01125
0 0.9115942028985508 0.26958333333333334 0.17391304347826086 0.01125
0 0.9159420289855073 0.4270833333333333 0.1608695652173913 0.028333333333333332
0 0.9159420289855073 0.4058333333333333 0.5384057971014493 0.01125
0 0.9159420289855073 0.3804166666666667 0.06521739130434782 0.01375
0 1.3398550724637681 0.29041666666666666 0.13333333333333333 0.028333333333333332
0 1.3398550724637681 0.26958333333333334 0.2797101449275362 0.01125
0 1.3398550724637681 0.2529166666666667 0.23043478260869565 0.01125
0 1.3398550724637681 0.22708333333333333 0.07681159420289856 0.01375
