0 0.04420289855072464 0.0125 0.14855072463768115 0.03333333333333333
0 0.05144927536231884 0.44375 0.13260869565217392 0.028333333333333332
0 0.05144927536231884 0.39708333333333334 0.07608695652173914 0.010833333333333334
0 0.05144927536231884 0.29041666666666666 0.13768115942028986 0.028333333333333332
0 0.05144927536231884 0.26958333333333334 0.15797101449275364 0.01125
0 0.05144927536231884 0.2529166666666667 0.32318840579710145 0.01125
0 0.05144927536231884 0.1375 0.15217391304347827 0.028333333333333332
0 0.05144927536231884 0.09083333333333334 0.06304347826086956 0.010833333333333334
0 0.05217391304347826 0.4225 0.5072463768115942 0.01125
0 0.05217391304347826 0.22708333333333333 0.06521739130434782 0.01375
0 0.05217391304347826 0.11625 0.5144927536231884 0.01125
0 0.21014492753623187 0.0125 0.13623188405797101 0.03333333333333333
0 0.36376811594202896 0.0125 0.13840579710144926 0.03333333333333333
0 0.4811594202898551 0.29041666666666666 0.11956521739130435 0.028333333333333332
0 0.48188405797101447 0.26958333333333334 0.16594202898550725 0.01125
0 0.48188405797101447 0.2529166666666667 0.33695652173913043 0.01125
0 0.48188405797101447 0.22666666666666666 0.060144927536231886 0.014166666666666666
0 0.5195652173913043 0.0125 0.15 0.03333333333333333
0 0.6869565217391305 0.0125 0.15144927536231884 0.03333333333333333
0 0.9101449275362319 0.2529166666666667 0.2710144927536232 0.01125
0 0.9108695652173913 0.29041666666666666 0.14130434782608695 0.028333333333333332
0 0.9108695652173913 0.26958333333333334 0.24130434782608695 0.01125
0 0.9108695652173913 0.22666666666666666 0.06739130434782609 0.014166666666666666
0 0.9159420289855073 0.1375 0.13478260869565217 0.028333333333333332
0 0.9173913043478261 0.11625 0.5391304347826087 0.01125
0 0.9181159420289855 0.09083333333333334 0.06594202898550725 0.01375
0 1.3398550724637681 0.3070833333333333 0.13260869565217392 0.028333333333333332
0 1.3405797101449275 0.28625 0.07753623188405798 0.00875
0 1.3405797101449275 0.26958333333333334 0.26666666666666666 0.01125
0 1.3405797101449275 0.2529166666666667 0.20652173913043478 0.01125
0 1.3420289855072465 0.22708333333333333 0.06739130434782609 0.01375
