0 0.04420289855072464 0.0125 0.1355072463768116 0.03333333333333333
0 0.05144927536231884 0.4270833333333333 0.12681159420289856 0.028333333333333332
0 0.05144927536231884 0.27375 0.1355072463768116 0.028333333333333332
0 0.05144927536231884 0.1375 0.14130434782608695 0.028333333333333332
0 0.05144927536231884 0.11625 0.5297101449275362 0.01125
0 0.05144927536231884 0.09083333333333334 0.07608695652173914 0.010833333333333334
0 0.05217391304347826 0.4058333333333333 0.24420289855072463 0.01125
0 0.05217391304347826 0.38916666666666666 0.24855072463768116 0.01125
0 0.05217391304347826 0.2529166666666667 0.5072463768115942 0.01125
0 0.05217391304347826 0.22666666666666666 0.0572463768115942 0.014166666666666666
0 0.05289855072463768 0.36375 0.07898550724637682 0.010833333333333334
0 0.19710144927536233 0.0125 0.13043478260869565 0.03333333333333333
0 0.4811594202898551 0.4270833333333333 0.12971014492753624 0.028333333333333332
0 0.48188405797101447 0.4058333333333333 0.1934782608695652 0.01125
0 0.48188405797101447 0.38916666666666666 0.31956521739130433 0.01125
0 0.4826086956521739 0.36375 0.06666666666666667 0.01125
0 0.9108695652173913 0.4270833333333333 0.15 0.028333333333333332
0 0.9108695652173913 0.4058333333333333 0.17246376811594202 0.01125
0 0.9108695652173913 0.38916666666666666 0.34130434782608693 0.01125
0 0.9108695652173913 0.36375 0.06304347826086956 0.01125
0 0.9159420289855073 0.1375 0.13405797101449277 0.028333333333333332
0 0.9166666666666666 0.11625 0.5608695652173913 0.01125
0 0.9173913043478261 0.09041666666666667 0.07898550724637682 0.014166666666666666
0 1.3398550724637681 0.44375 0.1282608695652174 0.028333333333333332
0 1.3405797101449275 0.4225 0.09202898550724638 0.00875
0 1.3413043478260869 0.4058333333333333 0.33405797101449275 0.01125
0 1.3413043478260869 0.38916666666666666 0.05144927536231884 0.01125
0 1.3420289855072465 0.36375 0.07971014492753623 0.010833333333333334
