0 0.04420289855072464 0.0125 0.1565217391304348 0.03333333333333333
0 0.05144927536231884 0.15416666666666667 0.1536231884057971 0.028333333333333332
0 0.05217391304347826 0.11625 0.3427536231884058 0.01125
0 0.05289855072463768 0.13291666666666666 0.21014492753623187 0.01125
0 0.05289855072463768 0.09083333333333334 0.07173913043478261 0.01375
0 0.21811594202898552 0.0125 0.13405797101449277 0.03333333333333333
0 0.3695652173913043 0.0125 0.15144927536231884 0.03333333333333333
0 0.48043478260869565 0.13291666666666666 0.21956521739130436 0.01125
0 0.4811594202898551 0.15416666666666667 0.13115942028985508 0.028333333333333332
0 0.4811594202898551 0.11625 0.3398550724637681 0.01125
0 0.4826086956521739 0.09083333333333334 0.07246376811594203 0.01375
0 0.9108695652173913 0.15416666666666667 0.13405797101449277 0.028333333333333332
0 0.9108695652173913 0.13291666666666666 0.23840579710144927 0.01125
0 0.9108695652173913 0.11625 0.30217391304347824 0.01125
0 0.9123188405797101 0.09083333333333334 0.05652173913043478 0.01375
0 1.3398550724637681 0.15416666666666667 0.14347826086956522 0.028333333333333332
0 1.3398550724637681 0.13291666666666666 0.32753623188405795 0.01125
0 1.3405797101449275 0.11625 0.20652173913043478 0.01125
0 1.3405797101449275 0.09041666666666667 0.06884057971014493 0.014166666666666666
