0 0.04420289855072464 0.0125 0.16014492753623188 0.03333333333333333
0 0.05144927536231884 0.4270833333333333 0.1608695652173913 0.028333333333333332
0 0.05144927536231884 0.27375 0.15579710144927536 0.028333333333333332
0 0.05144927536231884 0.22708333333333333 0.06594202898550725 0.01375
0 0.05144927536231884 0.1375 0.1355072463768116 0.028333333333333332
0 0.05144927536231884 0.11625 0.5413043478260869 0.01125
0 0.05217391304347826 0.4058333333333333 0.20579710144927535 0.01125
0 0.05217391304347826 0.38916666666666666 0.31956521739130433 0.01125
0 0.05217391304347826 0.09041666666666667 0.08188405797101449 0.011666666666666667
0 0.05289855072463768 0.36375 0.050724637681159424 0.010833333333333334
0 0.05289855072463768 0.2529166666666667 0.5384057971014493 0.01125
0 0.05507246376811594 0.09375 0.017391304347826087 0.004166666666666667
0 0.2217391304347826 0.0125 0.1398550724637681 0.03333333333333333
0 0.3789855072463768 0.0125 0.14855072463768115 0.03333333333333333
0 0.4811594202898551 0.4270833333333333 0.14420289855072463 0.028333333333333332
0 0.4811594202898551 0.4058333333333333 0.26956521739130435 0.01125
0 0.48188405797101447 0.38916666666666666 0.2492753623188406 0.01125
0 0.4826086956521739 0.36375 0.07173913043478261 0.010833333333333334
0 0.5449275362318841 0.0125 0.16594202898550725 0.03333333333333333
0 0.7282608695652174 0.0125 0.15289855072463768 0.03333333333333333
0 0.9101449275362319 0.4058333333333333 0.18695652173913044 0.01125
0 0.9108695652173913 0.4270833333333333 0.13840579710144926 0.028333333333333332
0 0.9115942028985508 0.38916666666666666 0.3217391304347826 0.01125
0 0.9123188405797101 0.36375 0.07246376811594203 0.010833333333333334
0 0.9159420289855073 0.1375 0.13840579710144926 0.028333333333333332
0 0.9173913043478261 0.11625 0.5043478260869565 0.01125
0 0.9181159420289855 0.09083333333333334 0.07536231884057971 0.01375
0 1.3398550724637681 0.4270833333333333 0.13260869565217392 0.028333333333333332
0 1.3398550724637681 0.36375 0.06666666666666667 0.01375
0 1.3405797101449275 0.38916666666666666 0.3282608695652174 0.01125
0 1.3413043478260869 0.4058333333333333 0.20579710144927535 0.01125
