0 0.04420289855072464 0.0125 0.14492753623188406 0.03333333333333333
0 0.05144927536231884 0.4270833333333333 0.15289855072463768 0.028333333333333332
0 0.05144927536231884 0.29041666666666666 0.13840579710144926 0.028333333333333332
0 0.05144927536231884 0.1375 0.15144927536231884 0.028333333333333332
0 0.05217391304347826 0.38 0.06304347826086956 0.014166666666666666
0 0.05217391304347826 0.2529166666666667 0.2826086956521739 0.01125
0 0.05217391304347826 0.22666666666666666 0.06376811594202898 0.011666666666666667
0 0.05217391304347826 0.11625 0.5521739130434783 0.01125
0 0.05217391304347826 0.09041666666666667 0.07318840579710145 0.011666666666666667
0 0.05289855072463768 0.4058333333333333 0.47101449275362317 0.01125
0 0.05289855072463768 0.26958333333333334 0.26231884057971017 0.01125
0 0.05507246376811594 0.38333333333333336 0.017391304347826087 0.004166666666666667
0 0.20652173913043478 0.0125 0.13478260869565217 0.03333333333333333
0 0.4811594202898551 0.29041666666666666 0.13695652173913042 0.028333333333333332
0 0.4811594202898551 0.26958333333333334 0.3333333333333333 0.01125
0 0.4811594202898551 0.2529166666666667 0.18768115942028984 0.01125
0 0.48188405797101447 0.22666666666666666 0.07318840579710145 0.014166666666666666
0 0.9108695652173913 0.29041666666666666 0.16376811594202897 0.028333333333333332
0 0.9115942028985508 0.26958333333333334 0.3065217391304348 0.01125
0 0.9115942028985508 0.2529166666666667 0.2210144927536232 0.01125
0 0.9123188405797101 0.22708333333333333 0.06594202898550725 0.01375
0 0.9159420289855073 0.4270833333333333 0.1673913043478261 0.028333333333333332
0 0.9159420289855073 0.3804166666666667 0.06521739130434782 0.01375
0 0.9166666666666666 0.4058333333333333 0.5318840579710145 0.01125
0 1.3398550724637681 0.29041666666666666 0.14855072463768115 0.028333333333333332
0 1.3398550724637681 0.26958333333333334 0.27318840579710146 0.01125
0 1.3398550724637681 0.22708333333333333 0.06666666666666667 0.010833333333333334
0 1.3405797101449275 0.2529166666666667 0.2753623188405797 0.01125
