0 0.04420289855072464 0.0125 0.14420289855072463 0.03333333333333333
0 0.05144927536231884 0.1375 0.14420289855072463 0.028333333333333332
0 0.05144927536231884 0.11625 0.49927536231884057 0.01125
0 0.05289855072463768 0.09083333333333334 0.08043478260869565 0.01125
0 0.20579710144927535 0.0125 0.14855072463768115 0.03333333333333333
0 0.3717391304347826 0.0125 0.1492753623188406 0.03333333333333333
0 0.5384057971014493 0.0125 0.14347826086956522 0.03333333333333333
0 0.9159420289855073 0.1375 0.14492753623188406 0.028333333333333332
0 0.9166666666666666 0.11625 0.5362318840579711 0.01125
0 0.9181159420289855 0.09083333333333334 0.07753623188405798 0.010833333333333334
