0 0.04420289855072464 0.0125 0.1463768115942029 0.03333333333333333
0 0.050724637681159424 0.11625 0.47246376811594204 0.01125
0 0.05144927536231884 0.4270833333333333 0.1463768115942029 0.028333333333333332
0 0.05144927536231884 0.29041666666666666 0.12971014492753624 0.028333333333333332
0 0.05144927536231884 0.1375 0.1463768115942029 0.028333333333333332
0 0.05217391304347826 0.4058333333333333 0.5340579710144927 0.01125
0 0.05217391304347826 0.26958333333333334 0.3898550724637681 0.01125
0 0.05217391304347826 0.2529166666666667 0.16231884057971013 0.01125
0 0.05217391304347826 0.09041666666666667 0.0927536231884058 0.011666666666666667
0 0.05289855072463768 0.3804166666666667 0.06376811594202898 0.01375
0 0.05289855072463768 0.22708333333333333 0.0536231884057971 0.01375
0 0.20797101449275363 0.0125 0.14202898550724638 0.03333333333333333
0 0.4811594202898551 0.29041666666666666 0.15 0.028333333333333332
0 0.48188405797101447 0.26958333333333334 0.26304347826086955 0.01125
0 0.48188405797101447 0.2529166666666667 0.2608695652173913 0.01125
0 0.48188405797101447 0.22666666666666666 0.06376811594202898 0.012083333333333333
0 0.9108695652173913 0.29041666666666666 0.14565217391304347 0.028333333333333332
0 0.9108695652173913 0.26958333333333334 0.1934782608695652 0.01125
0 0.9115942028985508 0.2529166666666667 0.34202898550724636 0.01125
0 0.9123188405797101 0.22708333333333333 0.05652173913043478 0.01375
0 0.9159420289855073 0.4270833333333333 0.12246376811594203 0.028333333333333332
0 0.9173913043478261 0.4058333333333333 0.5384057971014493 0.01125
0 0.9181159420289855 0.3804166666666667 0.07246376811594203 0.010833333333333334
0 1.3398550724637681 0.29041666666666666 0.1282608695652174 0.028333333333333332
0 1.3405797101449275 0.26958333333333334 0.1782608695652174 0.01125
0 1.3413043478260869 0.2529166666666667 0.3282608695652174 0.01125
0 1.3413043478260869 0.22666666666666666 0.08260869565217391 0.014166666666666666
