0 0.04420289855072464 0.0125 0.1391304347826087 0.03333333333333333
0 0.050724637681159424 0.2529166666666667 0.1289855072463768 0.01125
0 0.05144927536231884 0.44375 0.14782608695652175 0.028333333333333332
0 0.05144927536231884 0.3070833333333333 0.15942028985507245 0.028333333333333332
0 0.05144927536231884 0.26958333333333334 0.31666666666666665 0.01125
0 0.05144927536231884 0.1375 0.1391304347826087 0.028333333333333332
0 0.05144927536231884 0.09083333333333334 0.08333333333333333 0.010833333333333334
0 0.05217391304347826 0.4225 0.558695652173913 0.01125
0 0.05217391304347826 0.39666666666666667 0.07391304347826087 0.014166666666666666
0 0.05217391304347826 0.11625 0.5413043478260869 0.01125
0 0.05289855072463768 0.28625 0.11739130434782609 0.01125
0 0.05289855072463768 0.22708333333333333 0.07391304347826087 0.01375
0 0.20072463768115942 0.0125 0.15579710144927536 0.03333333333333333
0 0.4811594202898551 0.29041666666666666 0.11739130434782609 0.028333333333333332
0 0.4811594202898551 0.26958333333333334 0.3239130434782609 0.01125
0 0.48188405797101447 0.2529166666666667 0.26159420289855073 0.01125
0 0.4826086956521739 0.22708333333333333 0.08043478260869565 0.010833333333333334
0 0.9108695652173913 0.29041666666666666 0.13695652173913042 0.028333333333333332
0 0.9108695652173913 0.26958333333333334 0.19202898550724637 0.01125
0 0.9108695652173913 0.2529166666666667 0.3456521739130435 0.01125
0 0.9123188405797101 0.22708333333333333 0.06594202898550725 0.01375
0 0.9159420289855073 0.1375 0.14347826086956522 0.028333333333333332
0 0.9166666666666666 0.11625 0.532608695652174 0.01125
0 0.9173913043478261 0.09041666666666667 0.07246376811594203 0.011666666666666667
0 0.9202898550724637 0.09416666666666666 0.016666666666666666 0.00375
0 1.3398550724637681 0.29041666666666666 0.1282608695652174 0.028333333333333332
0 1.3398550724637681 0.26958333333333334 0.2072463768115942 0.01125
0 1.3405797101449275 0.2529166666666667 0.3456521739130435 0.01125
0 1.3420289855072465 0.22708333333333333 0.07898550724637682 0.010833333333333334
