0 0.04420289855072464 0.0125 0.13840579710144926 0.03333333333333333
0 0.05144927536231884 0.29041666666666666 0.15434782608695652 0.028333333333333332
0 0.05144927536231884 0.26958333333333334 0.24420289855072463 0.01125
0 0.05144927536231884 0.2529166666666667 0.32753623188405795 0.01125
0 0.05144927536231884 0.22708333333333333 0.0746376811594203 0.01375
0 0.05144927536231884 0.1375 0.14855072463768115 0.028333333333333332
0 0.05144927536231884 0.09083333333333334 0.058695652173913045 0.010833333333333334
0 0.05217391304347826 0.11625 0.5717391304347826 0.01125
0 0.2 0.0125 0.14202898550724638 0.03333333333333333
0 0.4811594202898551 0.29041666666666666 0.12028985507246377 0.028333333333333332
0 0.48188405797101447 0.26958333333333334 0.32608695652173914 0.01125
0 0.48188405797101447 0.2529166666666667 0.1934782608695652 0.01125
0 0.4826086956521739 0.22708333333333333 0.07391304347826087 0.010833333333333334
0 0.9101449275362319 0.2529166666666667 0.3079710144927536 0.01125
0 0.9108695652173913 0.29041666666666666 0.12173913043478261 0.028333333333333332
0 0.9108695652173913 0.26958333333333334 0.1891304347826087 0.01125
0 0.9123188405797101 0.22708333333333333 0.07536231884057971 0.01375
0 0.9159420289855073 0.1375 0.15507246376811595 0.028333333333333332
0 0.9173913043478261 0.11625 0.4971014492753623 0.01125
0 0.9173913043478261 0.09041666666666667 0.08985507246376812 0.011666666666666667
0 1.3398550724637681 0.29041666666666666 0.14492753623188406 0.028333333333333332
0 1.3405797101449275 0.26958333333333334 0.2673913043478261 0.01125
0 1.3405797101449275 0.2529166666666667 0.26956521739130435 0.01125
0 1.3420289855072465 0.22708333333333333 0.0782608695652174 0.010833333333333334
