0 0.04420289855072464 0.0125 0.1492753623188406 0.03333333333333333
0 0.05144927536231884 0.4270833333333333 0.14420289855072463 0.028333333333333332
0 0.05144927536231884 0.27375 0.14492753623188406 0.028333333333333332
0 0.05144927536231884 0.1375 0.14565217391304347 0.028333333333333332
0 0.05217391304347826 0.38916666666666666 0.3144927536231884 0.01125
0 0.05217391304347826 0.2529166666666667 0.5840579710144927 0.01125
0 0.05217391304347826 0.22666666666666666 0.06231884057971015 0.014166666666666666
0 0.05289855072463768 0.4058333333333333 0.17753623188405798 0.01125
0 0.05289855072463768 0.36375 0.059420289855072465 0.01375
0 0.05289855072463768 0.11625 0.4826086956521739 0.01125
0 0.05289855072463768 0.09083333333333334 0.07536231884057971 0.010833333333333334
0 0.2108695652173913 0.0125 0.1427536231884058 0.03333333333333333
0 0.3710144927536232 0.0125 0.15507246376811595 0.03333333333333333
0 0.48043478260869565 0.38916666666666666 0.32681159420289857 0.01125
0 0.4811594202898551 0.4270833333333333 0.14057971014492754 0.028333333333333332
0 0.4811594202898551 0.36375 0.0746376811594203 0.01375
0 0.48188405797101447 0.4058333333333333 0.1963768115942029 0.01125
0 0.9108695652173913 0.4270833333333333 0.1289855072463768 0.028333333333333332
0 0.9108695652173913 0.4058333333333333 0.1492753623188406 0.01125
0 0.9108695652173913 0.38916666666666666 0.34057971014492755 0.01125
0 0.9123188405797101 0.36375 0.06594202898550725 0.01375
0 0.9159420289855073 0.27375 0.13768115942028986 0.028333333333333332
0 0.9166666666666666 0.2529166666666667 0.5463768115942029 0.01125
0 0.9181159420289855 0.22708333333333333 0.06231884057971015 0.01375
0 1.3398550724637681 0.44375 0.1318840579710145 0.028333333333333332
0 1.3398550724637681 0.38916666666666666 0.020289855072463767 0.01125
0 1.3398550724637681 0.36375 0.06594202898550725 0.01375
0 1.3405797101449275 0.4225 0.13115942028985508 0.01125
0 1.3405797101449275 0.4058333333333333 0.38333333333333336 0.01125
