0 0.04420289855072464 0.0125 0.14347826086956522 0.03333333333333333
0 0.050724637681159424 0.4058333333333333 0.29347826086956524 0.01125
0 0.05144927536231884 0.4270833333333333 0.15 0.028333333333333332
0 0.05144927536231884 0.27375 0.14202898550724638 0.028333333333333332
0 0.05144927536231884 0.1375 0.13768115942028986 0.028333333333333332
0 0.05144927536231884 0.11625 0.5333333333333333 0.01125
0 0.05217391304347826 0.38916666666666666 0.17608695652173914 0.01125
0 0.05217391304347826 0.2529166666666667 0.5123188405797101 0.01125
0 0.05217391304347826 0.22666666666666666 0.06666666666666667 0.014166666666666666
0 0.05289855072463768 0.36375 0.08333333333333333 0.010833333333333334
0 0.05289855072463768 0.09083333333333334 0.06594202898550725 0.01375
0 0.20507246376811594 0.0125 0.14565217391304347 0.03333333333333333
0 0.4811594202898551 0.4270833333333333 0.14492753623188406 0.028333333333333332
0 0.4811594202898551 0.4058333333333333 0.23478260869565218 0.01125
0 0.4811594202898551 0.38916666666666666 0.30579710144927535 0.01125
0 0.4826086956521739 0.36375 0.060144927536231886 0.01375
0 0.9108695652173913 0.4270833333333333 0.13695652173913042 0.028333333333333332
0 0.9108695652173913 0.4058333333333333 0.1746376811594203 0.01125
0 0.9108695652173913 0.36333333333333334 0.08405797101449275 0.014166666666666666
0 0.9115942028985508 0.38916666666666666 0.33695652173913043 0.01125
0 0.9159420289855073 0.1375 0.15072463768115943 0.028333333333333332
0 0.9166666666666666 0.09041666666666667 0.08188405797101449 0.014166666666666666
0 0.9173913043478261 0.11625 0.5072463768115942 0.01125
0 1.3398550724637681 0.4270833333333333 0.1492753623188406 0.028333333333333332
0 1.3405797101449275 0.4058333333333333 0.27753623188405796 0.01125
0 1.3405797101449275 0.38916666666666666 0.23695652173913043 0.01125
0 1.3413043478260869 0.36375 0.06884057971014493 0.01375
