0 0.04420289855072464 0.0125 0.12536231884057972 0.03333333333333333
0 0.05144927536231884 0.4270833333333333 0.13768115942028986 0.028333333333333332
0 0.05144927536231884 0.38916666666666666 0.31666666666666665 0.01125
0 0.05144927536231884 0.27375 0.16014492753623188 0.028333333333333332
0 0.05144927536231884 0.22708333333333333 0.06739130434782609 0.01375
0 0.05144927536231884 0.1375 0.14130434782608695 0.028333333333333332
0 0.05144927536231884 0.11625 0.5181159420289855 0.01125
0 0.05217391304347826 0.4058333333333333 0.22028985507246376 0.01125
0 0.05289855072463768 0.36375 0.06159420289855073 0.01375
0 0.05289855072463768 0.2529166666666667 0.5710144927536231 0.01125
0 0.05289855072463768 0.09083333333333334 0.07608695652173914 0.01375
0 0.18695652173913044 0.0125 0.13405797101449277 0.03333333333333333
0 0.4811594202898551 0.44375 0.14347826086956522 0.028333333333333332
0 0.4811594202898551 0.4225 0.08478260869565217 0.01125
0 0.4811594202898551 0.4058333333333333 0.25869565217391305 0.01125
0 0.4811594202898551 0.38916666666666666 0.18115942028985507 0.01125
0 0.4811594202898551 0.36375 0.0572463768115942 0.01375
0 0.9101449275362319 0.36375 0.060144927536231886 0.010833333333333334
0 0.9108695652173913 0.4270833333333333 0.14492753623188406 0.028333333333333332
0 0.9108695652173913 0.4058333333333333 0.26304347826086955 0.01125
0 0.9115942028985508 0.38916666666666666 0.25072463768115943 0.01125
0 0.9159420289855073 0.27375 0.15072463768115943 0.028333333333333332
0 0.9166666666666666 0.2529166666666667 0.5507246376811594 0.01125
0 0.9173913043478261 0.22666666666666666 0.07536231884057971 0.012083333333333333
0 1.3398550724637681 0.44375 0.12971014492753624 0.028333333333333332
0 1.3398550724637681 0.4058333333333333 0.3065217391304348 0.01125
0 1.3398550724637681 0.36375 0.06304347826086956 0.01125
0 1.3405797101449275 0.39 0.12753623188405797 0.007916666666666667
0 1.3413043478260869 0.4225 0.09927536231884058 0.00875
