0 0.04420289855072464 0.0125 0.15 0.03333333333333333
0 0.05144927536231884 0.44375 0.13478260869565217 0.028333333333333332
0 0.05144927536231884 0.39708333333333334 0.07608695652173914 0.01375
0 0.05144927536231884 0.29041666666666666 0.1471014492753623 0.028333333333333332
0 0.05144927536231884 0.2529166666666667 0.2702898550724638 0.01125
0 0.05144927536231884 0.1375 0.1565217391304348 0.028333333333333332
0 0.05217391304347826 0.4225 0.5072463768115942 0.01125
0 0.05289855072463768 0.26958333333333334 0.23405797101449274 0.01125
0 0.05289855072463768 0.22708333333333333 0.07318840579710145 0.01375
0 0.05289855072463768 0.11625 0.5471014492753623 0.01125
0 0.05289855072463768 0.09083333333333334 0.05507246376811594 0.01375
0 0.21159420289855072 0.0125 0.15217391304347827 0.03333333333333333
0 0.4811594202898551 0.3070833333333333 0.13478260869565217 0.028333333333333332
0 0.4811594202898551 0.28625 0.1536231884057971 0.01125
0 0.4811594202898551 0.2529166666666667 0.2144927536231884 0.01125
0 0.48188405797101447 0.26958333333333334 0.19855072463768117 0.01125
0 0.4826086956521739 0.22708333333333333 0.0644927536231884 0.01375
0 0.9108695652173913 0.29041666666666666 0.13768115942028986 0.028333333333333332
0 0.9115942028985508 0.26958333333333334 0.20942028985507247 0.01125
0 0.9115942028985508 0.2529166666666667 0.336231884057971 0.01125
0 0.9123188405797101 0.22708333333333333 0.06666666666666667 0.01375
0 0.9159420289855073 0.1375 0.1471014492753623 0.028333333333333332
0 0.9173913043478261 0.11625 0.4963768115942029 0.01125
0 0.9181159420289855 0.09083333333333334 0.07608695652173914 0.01375
0 1.3398550724637681 0.29041666666666666 0.14492753623188406 0.028333333333333332
0 1.3398550724637681 0.22708333333333333 0.04710144927536232 0.01375
0 1.3405797101449275 0.26958333333333334 0.2217391304347826 0.01125
0 1.3405797101449275 0.2529166666666667 0.26521739130434785 0.01125
