0 0.04420289855072464 0.0125 0.13478260869565217 0.03333333333333333
0 0.05144927536231884 0.41041666666666665 0.1355072463768116 0.028333333333333332
0 0.05144927536231884 0.27375 0.15289855072463768 0.028333333333333332
0 0.05144927536231884 0.2529166666666667 0.5166666666666667 0.01125
0 0.05144927536231884 0.22708333333333333 0.07608695652173914 0.010833333333333334
0 0.05144927536231884 0.1375 0.1492753623188406 0.028333333333333332
0 0.05217391304347826 0.11625 0.5369565217391304 0.01125
0 0.05289855072463768 0.38916666666666666 0.553623188405797 0.01125
0 0.05289855072463768 0.36375 0.08405797101449275 0.01375
0 0.05289855072463768 0.09083333333333334 0.07608695652173914 0.010833333333333334
0 0.1963768115942029 0.0125 0.15434782608695652 0.03333333333333333
0 0.3681159420289855 0.0125 0.1536231884057971 0.03333333333333333
0 0.5391304347826087 0.0125 0.1608695652173913 0.03333333333333333
0 0.717391304347826 0.0125 0.14565217391304347 0.03333333333333333
0 0.9159420289855073 0.1375 0.14420289855072463 0.028333333333333332
0 0.9173913043478261 0.11625 0.5601449275362319 0.01125
0 0.9181159420289855 0.09083333333333334 0.07028985507246377 0.01375
