0 0.04420289855072464 0.0125 0.1492753623188406 0.03333333333333333
0 0.05144927536231884 0.44375 0.1398550724637681 0.028333333333333332
0 0.05144927536231884 0.29041666666666666 0.1463768115942029 0.028333333333333332
0 0.05144927536231884 0.26958333333333334 0.22681159420289856 0.01125
0 0.05144927536231884 0.1375 0.1572463768115942 0.028333333333333332
0 0.05144927536231884 0.11625 0.5268115942028986 0.01125
0 0.05217391304347826 0.4225 0.5478260869565217 0.01125
0 0.05217391304347826 0.39708333333333334 0.0572463768115942 0.01375
0 0.05217391304347826 0.2529166666666667 0.29927536231884055 0.01125
0 0.05217391304347826 0.09041666666666667 0.08260869565217391 0.014166666666666666
0 0.05289855072463768 0.22708333333333333 0.07173913043478261 0.01375
0 0.05507246376811594 0.09375 0.020289855072463767 0.004166666666666667
0 0.2108695652173913 0.0125 0.14202898550724638 0.03333333333333333
0 0.4811594202898551 0.29041666666666666 0.13768115942028986 0.028333333333333332
0 0.4811594202898551 0.2529166666666667 0.24782608695652175 0.01125
0 0.48188405797101447 0.26958333333333334 0.2818840579710145 0.01125
0 0.48188405797101447 0.22666666666666666 0.07536231884057971 0.014166666666666666
0 0.9101449275362319 0.22708333333333333 0.06956521739130435 0.01375
0 0.9108695652173913 0.3070833333333333 0.13115942028985508 0.028333333333333332
0 0.9108695652173913 0.2529166666666667 0.1753623188405797 0.01125
0 0.9115942028985508 0.28875 0.03695652173913044 0.00625
0 0.9115942028985508 0.26958333333333334 0.3492753623188406 0.01125
0 0.9159420289855073 0.44375 0.13840579710144926 0.028333333333333332
0 0.9166666666666666 0.4225 0.5094202898550725 0.01125
0 0.9181159420289855 0.39708333333333334 0.0782608695652174 0.010833333333333334
0 1.3398550724637681 0.29041666666666666 0.1492753623188406 0.028333333333333332
0 1.3405797101449275 0.26958333333333334 0.27391304347826084 0.01125
0 1.3405797101449275 0.2529166666666667 0.26811594202898553 0.01125
0 1.3420289855072465 0.22708333333333333 0.07898550724637682 0.010833333333333334
