0 0.04420289855072464 0.0125 0.14130434782608695 0.03333333333333333
0 0.05144927536231884 0.47708333333333336 0.15144927536231884 0.028333333333333332
0 0.05144927536231884 0.4558333333333333 0.31521739130434784 0.01125
0 0.05144927536231884 0.32375 0.1471014492753623 0.028333333333333332
0 0.05144927536231884 0.28625 0.33695652173913043 0.01125
0 0.05144927536231884 0.15416666666666667 0.15 0.028333333333333332
0 0.05217391304347826 0.43916666666666665 0.20797101449275363 0.01125
0 0.05217391304347826 0.41333333333333333 0.0782608695652174 0.014166666666666666
0 0.05217391304347826 0.30291666666666667 0.18405797101449275 0.01125
0 0.05289855072463768 0.2604166666666667 0.06086956521739131 0.010833333333333334
0 0.05289855072463768 0.13291666666666666 0.3108695652173913 0.01125
0 0.05289855072463768 0.11625 0.1934782608695652 0.01125
0 0.05289855072463768 0.09083333333333334 0.08768115942028985 0.01375
0 0.2028985507246377 0.0125 0.12753623188405797 0.03333333333333333
0 0.4811594202898551 0.47708333333333336 0.12971014492753624 0.028333333333333332
0 0.4811594202898551 0.4558333333333333 0.2072463768115942 0.01125
0 0.4811594202898551 0.32375 0.14347826086956522 0.028333333333333332
0 0.4811594202898551 0.30291666666666667 0.1927536231884058 0.01125
0 0.4811594202898551 0.15416666666666667 0.15579710144927536 0.028333333333333332
0 0.4811594202898551 0.13291666666666666 0.31666666666666665 0.01125
0 0.4811594202898551 0.11625 0.2398550724637681 0.01125
0 0.48188405797101447 0.43916666666666665 0.30579710144927535 0.01125
0 0.48188405797101447 0.41333333333333333 0.06811594202898551 0.011666666666666667
0 0.48188405797101447 0.28625 0.3050724637681159 0.01125
0 0.4826086956521739 0.2604166666666667 0.08188405797101449 0.01375
0 0.4826086956521739 0.09083333333333334 0.0782608695652174 0.010833333333333334
0 0.9101449275362319 0.2604166666666667 0.06739130434782609 0.010833333333333334
0 0.9101449275362319 0.09083333333333334 0.07898550724637682 0.010833333333333334
0 0.9108695652173913 0.47708333333333336 0.1427536231884058 0.028333333333333332
0 0.9108695652173913 0.43916666666666665 0.3079710144927536 0.01125
0 0.9108695652173913 0.32375 0.14855072463768115 0.028333333333333332
0 0.9108695652173913 0.17083333333333334 0.15289855072463768 0.028333333333333332
0 0.9115942028985508 0.4558333333333333 0.22681159420289856 0.01125
0 0.9115942028985508 0.41333333333333333 0.06956521739130435 0.014166666666666666
0 0.9115942028985508 0.30291666666666667 0.21956521739130436 0.01125
0 0.9115942028985508 0.28625 0.322463768115942 0.01125
0 0.9115942028985508 0.14958333333333335 0.16304347826086957 0.01125
0 0.9115942028985508 0.13291666666666666 0.2028985507246377 0.01125
0 0.9115942028985508 0.11625 0.20652173913043478 0.01125
0 1.3398550724637681 0.47708333333333336 0.15217391304347827 0.028333333333333332
0 1.3398550724637681 0.32375 0.13043478260869565 0.028333333333333332
0 1.3398550724637681 0.28625 0.1753623188405797 0.01125
0 1.3398550724637681 0.17083333333333334 0.1536231884057971 0.028333333333333332
0 1.3405797101449275 0.30291666666666667 0.3463768115942029 0.01125
0 1.3405797101449275 0.26 0.07101449275362319 0.014166666666666666
0 1.3405797101449275 0.14958333333333335 0.10797101449275362 0.01125
0 1.3405797101449275 0.11625 0.16956521739130434 0.01125
0 1.3413043478260869 0.4558333333333333 0.23695652173913043 0.01125
0 1.3413043478260869 0.43916666666666665 0.26304347826086955 0.01125
0 1.3413043478260869 0.13291666666666666 0.26231884057971017 0.01125
0 1.3420289855072465 0.41375 0.07608695652173914 0.01375
0 1.3420289855072465 0.09083333333333334 0.08115942028985507 0.010833333333333334
0 1.3630434782608696 0.55 0.04927536231884058 0.00875
