0 0.04420289855072464 0.0125 0.14347826086956522 0.03333333333333333
0 0.05144927536231884 0.4270833333333333 0.12318840579710146 0.028333333333333332
0 0.05144927536231884 0.29041666666666666 0.14565217391304347 0.028333333333333332
0 0.05144927536231884 0.26958333333333334 0.5615942028985508 0.01125
0 0.05144927536231884 0.15416666666666667 0.12391304347826088 0.028333333333333332
0 0.05144927536231884 0.09083333333333334 0.05579710144927536 0.01375
0 0.05217391304347826 0.4058333333333333 0.5449275362318841 0.01125
0 0.05217391304347826 0.13291666666666666 0.2768115942028985 0.01125
0 0.05217391304347826 0.11625 0.26956521739130435 0.01125
0 0.05289855072463768 0.3804166666666667 0.08043478260869565 0.01375
0 0.05289855072463768 0.24375 0.07028985507246377 0.01375
0 0.20507246376811594 0.0125 0.15072463768115943 0.03333333333333333
0 0.4811594202898551 0.15416666666666667 0.16304347826086957 0.028333333333333332
0 0.4811594202898551 0.13291666666666666 0.12753623188405797 0.01125
0 0.48188405797101447 0.11625 0.4 0.01125
0 0.4826086956521739 0.09083333333333334 0.058695652173913045 0.01375
0 0.9108695652173913 0.15416666666666667 0.12681159420289856 0.028333333333333332
0 0.9108695652173913 0.13291666666666666 0.3384057971014493 0.01125
0 0.9108695652173913 0.11625 0.19927536231884058 0.01125
0 0.9123188405797101 0.09083333333333334 0.07536231884057971 0.01375
0 0.9159420289855073 0.4270833333333333 0.15289855072463768 0.028333333333333332
0 0.9166666666666666 0.4058333333333333 0.5753623188405798 0.01125
0 0.9181159420289855 0.3804166666666667 0.07391304347826087 0.010833333333333334
0 1.3398550724637681 0.15416666666666667 0.1391304347826087 0.028333333333333332
0 1.3405797101449275 0.13291666666666666 0.24420289855072463 0.01125
0 1.3405797101449275 0.11625 0.3108695652173913 0.01125
0 1.3420289855072465 0.09083333333333334 0.07173913043478261 0.010833333333333334
