0 0.04420289855072464 0.0125 0.15289855072463768 0.03333333333333333
0 0.05144927536231884 0.44375 0.12318840579710146 0.028333333333333332
0 0.05144927536231884 0.27375 0.1391304347826087 0.028333333333333332
0 0.05144927536231884 0.1375 0.12173913043478261 0.028333333333333332
0 0.05217391304347826 0.4225 0.10507246376811594 0.01125
0 0.05217391304347826 0.36333333333333334 0.06666666666666667 0.014166666666666666
0 0.05217391304347826 0.2529166666666667 0.5340579710144927 0.01125
0 0.05217391304347826 0.22708333333333333 0.07391304347826087 0.010833333333333334
0 0.05217391304347826 0.11625 0.5369565217391304 0.01125
0 0.05217391304347826 0.09041666666666667 0.07753623188405798 0.012083333333333333
0 0.05289855072463768 0.4058333333333333 0.2594202898550725 0.01125
0 0.05289855072463768 0.38916666666666666 0.1108695652173913 0.01125
0 0.2144927536231884 0.0125 0.1391304347826087 0.03333333333333333
0 0.3710144927536232 0.0125 0.15 0.03333333333333333
0 0.4811594202898551 0.4270833333333333 0.14492753623188406 0.028333333333333332
0 0.48188405797101447 0.4058333333333333 0.28043478260869564 0.01125
0 0.48188405797101447 0.38916666666666666 0.2565217391304348 0.01125
0 0.4826086956521739 0.36375 0.07318840579710145 0.01125
0 0.5384057971014493 0.0125 0.16014492753623188 0.03333333333333333
0 0.7159420289855073 0.0125 0.12536231884057972 0.03333333333333333
0 0.9108695652173913 0.44375 0.14782608695652175 0.028333333333333332
0 0.9108695652173913 0.4058333333333333 0.2826086956521739 0.01125
0 0.9108695652173913 0.39166666666666666 0.08623188405797101 0.00875
0 0.9115942028985508 0.4225 0.1492753623188406 0.01125
0 0.9115942028985508 0.36333333333333334 0.08188405797101449 0.014166666666666666
0 0.9159420289855073 0.27375 0.13623188405797101 0.028333333333333332
0 0.9173913043478261 0.2529166666666667 0.5478260869565217 0.01125
0 0.9181159420289855 0.22708333333333333 0.07246376811594203 0.01375
0 1.3398550724637681 0.4270833333333333 0.13333333333333333 0.028333333333333332
0 1.3405797101449275 0.4058333333333333 0.18985507246376812 0.00875
0 1.3405797101449275 0.38916666666666666 0.3318840579710145 0.01125
0 1.3420289855072465 0.36375 0.09855072463768116 0.010833333333333334
