0 0.04420289855072464 0.0125 0.13333333333333333 0.03333333333333333
0 0.05144927536231884 0.41041666666666665 0.13695652173913042 0.028333333333333332
0 0.05144927536231884 0.27375 0.12608695652173912 0.028333333333333332
0 0.05144927536231884 0.2529166666666667 0.5376811594202898 0.01125
0 0.05144927536231884 0.1375 0.1355072463768116 0.028333333333333332
0 0.05144927536231884 0.11625 0.5615942028985508 0.01125
0 0.05217391304347826 0.22666666666666666 0.07246376811594203 0.014166666666666666
0 0.05217391304347826 0.09041666666666667 0.06231884057971015 0.014166666666666666
0 0.05289855072463768 0.38916666666666666 0.5369565217391304 0.01125
0 0.05289855072463768 0.36375 0.06521739130434782 0.010833333333333334
0 0.19492753623188405 0.0125 0.13333333333333333 0.03333333333333333
0 0.3456521739130435 0.0125 0.14057971014492754 0.03333333333333333
0 0.9159420289855073 0.27375 0.13115942028985508 0.028333333333333332
0 0.9159420289855073 0.22708333333333333 0.06739130434782609 0.010833333333333334
0 0.9173913043478261 0.2529166666666667 0.5072463768115942 0.01125
