0 0.04420289855072464 0.0125 0.1471014492753623 0.03333333333333333
0 0.050724637681159424 0.11625 0.5471014492753623 0.01125
0 0.05144927536231884 0.4270833333333333 0.1289855072463768 0.028333333333333332
0 0.05144927536231884 0.29041666666666666 0.11956521739130435 0.028333333333333332
0 0.05144927536231884 0.2529166666666667 0.30869565217391304 0.01125
0 0.05144927536231884 0.1375 0.11159420289855072 0.028333333333333332
0 0.05217391304347826 0.4058333333333333 0.5021739130434782 0.01125
0 0.05289855072463768 0.3804166666666667 0.057971014492753624 0.01375
0 0.05289855072463768 0.26958333333333334 0.20217391304347826 0.01125
0 0.05289855072463768 0.22708333333333333 0.058695652173913045 0.01375
0 0.05289855072463768 0.09083333333333334 0.07173913043478261 0.01375
0 0.20869565217391303 0.0125 0.15072463768115943 0.03333333333333333
0 0.37681159420289856 0.0125 0.14565217391304347 0.03333333333333333
0 0.4811594202898551 0.29041666666666666 0.14420289855072463 0.028333333333333332
0 0.4811594202898551 0.26958333333333334 0.20072463768115942 0.01125
0 0.4811594202898551 0.2529166666666667 0.3210144927536232 0.01125
0 0.4826086956521739 0.22708333333333333 0.06739130434782609 0.01375
0 0.5398550724637681 0.0125 0.14565217391304347 0.03333333333333333
0 0.9108695652173913 0.29041666666666666 0.15144927536231884 0.028333333333333332
0 0.9108695652173913 0.26958333333333334 0.18405797101449275 0.01125
0 0.9115942028985508 0.2529166666666667 0.3210144927536232 0.01125
0 0.9123188405797101 0.22708333333333333 0.06666666666666667 0.01375
0 0.9159420289855073 0.1375 0.14130434782608695 0.028333333333333332
0 0.9173913043478261 0.11625 0.5391304347826087 0.01125
0 0.9181159420289855 0.09083333333333334 0.06521739130434782 0.01375
0 1.3398550724637681 0.29041666666666666 0.14420289855072463 0.028333333333333332
0 1.3398550724637681 0.2529166666666667 0.3471014492753623 0.01125
0 1.3405797101449275 0.26958333333333334 0.19130434782608696 0.01125
0 1.3420289855072465 0.22708333333333333 0.0782608695652174 0.01125
