0 0.04420289855072464 0.0125 0.1536231884057971 0.03333333333333333
0 0.05144927536231884 0.44375 0.15072463768115943 0.028333333333333332
0 0.05144927536231884 0.4225 0.5210144927536232 0.01125
0 0.05144927536231884 0.29041666666666666 0.13260869565217392 0.028333333333333332
0 0.05144927536231884 0.22708333333333333 0.07681159420289856 0.010833333333333334
0 0.05144927536231884 0.1375 0.13478260869565217 0.028333333333333332
0 0.05217391304347826 0.2529166666666667 0.2543478260869565 0.01125
0 0.05217391304347826 0.11625 0.5224637681159421 0.01125
0 0.05289855072463768 0.39708333333333334 0.07753623188405798 0.010833333333333334
0 0.05289855072463768 0.26958333333333334 0.26521739130434785 0.01125
0 0.05289855072463768 0.09083333333333334 0.07173913043478261 0.010833333333333334
0 0.21521739130434783 0.0125 0.1398550724637681 0.03333333333333333
0 0.372463768115942 0.0125 0.16231884057971013 0.03333333333333333
0 0.48043478260869565 0.28625 0.14782608695652175 0.01125
0 0.48043478260869565 0.22708333333333333 0.06666666666666667 0.010833333333333334
0 0.4811594202898551 0.3070833333333333 0.12318840579710146 0.028333333333333332
0 0.48188405797101447 0.26958333333333334 0.35507246376811596 0.01125
0 0.48188405797101447 0.2529166666666667 0.028985507246376812 0.01125
0 0.5521739130434783 0.0125 0.14565217391304347 0.03333333333333333
0 0.9108695652173913 0.29041666666666666 0.11594202898550725 0.028333333333333332
0 0.9108695652173913 0.2529166666666667 0.22391304347826088 0.01125
0 0.9115942028985508 0.26958333333333334 0.3239130434782609 0.01125
0 0.9123188405797101 0.22708333333333333 0.07536231884057971 0.01375
0 0.9159420289855073 0.1375 0.15 0.028333333333333332
0 0.9166666666666666 0.11625 0.5195652173913043 0.01125
0 0.9181159420289855 0.09083333333333334 0.06956521739130435 0.01375
0 1.3398550724637681 0.29041666666666666 0.1463768115942029 0.028333333333333332
0 1.3405797101449275 0.26958333333333334 0.1956521739130435 0.01125
0 1.3405797101449275 0.2529166666666667 0.31956521739130433 0.01125
0 1.3405797101449275 0.22666666666666666 0.059420289855072465 0.011666666666666667
