0 0.04420289855072464 0.0125 0.13405797101449277 0.03333333333333333
0 0.05144927536231884 0.4270833333333333 0.12391304347826088 0.028333333333333332
0 0.05144927536231884 0.4058333333333333 0.508695652173913 0.01125
0 0.05144927536231884 0.29041666666666666 0.12681159420289856 0.028333333333333332
0 0.05144927536231884 0.26958333333333334 0.2217391304347826 0.01125
0 0.05144927536231884 0.1375 0.1355072463768116 0.028333333333333332
0 0.05217391304347826 0.2529166666666667 0.29782608695652174 0.01125
0 0.05217391304347826 0.11625 0.4905797101449275 0.01125
0 0.05289855072463768 0.3804166666666667 0.03840579710144928 0.01375
0 0.05289855072463768 0.22708333333333333 0.07391304347826087 0.01375
0 0.05289855072463768 0.09083333333333334 0.07028985507246377 0.01375
0 0.1956521739130435 0.0125 0.1492753623188406 0.03333333333333333
0 0.36231884057971014 0.0125 0.1398550724637681 0.03333333333333333
0 0.4811594202898551 0.29041666666666666 0.13405797101449277 0.028333333333333332
0 0.4811594202898551 0.26958333333333334 0.2543478260869565 0.01125
0 0.48188405797101447 0.2529166666666667 0.3007246376811594 0.01125
0 0.4826086956521739 0.22708333333333333 0.07173913043478261 0.01375
0 0.9108695652173913 0.29041666666666666 0.1536231884057971 0.028333333333333332
0 0.9115942028985508 0.26958333333333334 0.20579710144927535 0.01125
0 0.9115942028985508 0.2529166666666667 0.3007246376811594 0.01125
0 0.9123188405797101 0.22708333333333333 0.07173913043478261 0.010833333333333334
0 0.9159420289855073 0.1375 0.13695652173913042 0.028333333333333332
0 0.9159420289855073 0.09083333333333334 0.05579710144927536 0.01375
0 0.9166666666666666 0.11625 0.5021739130434782 0.01125
0 1.3398550724637681 0.29041666666666666 0.14492753623188406 0.028333333333333332
0 1.3398550724637681 0.2529166666666667 0.2811594202898551 0.01125
0 1.3413043478260869 0.26958333333333334 0.23478260869565218 0.01125
0 1.3420289855072465 0.22708333333333333 0.07391304347826087 0.01375
