0 0.04420289855072464 0.0125 0.12608695652173912 0.03333333333333333
0 0.05144927536231884 0.44375 0.14130434782608695 0.028333333333333332
0 0.05144927536231884 0.4225 0.03333333333333333 0.00875
0 0.05144927536231884 0.38916666666666666 0.21231884057971015 0.01125
0 0.05144927536231884 0.36375 0.08043478260869565 0.01375
0 0.05144927536231884 0.27375 0.13260869565217392 0.028333333333333332
0 0.05144927536231884 0.1375 0.12971014492753624 0.028333333333333332
0 0.05217391304347826 0.4058333333333333 0.3130434782608696 0.01125
0 0.05217391304347826 0.11625 0.5289855072463768 0.01125
0 0.05289855072463768 0.2529166666666667 0.5159420289855072 0.01125
0 0.05289855072463768 0.22708333333333333 0.08188405797101449 0.01125
0 0.05289855072463768 0.09083333333333334 0.0746376811594203 0.01375
0 0.18768115942028984 0.0125 0.13478260869565217 0.03333333333333333
0 0.3398550724637681 0.0125 0.14347826086956522 0.03333333333333333
0 0.4811594202898551 0.4270833333333333 0.15 0.028333333333333332
0 0.4811594202898551 0.38916666666666666 0.2594202898550725 0.01125
0 0.48188405797101447 0.4058333333333333 0.2717391304347826 0.01125
0 0.48188405797101447 0.36333333333333334 0.06956521739130435 0.014166666666666666
0 0.5007246376811594 0.0125 0.1492753623188406 0.03333333333333333
0 0.9108695652173913 0.44375 0.12318840579710146 0.028333333333333332
0 0.9108695652173913 0.4058333333333333 0.39492753623188404 0.01125
0 0.9115942028985508 0.4225 0.09492753623188406 0.00875
0 0.9115942028985508 0.39 0.06521739130434782 0.010416666666666666
0 0.9123188405797101 0.36375 0.06159420289855073 0.010833333333333334
0 0.9159420289855073 0.27375 0.1565217391304348 0.028333333333333332
0 0.9159420289855073 0.2529166666666667 0.5579710144927537 0.01125
0 0.9159420289855073 0.22708333333333333 0.06884057971014493 0.010833333333333334
0 1.3398550724637681 0.4270833333333333 0.16521739130434782 0.028333333333333332
0 1.3398550724637681 0.4058333333333333 0.20217391304347826 0.01125
0 1.3398550724637681 0.36375 0.08405797101449275 0.01375
0 1.3413043478260869 0.38916666666666666 0.32463768115942027 0.01125
