0 0.04420289855072464 0.0125 0.15942028985507245 0.03333333333333333
0 0.05144927536231884 0.41041666666666665 0.15144927536231884 0.028333333333333332
0 0.05144927536231884 0.27375 0.11666666666666667 0.028333333333333332
0 0.05144927536231884 0.1375 0.13115942028985508 0.028333333333333332
0 0.05217391304347826 0.38916666666666666 0.6057971014492753 0.01125
0 0.05217391304347826 0.2529166666666667 0.5528985507246377 0.01125
0 0.05217391304347826 0.22708333333333333 0.0746376811594203 0.01375
0 0.05217391304347826 0.09041666666666667 0.07753623188405798 0.014166666666666666
0 0.05289855072463768 0.36375 0.059420289855072465 0.010833333333333334
0 0.05289855072463768 0.11625 0.5195652173913043 0.01125
0 0.2210144927536232 0.0125 0.15144927536231884 0.03333333333333333
0 0.3898550724637681 0.0125 0.1572463768115942 0.03333333333333333
0 0.9159420289855073 0.41041666666666665 0.16884057971014493 0.028333333333333332
0 0.9173913043478261 0.38916666666666666 0.5362318840579711 0.01125
0 0.9173913043478261 0.36333333333333334 0.0782608695652174 0.011666666666666667
