0 0.04420289855072464 0.0125 0.1492753623188406 0.03333333333333333
0 0.05144927536231884 0.49375 0.13043478260869565 0.028333333333333332
0 0.05144927536231884 0.43916666666666665 0.06376811594202898 0.01125
0 0.05144927536231884 0.32375 0.14492753623188406 0.028333333333333332
0 0.05144927536231884 0.15416666666666667 0.14202898550724638 0.028333333333333332
0 0.05217391304347826 0.4725 0.1144927536231884 0.01125
0 0.05217391304347826 0.4558333333333333 0.38623188405797104 0.01125
0 0.05217391304347826 0.41333333333333333 0.0536231884057971 0.014166666666666666
0 0.05217391304347826 0.30291666666666667 0.1565217391304348 0.01125
0 0.05217391304347826 0.28625 0.34782608695652173 0.01125
0 0.05217391304347826 0.13291666666666666 0.24202898550724639 0.01125
0 0.05217391304347826 0.11625 0.30869565217391304 0.01125
0 0.05289855072463768 0.2604166666666667 0.08188405797101449 0.010833333333333334
0 0.05289855072463768 0.09083333333333334 0.057971014492753624 0.01375
0 0.2108695652173913 0.0125 0.1565217391304348 0.03333333333333333
0 0.3847826086956522 0.0125 0.1463768115942029 0.03333333333333333
0 0.48043478260869565 0.28625 0.3065217391304348 0.01125
0 0.4811594202898551 0.47708333333333336 0.14565217391304347 0.028333333333333332
0 0.4811594202898551 0.4558333333333333 0.19927536231884058 0.01125
0 0.4811594202898551 0.43916666666666665 0.3289855072463768 0.01125
0 0.4811594202898551 0.41375 0.07536231884057971 0.01375
0 0.4811594202898551 0.32375 0.13623188405797101 0.028333333333333332
0 0.4811594202898551 0.30291666666666667 0.19130434782608696 0.01125
0 0.4811594202898551 0.2604166666666667 0.06521739130434782 0.01125
0 0.4811594202898551 0.17083333333333334 0.15434782608695652 0.028333333333333332
0 0.4811594202898551 0.11625 0.19202898550724637 0.01125
0 0.48188405797101447 0.15041666666666667 0.015942028985507246 0.007916666666666667
0 0.48188405797101447 0.13291666666666666 0.32681159420289857 0.01125
0 0.4826086956521739 0.09083333333333334 0.07246376811594203 0.01375
0 0.9108695652173913 0.47708333333333336 0.15434782608695652 0.028333333333333332
0 0.9108695652173913 0.41375 0.057971014492753624 0.01375
0 0.9108695652173913 0.32375 0.11159420289855072 0.028333333333333332
0 0.9108695652173913 0.30291666666666667 0.3239130434782609 0.01125
0 0.9108695652173913 0.28625 0.18695652173913044 0.01125
0 0.9108695652173913 0.2604166666666667 0.06376811594202898 0.010833333333333334
0 0.9108695652173913 0.15416666666666667 0.12971014492753624 0.028333333333333332
0 0.9108695652173913 0.11625 0.25869565217391305 0.01125
0 0.9108695652173913 0.09083333333333334 0.05144927536231884 0.010833333333333334
0 0.9115942028985508 0.4558333333333333 0.3992753623188406 0.01125
0 0.9115942028985508 0.43916666666666665 0.03768115942028986 0.01125
0 0.9115942028985508 0.13291666666666666 0.2753623188405797 0.01125
0 1.3398550724637681 0.4725 0.03260869565217391 0.00875
0 1.3398550724637681 0.32375 0.15434782608695652 0.028333333333333332
0 1.3398550724637681 0.15416666666666667 0.14565217391304347 0.028333333333333332
0 1.3398550724637681 0.11625 0.3050724637681159 0.01125
0 1.3405797101449275 0.4558333333333333 0.34057971014492755 0.01125
0 1.3405797101449275 0.43916666666666665 0.15434782608695652 0.01125
0 1.3405797101449275 0.30291666666666667 0.25869565217391305 0.01125
0 1.3413043478260869 0.28625 0.29347826086956524 0.01125
0 1.3413043478260869 0.13291666666666666 0.28695652173913044 0.01125
0 1.3420289855072465 0.41375 0.06231884057971015 0.01375
0 1.3420289855072465 0.2604166666666667 0.08405797101449275 0.010833333333333334
0 1.3420289855072465 0.09083333333333334 0.06594202898550725 0.01375
