0 0.04420289855072464 0.0125 0.1427536231884058 0.03333333333333333
0 0.05144927536231884 0.44375 0.13695652173913042 0.028333333333333332
0 0.05144927536231884 0.3070833333333333 0.13840579710144926 0.028333333333333332
0 0.05144927536231884 0.1375 0.15289855072463768 0.028333333333333332
0 0.05217391304347826 0.28625 0.05217391304347826 0.01125
0 0.05217391304347826 0.26958333333333334 0.32753623188405795 0.01125
0 0.05217391304347826 0.2529166666666667 0.12318840579710146 0.01125
0 0.05217391304347826 0.22666666666666666 0.08550724637681159 0.011666666666666667
0 0.05217391304347826 0.11625 0.5782608695652174 0.01125
0 0.05289855072463768 0.4225 0.5565217391304348 0.01125
0 0.05289855072463768 0.39708333333333334 0.07028985507246377 0.01375
0 0.05289855072463768 0.09083333333333334 0.07246376811594203 0.01375
0 0.20434782608695654 0.0125 0.13768115942028986 0.03333333333333333
0 0.4811594202898551 0.29041666666666666 0.14130434782608695 0.028333333333333332
0 0.4811594202898551 0.2529166666666667 0.23043478260869565 0.01125
0 0.48188405797101447 0.26958333333333334 0.28840579710144926 0.01125
0 0.4826086956521739 0.22708333333333333 0.07753623188405798 0.010833333333333334
0 0.9101449275362319 0.22708333333333333 0.07608695652173914 0.01375
0 0.9108695652173913 0.29041666666666666 0.1492753623188406 0.028333333333333332
0 0.9115942028985508 0.26958333333333334 0.25072463768115943 0.01125
0 0.9115942028985508 0.2529166666666667 0.322463768115942 0.01125
0 0.9159420289855073 0.1375 0.1391304347826087 0.028333333333333332
0 0.9166666666666666 0.11625 0.5652173913043478 0.01125
0 0.9181159420289855 0.09083333333333334 0.06159420289855073 0.010833333333333334
0 1.3398550724637681 0.29041666666666666 0.14347826086956522 0.028333333333333332
0 1.3413043478260869 0.26958333333333334 0.286231884057971 0.01125
0 1.3413043478260869 0.2529166666666667 0.22753623188405797 0.01125
0 1.3420289855072465 0.22708333333333333 0.0536231884057971 0.01375
