0 0.04420289855072464 0.0125 0.12971014492753624 0.03333333333333333
0 0.05144927536231884 0.4270833333333333 0.14202898550724638 0.028333333333333332
0 0.05144927536231884 0.29041666666666666 0.13695652173913042 0.028333333333333332
0 0.05144927536231884 0.15416666666666667 0.15 0.028333333333333332
0 0.05217391304347826 0.4058333333333333 0.5268115942028986 0.01125
0 0.05217391304347826 0.26958333333333334 0.5384057971014493 0.01125
0 0.05217391304347826 0.13291666666666666 0.22971014492753622 0.01125
0 0.05217391304347826 0.11625 0.29637681159420287 0.01125
0 0.05289855072463768 0.3804166666666667 0.0746376811594203 0.01375
0 0.05289855072463768 0.24375 0.0746376811594203 0.01375
0 0.05289855072463768 0.09083333333333334 0.05434782608695652 0.010833333333333334
0 0.19130434782608696 0.0125 0.14565217391304347 0.03333333333333333
0 0.35434782608695653 0.0125 0.16956521739130434 0.03333333333333333
0 0.4811594202898551 0.15416666666666667 0.15217391304347827 0.028333333333333332
0 0.4811594202898551 0.13291666666666666 0.1927536231884058 0.01125
0 0.4811594202898551 0.11625 0.34130434782608693 0.01125
0 0.48188405797101447 0.09041666666666667 0.07246376811594203 0.012083333333333333
0 0.5413043478260869 0.0125 0.14130434782608695 0.03333333333333333
0 0.7 0.0125 0.14057971014492754 0.03333333333333333
0 0.9108695652173913 0.15416666666666667 0.1318840579710145 0.028333333333333332
0 0.9108695652173913 0.13291666666666666 0.22318840579710145 0.01125
0 0.9108695652173913 0.11625 0.3239130434782609 0.01125
0 0.9123188405797101 0.09083333333333334 0.06231884057971015 0.01375
0 0.9159420289855073 0.4270833333333333 0.14420289855072463 0.028333333333333332
0 0.9159420289855073 0.3804166666666667 0.0644927536231884 0.01375
0 0.9173913043478261 0.4058333333333333 0.5231884057971015 0.01125
0 1.3398550724637681 0.15416666666666667 0.1391304347826087 0.028333333333333332
0 1.3405797101449275 0.13291666666666666 0.23043478260869565 0.01125
0 1.3405797101449275 0.11625 0.34202898550724636 0.01125
0 1.3405797101449275 0.09041666666666667 0.07608695652173914 0.012083333333333333
