0 0.04420289855072464 0.0125 0.15579710144927536 0.03333333333333333
0 0.05144927536231884 0.4270833333333333 0.14782608695652175 0.028333333333333332
0 0.05144927536231884 0.29041666666666666 0.12318840579710146 0.028333333333333332
0 0.05144927536231884 0.26958333333333334 0.5463768115942029 0.01125
0 0.05144927536231884 0.15416666666666667 0.1492753623188406 0.028333333333333332
0 0.05144927536231884 0.13291666666666666 0.2514492753623188 0.01125
0 0.05144927536231884 0.11625 0.32608695652173914 0.01125
0 0.05144927536231884 0.09083333333333334 0.08333333333333333 0.010833333333333334
0 0.05217391304347826 0.4058333333333333 0.5739130434782609 0.01125
0 0.05289855072463768 0.3804166666666667 0.06304347826086956 0.010833333333333334
0 0.05289855072463768 0.24375 0.07608695652173914 0.01375
0 0.21739130434782608 0.0125 0.15942028985507245 0.03333333333333333
0 0.39420289855072466 0.0125 0.15579710144927536 0.03333333333333333
0 0.4811594202898551 0.15416666666666667 0.12246376811594203 0.028333333333333332
0 0.4811594202898551 0.11625 0.2956521739130435 0.01125
0 0.48188405797101447 0.13291666666666666 0.20652173913043478 0.01125
0 0.4826086956521739 0.09083333333333334 0.07101449275362319 0.01375
0 0.9101449275362319 0.09083333333333334 0.07173913043478261 0.01125
0 0.9108695652173913 0.15416666666666667 0.1608695652173913 0.028333333333333332
0 0.9108695652173913 0.13291666666666666 0.26521739130434785 0.01125
0 0.9108695652173913 0.11625 0.2956521739130435 0.01125
0 0.9159420289855073 0.4270833333333333 0.13768115942028986 0.028333333333333332
0 0.9166666666666666 0.4058333333333333 0.5028985507246376 0.01125
0 0.9181159420289855 0.3804166666666667 0.06884057971014493 0.01125
0 1.3398550724637681 0.15416666666666667 0.1471014492753623 0.028333333333333332
0 1.3398550724637681 0.13291666666666666 0.32463768115942027 0.01125
0 1.3398550724637681 0.09083333333333334 0.06376811594202898 0.01375
0 1.3413043478260869 0.11625 0.24347826086956523 0.01125
