0 0.04420289855072464 0.0125 0.14347826086956522 0.03333333333333333
0 0.050724637681159424 0.13291666666666666 0.23478260869565218 0.01125
0 0.05144927536231884 0.15416666666666667 0.1492753623188406 0.028333333333333332
0 0.05144927536231884 0.09083333333333334 0.060144927536231886 0.01375
0 0.05289855072463768 0.11625 0.3101449275362319 0.01125
0 0.20507246376811594 0.0125 0.15942028985507245 0.03333333333333333
0 0.3818840579710145 0.0125 0.15144927536231884 0.03333333333333333
0 0.48043478260869565 0.11625 0.1782608695652174 0.01125
0 0.4811594202898551 0.17083333333333334 0.13478260869565217 0.028333333333333332
0 0.4811594202898551 0.14958333333333335 0.04057971014492753 0.01125
0 0.48188405797101447 0.13291666666666666 0.3101449275362319 0.01125
0 0.4826086956521739 0.09083333333333334 0.06811594202898551 0.01375
0 0.5507246376811594 0.0125 0.14420289855072463 0.03333333333333333
0 0.7123188405797102 0.0125 0.1427536231884058 0.03333333333333333
0 0.9108695652173913 0.15416666666666667 0.15217391304347827 0.028333333333333332
0 0.9108695652173913 0.11625 0.2811594202898551 0.01125
0 0.9115942028985508 0.13291666666666666 0.26231884057971017 0.01125
0 0.9123188405797101 0.09083333333333334 0.07391304347826087 0.01375
0 1.3398550724637681 0.15416666666666667 0.1398550724637681 0.028333333333333332
0 1.3413043478260869 0.13291666666666666 0.27608695652173915 0.01125
0 1.3413043478260869 0.11625 0.2797101449275362 0.01125
0 1.3420289855072465 0.09083333333333334 0.06666666666666667 0.01375
