0 0.04420289855072464 0.0125 0.15434782608695652 0.03333333333333333
0 0.05144927536231884 0.4270833333333333 0.13695652173913042 0.028333333333333332
0 0.05144927536231884 0.27375 0.13115942028985508 0.028333333333333332
0 0.05144927536231884 0.22708333333333333 0.06521739130434782 0.010833333333333334
0 0.05144927536231884 0.1375 0.1644927536231884 0.028333333333333332
0 0.05217391304347826 0.4058333333333333 0.19710144927536233 0.01125
0 0.05217391304347826 0.38916666666666666 0.33405797101449275 0.01125
0 0.05217391304347826 0.2529166666666667 0.5094202898550725 0.01125
0 0.05217391304347826 0.11625 0.5376811594202898 0.01125
0 0.05217391304347826 0.09041666666666667 0.07028985507246377 0.012083333333333333
0 0.05289855072463768 0.36375 0.06376811594202898 0.010833333333333334
0 0.21594202898550724 0.0125 0.1471014492753623 0.03333333333333333
0 0.3804347826086957 0.0125 0.16884057971014493 0.03333333333333333
0 0.4811594202898551 0.4270833333333333 0.1282608695652174 0.028333333333333332
0 0.48188405797101447 0.4058333333333333 0.1956521739130435 0.01125
0 0.48188405797101447 0.38916666666666666 0.2985507246376812 0.01125
0 0.4826086956521739 0.36375 0.05652173913043478 0.01125
0 0.5666666666666667 0.0125 0.14130434782608695 0.03333333333333333
0 0.7253623188405797 0.0125 0.15 0.03333333333333333
0 0.9101449275362319 0.38916666666666666 0.03260869565217391 0.01125
0 0.9101449275362319 0.36375 0.06521739130434782 0.010833333333333334
0 0.9108695652173913 0.44375 0.12971014492753624 0.028333333333333332
0 0.9108695652173913 0.4225 0.2210144927536232 0.01125
0 0.9115942028985508 0.4058333333333333 0.3130434782608696 0.01125
0 0.9159420289855073 0.27375 0.13695652173913042 0.028333333333333332
0 0.9166666666666666 0.2529166666666667 0.5144927536231884 0.01125
0 0.9181159420289855 0.22708333333333333 0.07391304347826087 0.01375
0 1.3398550724637681 0.4270833333333333 0.14565217391304347 0.028333333333333332
0 1.3405797101449275 0.4058333333333333 0.3079710144927536 0.01125
0 1.3405797101449275 0.38916666666666666 0.2108695652173913 0.01125
0 1.3420289855072465 0.36375 0.06594202898550725 0.010833333333333334
