0 0.04420289855072464 0.0125 0.16666666666666666 0.03333333333333333
0 0.05144927536231884 0.44375 0.13768115942028986 0.028333333333333332
0 0.05144927536231884 0.4225 0.486231884057971 0.01125
0 0.05144927536231884 0.39708333333333334 0.06594202898550725 0.010833333333333334
0 0.05144927536231884 0.3070833333333333 0.1471014492753623 0.028333333333333332
0 0.05144927536231884 0.15416666666666667 0.12391304347826088 0.028333333333333332
0 0.05144927536231884 0.13291666666666666 0.3427536231884058 0.01125
0 0.05217391304347826 0.28625 0.5057971014492754 0.01125
0 0.05289855072463768 0.2604166666666667 0.07101449275362319 0.01375
0 0.05289855072463768 0.11625 0.2036231884057971 0.01125
0 0.05289855072463768 0.09083333333333334 0.08550724637681159 0.01375
0 0.22826086956521738 0.0125 0.1391304347826087 0.03333333333333333
0 0.3847826086956522 0.0125 0.15144927536231884 0.03333333333333333
0 0.4811594202898551 0.17083333333333334 0.1282608695652174 0.028333333333333332
0 0.4811594202898551 0.13291666666666666 0.3036231884057971 0.01125
0 0.4811594202898551 0.11625 0.15072463768115943 0.01125
0 0.48188405797101447 0.14958333333333335 0.06376811594202898 0.01125
0 0.4826086956521739 0.09083333333333334 0.07318840579710145 0.01375
0 0.9108695652173913 0.15416666666666667 0.14130434782608695 0.028333333333333332
0 0.9108695652173913 0.13291666666666666 0.19927536231884058 0.01125
0 0.9115942028985508 0.11625 0.34057971014492755 0.01125
0 0.9123188405797101 0.09083333333333334 0.07173913043478261 0.010833333333333334
0 0.9159420289855073 0.44375 0.14130434782608695 0.028333333333333332
0 0.9173913043478261 0.4225 0.5442028985507247 0.01125
0 0.9181159420289855 0.39708333333333334 0.0746376811594203 0.01125
0 1.3398550724637681 0.17083333333333334 0.13840579710144926 0.028333333333333332
0 1.3398550724637681 0.09083333333333334 0.07173913043478261 0.010833333333333334
0 1.3405797101449275 0.14958333333333335 0.11376811594202899 0.01125
0 1.3405797101449275 0.11625 0.19710144927536233 0.01125
0 1.3413043478260869 0.13291666666666666 0.2326086956521739 0.01125
