0 0.04420289855072464 0.0125 0.1492753623188406 0.03333333333333333
0 0.05144927536231884 0.3070833333333333 0.1427536231884058 0.028333333333333332
0 0.05144927536231884 0.26958333333333334 0.30144927536231886 0.01125
0 0.05144927536231884 0.2529166666666667 0.1492753623188406 0.01125
0 0.05144927536231884 0.1375 0.15217391304347827 0.028333333333333332
0 0.05217391304347826 0.28625 0.04710144927536232 0.01125
0 0.05217391304347826 0.11625 0.5260869565217391 0.01125
0 0.05289855072463768 0.22708333333333333 0.06376811594202898 0.01375
0 0.05289855072463768 0.09083333333333334 0.07536231884057971 0.01375
0 0.2108695652173913 0.0125 0.1289855072463768 0.03333333333333333
0 0.4811594202898551 0.29041666666666666 0.13043478260869565 0.028333333333333332
0 0.4811594202898551 0.26958333333333334 0.16666666666666666 0.01125
0 0.48188405797101447 0.2529166666666667 0.3318840579710145 0.01125
0 0.4826086956521739 0.22708333333333333 0.07101449275362319 0.010833333333333334
0 0.9108695652173913 0.29041666666666666 0.12608695652173912 0.028333333333333332
0 0.9108695652173913 0.2529166666666667 0.2492753623188406 0.01125
0 0.9115942028985508 0.26958333333333334 0.2463768115942029 0.01125
0 0.9123188405797101 0.22708333333333333 0.06956521739130435 0.01375
0 1.3398550724637681 0.29041666666666666 0.1427536231884058 0.028333333333333332
0 1.3398550724637681 0.26958333333333334 0.20652173913043478 0.01125
0 1.3405797101449275 0.2529166666666667 0.3289855072463768 0.01125
0 1.3405797101449275 0.22708333333333333 0.06811594202898551 0.01375
