0 0.04420289855072464 0.0125 0.14347826086956522 0.03333333333333333
0 0.05144927536231884 0.4270833333333333 0.13840579710144926 0.028333333333333332
0 0.05144927536231884 0.38916666666666666 0.29927536231884055 0.01125
0 0.05144927536231884 0.27375 0.14130434782608695 0.028333333333333332
0 0.05144927536231884 0.1375 0.13695652173913042 0.028333333333333332
0 0.05217391304347826 0.36375 0.07608695652173914 0.01375
0 0.05217391304347826 0.2529166666666667 0.527536231884058 0.01125
0 0.05217391304347826 0.11625 0.5130434782608696 0.01125
0 0.05289855072463768 0.4058333333333333 0.2427536231884058 0.01125
0 0.05289855072463768 0.22708333333333333 0.08840579710144927 0.01375
0 0.05289855072463768 0.09083333333333334 0.07753623188405798 0.01375
0 0.20507246376811594 0.0125 0.15579710144927536 0.03333333333333333
0 0.3782608695652174 0.0125 0.15144927536231884 0.03333333333333333
0 0.48043478260869565 0.38916666666666666 0.3239130434782609 0.01125
0 0.4811594202898551 0.4270833333333333 0.1355072463768116 0.028333333333333332
0 0.48188405797101447 0.4058333333333333 0.1927536231884058 0.01125
0 0.4826086956521739 0.36375 0.07173913043478261 0.010833333333333334
0 0.5471014492753623 0.0125 0.1492753623188406 0.03333333333333333
0 0.9101449275362319 0.36375 0.0746376811594203 0.01375
0 0.9108695652173913 0.4270833333333333 0.1471014492753623 0.028333333333333332
0 0.9108695652173913 0.4058333333333333 0.22826086956521738 0.01125
0 0.9108695652173913 0.38916666666666666 0.3181159420289855 0.01125
0 0.9159420289855073 0.1375 0.1492753623188406 0.028333333333333332
0 0.9159420289855073 0.11625 0.5101449275362319 0.01125
0 0.9181159420289855 0.09083333333333334 0.06376811594202898 0.01375
0 1.3398550724637681 0.4270833333333333 0.14130434782608695 0.028333333333333332
0 1.3398550724637681 0.38916666666666666 0.3079710144927536 0.01125
0 1.3405797101449275 0.4058333333333333 0.20507246376811594 0.01125
0 1.3420289855072465 0.36375 0.06086956521739131 0.010833333333333334
