0 0.04420289855072464 0.0125 0.15144927536231884 0.03333333333333333
0 0.05144927536231884 0.17083333333333334 0.1391304347826087 0.028333333333333332
0 0.05144927536231884 0.11625 0.03260869565217391 0.01125
0 0.05144927536231884 0.09083333333333334 0.05217391304347826 0.01375
0 0.05217391304347826 0.14958333333333335 0.1289855072463768 0.01125
0 0.05217391304347826 0.13291666666666666 0.3289855072463768 0.01125
0 0.21304347826086956 0.0125 0.13478260869565217 0.03333333333333333
0 0.3652173913043478 0.0125 0.16884057971014493 0.03333333333333333
0 0.4811594202898551 0.15416666666666667 0.15434782608695652 0.028333333333333332
0 0.4811594202898551 0.13291666666666666 0.18695652173913044 0.01125
0 0.48188405797101447 0.11625 0.3181159420289855 0.01125
0 0.4826086956521739 0.09083333333333334 0.07681159420289856 0.01375
0 0.5514492753623188 0.0125 0.15072463768115943 0.03333333333333333
0 0.9108695652173913 0.15416666666666667 0.15 0.028333333333333332
0 0.9108695652173913 0.11625 0.2543478260869565 0.01125
0 0.9108695652173913 0.09083333333333334 0.0572463768115942 0.010833333333333334
0 0.9115942028985508 0.13291666666666666 0.28695652173913044 0.01125
0 1.3398550724637681 0.15416666666666667 0.1492753623188406 0.028333333333333332
0 1.3398550724637681 0.13291666666666666 0.22391304347826088 0.01125
0 1.3413043478260869 0.11625 0.34492753623188405 0.01125
0 1.3413043478260869 0.09041666666666667 0.06521739130434782 0.014166666666666666
