0 0.04420289855072464 0.0125 0.15217391304347827 0.03333333333333333
0 0.05144927536231884 0.4270833333333333 0.1471014492753623 0.028333333333333332
0 0.05144927536231884 0.4058333333333333 0.5369565217391304 0.01125
0 0.05144927536231884 0.29041666666666666 0.15869565217391304 0.028333333333333332
0 0.05144927536231884 0.15416666666666667 0.14420289855072463 0.028333333333333332
0 0.05144927536231884 0.13291666666666666 0.22028985507246376 0.01125
0 0.05217391304347826 0.26958333333333334 0.5398550724637681 0.01125
0 0.05217391304347826 0.24375 0.06521739130434782 0.01375
0 0.05217391304347826 0.11625 0.3210144927536232 0.01125
0 0.05217391304347826 0.09041666666666667 0.07681159420289856 0.014166666666666666
0 0.05289855072463768 0.3804166666666667 0.06304347826086956 0.010833333333333334
0 0.05507246376811594 0.09375 0.017391304347826087 0.004166666666666667
0 0.213768115942029 0.0125 0.14420289855072463 0.03333333333333333
0 0.4811594202898551 0.15416666666666667 0.13260869565217392 0.028333333333333332
0 0.4811594202898551 0.13291666666666666 0.20869565217391303 0.01125
0 0.48188405797101447 0.11625 0.33260869565217394 0.01125
0 0.4826086956521739 0.09083333333333334 0.05507246376811594 0.01375
0 0.9101449275362319 0.09083333333333334 0.06884057971014493 0.01375
0 0.9108695652173913 0.15416666666666667 0.1427536231884058 0.028333333333333332
0 0.9108695652173913 0.13291666666666666 0.21594202898550724 0.01125
0 0.9115942028985508 0.11625 0.31231884057971016 0.01125
0 0.9159420289855073 0.29041666666666666 0.13768115942028986 0.028333333333333332
0 0.9166666666666666 0.26958333333333334 0.5253623188405797 0.01125
0 0.9181159420289855 0.24375 0.07391304347826087 0.010833333333333334
0 1.3398550724637681 0.15416666666666667 0.1391304347826087 0.028333333333333332
0 1.3413043478260869 0.13291666666666666 0.2210144927536232 0.01125
0 1.3413043478260869 0.11625 0.2942028985507246 0.01125
0 1.3420289855072465 0.09083333333333334 0.06086956521739131 0.010833333333333334
