0 0.04420289855072464 0.0125 0.14565217391304347 0.03333333333333333
0 0.05144927536231884 0.44375 0.14492753623188406 0.028333333333333332
0 0.05144927536231884 0.4225 0.5239130434782608 0.01125
0 0.05144927536231884 0.29041666666666666 0.15217391304347827 0.028333333333333332
0 0.05144927536231884 0.2529166666666667 0.1782608695652174 0.01125
0 0.05144927536231884 0.1375 0.1355072463768116 0.028333333333333332
0 0.05217391304347826 0.39666666666666667 0.06666666666666667 0.014166666666666666
0 0.05217391304347826 0.26958333333333334 0.4 0.01125
0 0.05217391304347826 0.11625 0.5289855072463768 0.01125
0 0.05289855072463768 0.22708333333333333 0.06594202898550725 0.01375
0 0.05289855072463768 0.09083333333333334 0.07971014492753623 0.01125
0 0.2072463768115942 0.0125 0.1471014492753623 0.03333333333333333
0 0.3717391304347826 0.0125 0.14565217391304347 0.03333333333333333
0 0.48043478260869565 0.22708333333333333 0.0644927536231884 0.01375
0 0.4811594202898551 0.29041666666666666 0.14782608695652175 0.028333333333333332
0 0.4811594202898551 0.2529166666666667 0.30289855072463767 0.01125
0 0.48188405797101447 0.26958333333333334 0.24782608695652175 0.01125
0 0.9108695652173913 0.29041666666666666 0.1318840579710145 0.028333333333333332
0 0.9115942028985508 0.26958333333333334 0.21304347826086956 0.01125
0 0.9115942028985508 0.2529166666666667 0.3188405797101449 0.01125
0 0.9123188405797101 0.22708333333333333 0.0782608695652174 0.010833333333333334
0 0.9159420289855073 0.44375 0.14202898550724638 0.028333333333333332
0 0.9166666666666666 0.4225 0.527536231884058 0.01125
0 0.9181159420289855 0.39708333333333334 0.07753623188405798 0.01375
0 1.3398550724637681 0.3070833333333333 0.14420289855072463 0.028333333333333332
0 1.3398550724637681 0.2529166666666667 0.12318840579710146 0.01125
0 1.3405797101449275 0.28625 0.08188405797101449 0.01125
0 1.3413043478260869 0.26958333333333334 0.26666666666666666 0.01125
0 1.3420289855072465 0.22708333333333333 0.06086956521739131 0.01375
