0 0.04420289855072464 0.0125 0.1565217391304348 0.03333333333333333
0 0.05144927536231884 0.4270833333333333 0.14130434782608695 0.028333333333333332
0 0.05144927536231884 0.36375 0.06956521739130435 0.01375
0 0.05144927536231884 0.27375 0.14420289855072463 0.028333333333333332
0 0.05144927536231884 0.22708333333333333 0.06884057971014493 0.010833333333333334
0 0.05144927536231884 0.1375 0.15797101449275364 0.028333333333333332
0 0.05217391304347826 0.38916666666666666 0.33405797101449275 0.01125
0 0.05217391304347826 0.2529166666666667 0.5398550724637681 0.01125
0 0.05217391304347826 0.11625 0.5021739130434782 0.01125
0 0.05289855072463768 0.4058333333333333 0.21811594202898552 0.00875
0 0.05289855072463768 0.09083333333333334 0.06521739130434782 0.010833333333333334
0 0.21811594202898552 0.0125 0.15072463768115943 0.03333333333333333
0 0.38623188405797104 0.0125 0.13043478260869565 0.03333333333333333
0 0.4811594202898551 0.4270833333333333 0.1565217391304348 0.028333333333333332
0 0.4811594202898551 0.4058333333333333 0.19057971014492753 0.01125
0 0.4811594202898551 0.36375 0.06304347826086956 0.01375
0 0.48188405797101447 0.38916666666666666 0.322463768115942 0.01125
0 0.5340579710144927 0.0125 0.14202898550724638 0.03333333333333333
0 0.6934782608695652 0.0125 0.15217391304347827 0.03333333333333333
0 0.9108695652173913 0.4270833333333333 0.14855072463768115 0.028333333333333332
0 0.9108695652173913 0.4058333333333333 0.3427536231884058 0.01125
0 0.9108695652173913 0.38916666666666666 0.15072463768115943 0.00875
0 0.9108695652173913 0.36375 0.07173913043478261 0.01375
0 0.9159420289855073 0.27375 0.13478260869565217 0.028333333333333332
0 0.9166666666666666 0.2529166666666667 0.5036231884057971 0.01125
0 0.9166666666666666 0.22666666666666666 0.0746376811594203 0.011666666666666667
0 1.3398550724637681 0.4270833333333333 0.16014492753623188 0.028333333333333332
0 1.3398550724637681 0.38916666666666666 0.2543478260869565 0.01125
0 1.3405797101449275 0.36333333333333334 0.07318840579710145 0.011666666666666667
0 1.3413043478260869 0.4058333333333333 0.2210144927536232 0.01125
