0 0.04420289855072464 0.0125 0.1463768115942029 0.03333333333333333
0 0.05144927536231884 0.44375 0.1427536231884058 0.028333333333333332
0 0.05144927536231884 0.3070833333333333 0.14057971014492754 0.028333333333333332
0 0.05144927536231884 0.2604166666666667 0.06304347826086956 0.01375
0 0.05144927536231884 0.17083333333333334 0.1471014492753623 0.028333333333333332
0 0.05217391304347826 0.28625 0.5246376811594203 0.01125
0 0.05217391304347826 0.14958333333333335 0.06159420289855073 0.01125
0 0.05217391304347826 0.13291666666666666 0.32971014492753625 0.01125
0 0.05217391304347826 0.11625 0.11884057971014493 0.01125
0 0.05289855072463768 0.4225 0.5369565217391304 0.01125
0 0.05289855072463768 0.39708333333333334 0.0644927536231884 0.01375
0 0.05289855072463768 0.09083333333333334 0.06231884057971015 0.01375
0 0.20797101449275363 0.0125 0.1391304347826087 0.03333333333333333
0 0.3644927536231884 0.0125 0.13478260869565217 0.03333333333333333
0 0.48043478260869565 0.09083333333333334 0.07246376811594203 0.010833333333333334
0 0.4811594202898551 0.15416666666666667 0.1318840579710145 0.028333333333333332
0 0.4811594202898551 0.13291666666666666 0.22753623188405797 0.01125
0 0.4811594202898551 0.11625 0.33405797101449275 0.01125
0 0.5166666666666667 0.0125 0.14782608695652175 0.03333333333333333
0 0.9101449275362319 0.13291666666666666 0.2985507246376812 0.01125
0 0.9101449275362319 0.09083333333333334 0.07318840579710145 0.01375
0 0.9108695652173913 0.15416666666666667 0.14057971014492754 0.028333333333333332
0 0.9108695652173913 0.11625 0.24420289855072463 0.01125
0 0.9159420289855073 0.44375 0.12608695652173912 0.028333333333333332
0 0.9173913043478261 0.4225 0.5398550724637681 0.01125
0 0.9181159420289855 0.39708333333333334 0.07318840579710145 0.010833333333333334
0 1.3398550724637681 0.15416666666666667 0.12753623188405797 0.028333333333333332
0 1.3398550724637681 0.09083333333333334 0.07246376811594203 0.01375
0 1.3405797101449275 0.13291666666666666 0.23115942028985506 0.01125
0 1.3405797101449275 0.11625 0.3333333333333333 0.01125
