0 0.04420289855072464 0.0125 0.14782608695652175 0.03333333333333333
0 0.05144927536231884 0.4270833333333333 0.14130434782608695 0.028333333333333332
0 0.05144927536231884 0.29041666666666666 0.14202898550724638 0.028333333333333332
0 0.05144927536231884 0.1375 0.14782608695652175 0.028333333333333332
0 0.05217391304347826 0.4058333333333333 0.5021739130434782 0.01125
0 0.05217391304347826 0.38 0.06521739130434782 0.012083333333333333
0 0.05217391304347826 0.26958333333333334 0.3065217391304348 0.01125
0 0.05217391304347826 0.2529166666666667 0.2594202898550725 0.01125
0 0.05289855072463768 0.22708333333333333 0.07608695652173914 0.01375
0 0.05289855072463768 0.11625 0.5608695652173913 0.01125
0 0.05289855072463768 0.09083333333333334 0.060144927536231886 0.010833333333333334
0 0.20942028985507247 0.0125 0.15942028985507245 0.03333333333333333
0 0.38623188405797104 0.0125 0.14420289855072463 0.03333333333333333
0 0.4811594202898551 0.29041666666666666 0.15 0.028333333333333332
0 0.4811594202898551 0.2529166666666667 0.32753623188405795 0.01125
0 0.48188405797101447 0.26958333333333334 0.15434782608695652 0.01125
0 0.4826086956521739 0.22708333333333333 0.0746376811594203 0.01375
0 0.5478260869565217 0.0125 0.15434782608695652 0.03333333333333333
0 0.9108695652173913 0.29041666666666666 0.14782608695652175 0.028333333333333332
0 0.9108695652173913 0.26958333333333334 0.2217391304347826 0.01125
0 0.9115942028985508 0.2529166666666667 0.3007246376811594 0.01125
0 0.9123188405797101 0.22708333333333333 0.08333333333333333 0.01125
0 0.9159420289855073 0.4270833333333333 0.1355072463768116 0.028333333333333332
0 0.9166666666666666 0.4058333333333333 0.5398550724637681 0.01125
0 0.9166666666666666 0.38 0.060144927536231886 0.011666666666666667
0 1.3398550724637681 0.29041666666666666 0.1427536231884058 0.028333333333333332
0 1.3405797101449275 0.26958333333333334 0.19420289855072465 0.01125
0 1.3413043478260869 0.2529166666666667 0.32463768115942027 0.01125
0 1.3420289855072465 0.22708333333333333 0.07971014492753623 0.010833333333333334
