0 0.04420289855072464 0.0125 0.14347826086956522 0.03333333333333333
0 0.05144927536231884 0.4270833333333333 0.14347826086956522 0.028333333333333332
0 0.05144927536231884 0.29041666666666666 0.14057971014492754 0.028333333333333332
0 0.05144927536231884 0.15416666666666667 0.13405797101449277 0.028333333333333332
0 0.05144927536231884 0.09083333333333334 0.07391304347826087 0.01375
0 0.05217391304347826 0.4058333333333333 0.5666666666666667 0.01125
0 0.05217391304347826 0.13291666666666666 0.27246376811594203 0.01125
0 0.05217391304347826 0.11625 0.2528985507246377 0.01125
0 0.05289855072463768 0.3804166666666667 0.07753623188405798 0.010833333333333334
0 0.05289855072463768 0.26958333333333334 0.5304347826086957 0.01125
0 0.05289855072463768 0.24375 0.07318840579710145 0.010833333333333334
0 0.20507246376811594 0.0125 0.14202898550724638 0.03333333333333333
0 0.4811594202898551 0.15416666666666667 0.16304347826086957 0.028333333333333332
0 0.4811594202898551 0.13291666666666666 0.31666666666666665 0.01125
0 0.48188405797101447 0.11625 0.21956521739130436 0.01125
0 0.4826086956521739 0.09083333333333334 0.06521739130434782 0.010833333333333334
0 0.9101449275362319 0.09083333333333334 0.07608695652173914 0.010833333333333334
0 0.9108695652173913 0.15416666666666667 0.16304347826086957 0.028333333333333332
0 0.9108695652173913 0.13291666666666666 0.30289855072463767 0.01125
0 0.9108695652173913 0.11625 0.25217391304347825 0.01125
0 0.9159420289855073 0.4270833333333333 0.15217391304347827 0.028333333333333332
0 0.9166666666666666 0.4058333333333333 0.4985507246376812 0.01125
0 0.9181159420289855 0.3804166666666667 0.07898550724637682 0.010833333333333334
0 1.3398550724637681 0.15416666666666667 0.14057971014492754 0.028333333333333332
0 1.3405797101449275 0.13291666666666666 0.32753623188405795 0.01125
0 1.3413043478260869 0.11625 0.2492753623188406 0.01125
0 1.3420289855072465 0.09083333333333334 0.06159420289855073 0.01375
