0 0.04420289855072464 0.0125 0.1398550724637681 0.03333333333333333
0 0.05144927536231884 0.4270833333333333 0.1463768115942029 0.028333333333333332
0 0.05144927536231884 0.38916666666666666 0.28695652173913044 0.01125
0 0.05144927536231884 0.27375 0.14347826086956522 0.028333333333333332
0 0.05144927536231884 0.1375 0.13333333333333333 0.028333333333333332
0 0.05217391304347826 0.4058333333333333 0.2217391304347826 0.01125
0 0.05217391304347826 0.36333333333333334 0.06956521739130435 0.014166666666666666
0 0.05217391304347826 0.2529166666666667 0.5202898550724637 0.01125
0 0.05217391304347826 0.11625 0.5130434782608696 0.01125
0 0.05289855072463768 0.22708333333333333 0.07318840579710145 0.01375
0 0.05289855072463768 0.09083333333333334 0.06521739130434782 0.010833333333333334
0 0.20144927536231885 0.0125 0.1608695652173913 0.03333333333333333
0 0.4811594202898551 0.4270833333333333 0.14130434782608695 0.028333333333333332
0 0.4811594202898551 0.36375 0.0746376811594203 0.01125
0 0.48188405797101447 0.4058333333333333 0.20652173913043478 0.01125
0 0.48188405797101447 0.38916666666666666 0.34492753623188405 0.01125
0 0.9108695652173913 0.4270833333333333 0.13478260869565217 0.028333333333333332
0 0.9108695652173913 0.38916666666666666 0.32028985507246377 0.01125
0 0.9115942028985508 0.4058333333333333 0.22536231884057972 0.01125
0 0.9115942028985508 0.36333333333333334 0.059420289855072465 0.014166666666666666
0 0.9144927536231884 0.36666666666666664 0.016666666666666666 0.004166666666666667
0 0.9159420289855073 0.27375 0.1427536231884058 0.028333333333333332
0 0.9159420289855073 0.2529166666666667 0.5478260869565217 0.01125
0 0.9166666666666666 0.22708333333333333 0.07391304347826087 0.010833333333333334
0 1.3398550724637681 0.44375 0.1398550724637681 0.028333333333333332
0 1.3398550724637681 0.36375 0.07173913043478261 0.01375
0 1.3405797101449275 0.425 0.03260869565217391 0.00875
0 1.3405797101449275 0.38916666666666666 0.15942028985507245 0.01125
0 1.3413043478260869 0.4058333333333333 0.3384057971014493 0.01125
