0 0.04420289855072464 0.0125 0.14855072463768115 0.03333333333333333
0 0.05144927536231884 0.4270833333333333 0.14202898550724638 0.028333333333333332
0 0.05144927536231884 0.36375 0.0746376811594203 0.01125
0 0.05144927536231884 0.27375 0.14130434782608695 0.028333333333333332
0 0.05144927536231884 0.2529166666666667 0.5094202898550725 0.01125
0 0.05144927536231884 0.1375 0.15 0.028333333333333332
0 0.05144927536231884 0.09083333333333334 0.07753623188405798 0.01375
0 0.05217391304347826 0.4083333333333333 0.01956521739130435 0.00625
0 0.05217391304347826 0.38916666666666666 0.4 0.01125
0 0.05289855072463768 0.22708333333333333 0.06521739130434782 0.010833333333333334
0 0.05289855072463768 0.11625 0.5268115942028986 0.01125
0 0.21014492753623187 0.0125 0.15289855072463768 0.03333333333333333
0 0.3804347826086957 0.0125 0.15072463768115943 0.03333333333333333
0 0.48043478260869565 0.36375 0.059420289855072465 0.01375
0 0.4811594202898551 0.4270833333333333 0.1492753623188406 0.028333333333333332
0 0.4811594202898551 0.4058333333333333 0.23115942028985506 0.01125
0 0.48188405797101447 0.38916666666666666 0.3130434782608696 0.01125
0 0.5485507246376812 0.0125 0.1536231884057971 0.03333333333333333
0 0.9101449275362319 0.38916666666666666 0.19492753623188405 0.01125
0 0.9101449275362319 0.36375 0.057971014492753624 0.01375
0 0.9108695652173913 0.44375 0.1355072463768116 0.028333333333333332
0 0.9108695652173913 0.425 0.021014492753623187 0.00625
0 0.9115942028985508 0.4058333333333333 0.34492753623188405 0.01125
0 0.9159420289855073 0.27375 0.13840579710144926 0.028333333333333332
0 0.9159420289855073 0.22708333333333333 0.07536231884057971 0.01375
0 0.9166666666666666 0.2529166666666667 0.5492753623188406 0.01125
0 1.3398550724637681 0.44375 0.13260869565217392 0.028333333333333332
0 1.3398550724637681 0.4058333333333333 0.22971014492753622 0.01125
0 1.3398550724637681 0.38916666666666666 0.1246376811594203 0.01125
0 1.3405797101449275 0.4225 0.15869565217391304 0.01125
0 1.3405797101449275 0.36333333333333334 0.08333333333333333 0.014166666666666666
