0 0.04420289855072464 0.0125 0.16159420289855073 0.03333333333333333
0 0.05144927536231884 0.4270833333333333 0.13623188405797101 0.028333333333333332
0 0.05144927536231884 0.4058333333333333 0.32753623188405795 0.01125
0 0.05144927536231884 0.36375 0.0782608695652174 0.01125
0 0.05144927536231884 0.27375 0.15579710144927536 0.028333333333333332
0 0.05144927536231884 0.2529166666666667 0.5210144927536232 0.01125
0 0.05144927536231884 0.1375 0.1289855072463768 0.028333333333333332
0 0.05289855072463768 0.38916666666666666 0.2289855072463768 0.01125
0 0.05289855072463768 0.22708333333333333 0.06666666666666667 0.01375
0 0.05289855072463768 0.11625 0.5057971014492754 0.01125
0 0.05289855072463768 0.09083333333333334 0.06304347826086956 0.01125
0 0.22318840579710145 0.0125 0.15869565217391304 0.03333333333333333
0 0.4811594202898551 0.4270833333333333 0.14057971014492754 0.028333333333333332
0 0.4811594202898551 0.38916666666666666 0.3456521739130435 0.01125
0 0.4811594202898551 0.36375 0.08985507246376812 0.01375
0 0.48188405797101447 0.4058333333333333 0.2 0.01125
0 0.9108695652173913 0.4270833333333333 0.1572463768115942 0.028333333333333332
0 0.9108695652173913 0.4058333333333333 0.25869565217391305 0.01125
0 0.9108695652173913 0.38916666666666666 0.2920289855072464 0.01125
0 0.9123188405797101 0.36375 0.06594202898550725 0.01375
0 0.9159420289855073 0.1375 0.12971014492753624 0.028333333333333332
0 0.9173913043478261 0.11625 0.5514492753623188 0.01125
0 0.9181159420289855 0.09083333333333334 0.06231884057971015 0.01375
0 1.3398550724637681 0.4270833333333333 0.15434782608695652 0.028333333333333332
0 1.3405797101449275 0.4058333333333333 0.3094202898550725 0.01125
0 1.3405797101449275 0.38916666666666666 0.20869565217391303 0.01125
0 1.3405797101449275 0.36375 0.07318840579710145 0.010833333333333334
