0 0.04420289855072464 0.0125 0.1673913043478261 0.03333333333333333
0 0.05144927536231884 0.4270833333333333 0.13405797101449277 0.028333333333333332
0 0.05144927536231884 0.3804166666666667 0.07753623188405798 0.01375
0 0.05144927536231884 0.29041666666666666 0.14130434782608695 0.028333333333333332
0 0.05144927536231884 0.15416666666666667 0.1355072463768116 0.028333333333333332
0 0.05144927536231884 0.13291666666666666 0.15144927536231884 0.01125
0 0.05217391304347826 0.4058333333333333 0.49782608695652175 0.01125
0 0.05217391304347826 0.11625 0.3355072463768116 0.01125
0 0.05289855072463768 0.26958333333333334 0.5434782608695652 0.01125
0 0.05289855072463768 0.24375 0.06739130434782609 0.01125
0 0.05289855072463768 0.09083333333333334 0.06376811594202898 0.010833333333333334
0 0.2289855072463768 0.0125 0.14347826086956522 0.03333333333333333
0 0.4811594202898551 0.15416666666666667 0.13405797101449277 0.028333333333333332
0 0.4811594202898551 0.11625 0.3391304347826087 0.01125
0 0.48188405797101447 0.13291666666666666 0.18115942028985507 0.01125
0 0.48188405797101447 0.09041666666666667 0.06956521739130435 0.011666666666666667
0 0.9108695652173913 0.15416666666666667 0.14057971014492754 0.028333333333333332
0 0.9108695652173913 0.13291666666666666 0.3347826086956522 0.01125
0 0.9115942028985508 0.11625 0.20434782608695654 0.01125
0 0.9123188405797101 0.09083333333333334 0.059420289855072465 0.010833333333333334
0 0.9159420289855073 0.29041666666666666 0.14492753623188406 0.028333333333333332
0 0.9166666666666666 0.26958333333333334 0.5173913043478261 0.01125
0 0.9181159420289855 0.24375 0.08188405797101449 0.01375
0 1.3398550724637681 0.15416666666666667 0.13840579710144926 0.028333333333333332
0 1.3405797101449275 0.11625 0.3079710144927536 0.01125
0 1.3413043478260869 0.13291666666666666 0.21739130434782608 0.01125
0 1.3420289855072465 0.09083333333333334 0.0746376811594203 0.010833333333333334
