0 0.04420289855072464 0.0125 0.15 0.03333333333333333
0 0.05144927536231884 0.27375 0.15289855072463768 0.028333333333333332
0 0.05144927536231884 0.1375 0.1471014492753623 0.028333333333333332
0 0.05217391304347826 0.2529166666666667 0.5130434782608696 0.01125
0 0.05217391304347826 0.11625 0.5210144927536232 0.01125
0 0.05289855072463768 0.22708333333333333 0.07608695652173914 0.010833333333333334
0 0.05289855072463768 0.09083333333333334 0.05652173913043478 0.01375
0 0.21159420289855072 0.0125 0.1391304347826087 0.03333333333333333
0 0.3681159420289855 0.0125 0.15072463768115943 0.03333333333333333
0 0.5362318840579711 0.0125 0.1246376811594203 0.03333333333333333
0 0.9159420289855073 0.27375 0.14420289855072463 0.028333333333333332
0 0.9159420289855073 0.1375 0.15507246376811595 0.028333333333333332
0 0.9166666666666666 0.2529166666666667 0.5311594202898551 0.01125
0 0.9166666666666666 0.11625 0.4971014492753623 0.01125
0 0.9181159420289855 0.22708333333333333 0.07173913043478261 0.010833333333333334
0 0.9181159420289855 0.09083333333333334 0.06739130434782609 0.010833333333333334
