0 0.04420289855072464 0.0125 0.15144927536231884 0.03333333333333333
0 0.05144927536231884 0.4270833333333333 0.1318840579710145 0.028333333333333332
0 0.05144927536231884 0.3804166666666667 0.07608695652173914 0.01375
0 0.05144927536231884 0.29041666666666666 0.15869565217391304 0.028333333333333332
0 0.05144927536231884 0.2529166666666667 0.263768115942029 0.01125
0 0.05144927536231884 0.1375 0.14057971014492754 0.028333333333333332
0 0.05217391304347826 0.4058333333333333 0.505072463768116 0.01125
0 0.05217391304347826 0.26958333333333334 0.2717391304347826 0.01125
0 0.05217391304347826 0.11625 0.5340579710144927 0.01125
0 0.05217391304347826 0.09083333333333334 0.06521739130434782 0.01375
0 0.05289855072463768 0.22708333333333333 0.07391304347826087 0.01375
0 0.21304347826086956 0.0125 0.13333333333333333 0.03333333333333333
0 0.36376811594202896 0.0125 0.1471014492753623 0.03333333333333333
0 0.4811594202898551 0.29041666666666666 0.13333333333333333 0.028333333333333332
0 0.4811594202898551 0.2529166666666667 0.29637681159420287 0.01125
0 0.4811594202898551 0.22708333333333333 0.08188405797101449 0.010833333333333334
0 0.48188405797101447 0.26958333333333334 0.23478260869565218 0.01125
0 0.9108695652173913 0.29041666666666666 0.13840579710144926 0.028333333333333332
0 0.9108695652173913 0.26958333333333334 0.29637681159420287 0.01125
0 0.9108695652173913 0.22666666666666666 0.07391304347826087 0.014166666666666666
0 0.9115942028985508 0.2529166666666667 0.23695652173913043 0.01125
0 0.9159420289855073 0.4270833333333333 0.14057971014492754 0.028333333333333332
0 0.9159420289855073 0.3804166666666667 0.08985507246376812 0.010833333333333334
0 0.9173913043478261 0.4058333333333333 0.527536231884058 0.01125
0 1.3398550724637681 0.29041666666666666 0.13333333333333333 0.028333333333333332
0 1.3413043478260869 0.26958333333333334 0.23550724637681159 0.01125
0 1.3413043478260869 0.2529166666666667 0.2818840579710145 0.01125
0 1.3420289855072465 0.22708333333333333 0.05217391304347826 0.010833333333333334
