0 0.04420289855072464 0.0125 0.14420289855072463 0.03333333333333333
0 0.05144927536231884 0.4270833333333333 0.1471014492753623 0.028333333333333332
0 0.05144927536231884 0.36375 0.060144927536231886 0.01375
0 0.05144927536231884 0.27375 0.14130434782608695 0.028333333333333332
0 0.05144927536231884 0.2529166666666667 0.5246376811594203 0.01125
0 0.05144927536231884 0.1375 0.1471014492753623 0.028333333333333332
0 0.05217391304347826 0.4058333333333333 0.24202898550724639 0.01125
0 0.05217391304347826 0.11625 0.5702898550724638 0.01125
0 0.05217391304347826 0.09041666666666667 0.07898550724637682 0.014166666666666666
0 0.05289855072463768 0.38916666666666666 0.27608695652173915 0.01125
0 0.05289855072463768 0.22708333333333333 0.06811594202898551 0.01375
0 0.20579710144927535 0.0125 0.1536231884057971 0.03333333333333333
0 0.37681159420289856 0.0125 0.14492753623188406 0.03333333333333333
0 0.48043478260869565 0.4058333333333333 0.2492753623188406 0.01125
0 0.4811594202898551 0.4270833333333333 0.13695652173913042 0.028333333333333332
0 0.48188405797101447 0.38916666666666666 0.24710144927536232 0.01125
0 0.4826086956521739 0.36375 0.07246376811594203 0.010833333333333334
0 0.9101449275362319 0.36375 0.07028985507246377 0.010833333333333334
0 0.9108695652173913 0.4270833333333333 0.1391304347826087 0.028333333333333332
0 0.9108695652173913 0.38916666666666666 0.336231884057971 0.01125
0 0.9115942028985508 0.4058333333333333 0.17898550724637682 0.01125
0 0.9159420289855073 0.27375 0.13478260869565217 0.028333333333333332
0 0.9159420289855073 0.2529166666666667 0.4905797101449275 0.01125
0 0.9173913043478261 0.22666666666666666 0.0891304347826087 0.011666666666666667
0 1.3398550724637681 0.4270833333333333 0.13260869565217392 0.028333333333333332
0 1.3405797101449275 0.4058333333333333 0.18115942028985507 0.01125
0 1.3413043478260869 0.38916666666666666 0.3471014492753623 0.01125
0 1.3420289855072465 0.36375 0.06376811594202898 0.010833333333333334
