0 0.04420289855072464 0.0125 0.12536231884057972 0.03333333333333333
0 0.050724637681159424 0.2529166666666667 0.5579710144927537 0.01125
0 0.05144927536231884 0.27375 0.14565217391304347 0.028333333333333332
0 0.05144927536231884 0.22708333333333333 0.0746376811594203 0.010833333333333334
0 0.05144927536231884 0.1375 0.13840579710144926 0.028333333333333332
0 0.05144927536231884 0.11625 0.5456521739130434 0.01125
0 0.05289855072463768 0.09083333333333334 0.06666666666666667 0.01375
0 0.18695652173913044 0.0125 0.14347826086956522 0.03333333333333333
0 0.34782608695652173 0.0125 0.1536231884057971 0.03333333333333333
0 0.518840579710145 0.0125 0.14347826086956522 0.03333333333333333
0 0.6797101449275362 0.0125 0.15144927536231884 0.03333333333333333
