0 0.0 0.5691666666666667 0.7318840579710145 0.005833333333333334
0 0.04420289855072464 0.0125 0.1398550724637681 0.03333333333333333
0 0.05144927536231884 0.4270833333333333 0.15217391304347827 0.028333333333333332
0 0.05144927536231884 0.4058333333333333 0.577536231884058 0.01125
0 0.05144927536231884 0.29041666666666666 0.17028985507246377 0.028333333333333332
0 0.05144927536231884 0.1375 0.1391304347826087 0.028333333333333332
0 0.05217391304347826 0.26958333333333334 0.20217391304347826 0.01125
0 0.05217391304347826 0.2529166666666667 0.3253623188405797 0.01125
0 0.05217391304347826 0.11625 0.5869565217391305 0.01125
0 0.05289855072463768 0.3804166666666667 0.09130434782608696 0.01375
0 0.05289855072463768 0.22708333333333333 0.058695652173913045 0.01375
0 0.05289855072463768 0.09083333333333334 0.06666666666666667 0.01375
0 0.20144927536231885 0.0125 0.15 0.03333333333333333
0 0.36884057971014494 0.0125 0.1355072463768116 0.03333333333333333
0 0.4811594202898551 0.29041666666666666 0.13768115942028986 0.028333333333333332
0 0.4811594202898551 0.2529166666666667 0.26014492753623186 0.01125
0 0.48188405797101447 0.26958333333333334 0.2579710144927536 0.01125
0 0.48188405797101447 0.22666666666666666 0.06811594202898551 0.014166666666666666
0 0.7630434782608696 0.51 0.2144927536231884 0.01125
0 0.9108695652173913 0.29041666666666666 0.12753623188405797 0.028333333333333332
0 0.9108695652173913 0.26958333333333334 0.29927536231884055 0.01125
0 0.9108695652173913 0.2529166666666667 0.2536231884057971 0.01125
0 0.9123188405797101 0.22708333333333333 0.06739130434782609 0.01125
0 0.9159420289855073 0.1375 0.1398550724637681 0.028333333333333332
0 0.9173913043478261 0.11625 0.5217391304347826 0.01125
0 0.9181159420289855 0.09083333333333334 0.07391304347826087 0.010833333333333334
0 1.3398550724637681 0.29041666666666666 0.14855072463768115 0.028333333333333332
0 1.3405797101449275 0.26958333333333334 0.2210144927536232 0.01125
0 1.3413043478260869 0.2529166666666667 0.3427536231884058 0.01125
0 1.3420289855072465 0.22708333333333333 0.06666666666666667 0.01375
