0 0.04420289855072464 0.0125 0.14420289855072463 0.03333333333333333
0 0.05144927536231884 0.4270833333333333 0.15144927536231884 0.028333333333333332
0 0.05144927536231884 0.29041666666666666 0.13260869565217392 0.028333333333333332
0 0.05144927536231884 0.26958333333333334 0.2514492753623188 0.01125
0 0.05144927536231884 0.2529166666666667 0.21739130434782608 0.01125
0 0.05144927536231884 0.22708333333333333 0.06086956521739131 0.01375
0 0.05144927536231884 0.1375 0.15 0.028333333333333332
0 0.05217391304347826 0.4058333333333333 0.5521739130434783 0.01125
0 0.05217391304347826 0.3804166666666667 0.07101449275362319 0.01375
0 0.05289855072463768 0.11625 0.5666666666666667 0.01125
0 0.05289855072463768 0.09083333333333334 0.06956521739130435 0.01375
0 0.20579710144927535 0.0125 0.15144927536231884 0.03333333333333333
0 0.3746376811594203 0.0125 0.14057971014492754 0.03333333333333333
0 0.4811594202898551 0.29041666666666666 0.16521739130434782 0.028333333333333332
0 0.4811594202898551 0.26958333333333334 0.18333333333333332 0.01125
0 0.4811594202898551 0.2529166666666667 0.3173913043478261 0.01125
0 0.48188405797101447 0.22666666666666666 0.0644927536231884 0.011666666666666667
0 0.48478260869565215 0.23 0.017391304347826087 0.004166666666666667
0 0.532608695652174 0.0125 0.15507246376811595 0.03333333333333333
0 0.7050724637681159 0.0125 0.1463768115942029 0.03333333333333333
0 0.9108695652173913 0.29041666666666666 0.13768115942028986 0.028333333333333332
0 0.9108695652173913 0.26958333333333334 0.3456521739130435 0.01125
0 0.9115942028985508 0.2529166666666667 0.18478260869565216 0.01125
0 0.9123188405797101 0.22708333333333333 0.06666666666666667 0.01375
0 0.9159420289855073 0.4270833333333333 0.15 0.028333333333333332
0 0.9166666666666666 0.4058333333333333 0.5260869565217391 0.01125
0 0.9173913043478261 0.38 0.07898550724637682 0.014166666666666666
0 1.3398550724637681 0.29041666666666666 0.12391304347826088 0.028333333333333332
0 1.3405797101449275 0.2529166666666667 0.3333333333333333 0.01125
0 1.3413043478260869 0.26958333333333334 0.19420289855072465 0.01125
0 1.3420289855072465 0.22708333333333333 0.07028985507246377 0.01125
