0 0.04420289855072464 0.0125 0.14782608695652175 0.03333333333333333
0 0.05144927536231884 0.15416666666666667 0.1289855072463768 0.028333333333333332
0 0.05217391304347826 0.13291666666666666 0.3115942028985507 0.01125
0 0.05217391304347826 0.11625 0.23043478260869565 0.01125
0 0.05289855072463768 0.09083333333333334 0.07681159420289856 0.01375
0 0.20942028985507247 0.0125 0.14565217391304347 0.03333333333333333
0 0.372463768115942 0.0125 0.15 0.03333333333333333
0 0.4811594202898551 0.15416666666666667 0.13478260869565217 0.028333333333333332
0 0.4811594202898551 0.13291666666666666 0.20217391304347826 0.01125
0 0.4811594202898551 0.09083333333333334 0.07391304347826087 0.01375
0 0.48188405797101447 0.11625 0.31521739130434784 0.01125
0 0.5398550724637681 0.0125 0.14782608695652175 0.03333333333333333
0 0.9101449275362319 0.13291666666666666 0.21521739130434783 0.00875
0 0.9101449275362319 0.09083333333333334 0.06884057971014493 0.01375
0 0.9108695652173913 0.15416666666666667 0.14420289855072463 0.028333333333333332
0 0.9115942028985508 0.11625 0.31231884057971016 0.01125
0 1.3398550724637681 0.15416666666666667 0.1391304347826087 0.028333333333333332
0 1.3405797101449275 0.09041666666666667 0.07971014492753623 0.011666666666666667
0 1.3413043478260869 0.13291666666666666 0.1318840579710145 0.01125
0 1.3413043478260869 0.11625 0.37971014492753624 0.01125
