0 0.04420289855072464 0.0125 0.16159420289855073 0.03333333333333333
0 0.05144927536231884 0.4270833333333333 0.13768115942028986 0.028333333333333332
0 0.05144927536231884 0.27375 0.1471014492753623 0.028333333333333332
0 0.05144927536231884 0.2529166666666667 0.5521739130434783 0.01125
0 0.05144927536231884 0.1375 0.15 0.028333333333333332
0 0.05144927536231884 0.09083333333333334 0.06159420289855073 0.01375
0 0.05217391304347826 0.4058333333333333 0.20144927536231885 0.01125
0 0.05217391304347826 0.38916666666666666 0.336231884057971 0.01125
0 0.05217391304347826 0.11625 0.5528985507246377 0.01125
0 0.05289855072463768 0.36375 0.06159420289855073 0.010833333333333334
0 0.05289855072463768 0.22708333333333333 0.07971014492753623 0.010833333333333334
0 0.22318840579710145 0.0125 0.15217391304347827 0.03333333333333333
0 0.4811594202898551 0.4270833333333333 0.14855072463768115 0.028333333333333332
0 0.4811594202898551 0.4058333333333333 0.1934782608695652 0.01125
0 0.4811594202898551 0.38916666666666666 0.34782608695652173 0.01125
0 0.4826086956521739 0.36375 0.08405797101449275 0.010833333333333334
0 0.9108695652173913 0.4270833333333333 0.11811594202898551 0.028333333333333332
0 0.9108695652173913 0.36375 0.08043478260869565 0.010833333333333334
0 0.9115942028985508 0.4058333333333333 0.31521739130434784 0.01125
0 0.9115942028985508 0.38916666666666666 0.22753623188405797 0.01125
0 0.9159420289855073 0.27375 0.12971014492753624 0.028333333333333332
0 0.9159420289855073 0.2529166666666667 0.5101449275362319 0.01125
0 0.9159420289855073 0.22708333333333333 0.0644927536231884 0.01375
0 1.3398550724637681 0.4270833333333333 0.14855072463768115 0.028333333333333332
0 1.3405797101449275 0.4058333333333333 0.3398550724637681 0.01125
0 1.3413043478260869 0.38916666666666666 0.15797101449275364 0.01125
0 1.3420289855072465 0.36375 0.06884057971014493 0.010833333333333334
