0 0.04420289855072464 0.0125 0.15434782608695652 0.03333333333333333
0 0.05144927536231884 0.44375 0.13623188405797101 0.028333333333333332
0 0.05144927536231884 0.29041666666666666 0.13405797101449277 0.028333333333333332
0 0.05144927536231884 0.26958333333333334 0.17898550724637682 0.01125
0 0.05144927536231884 0.1375 0.1471014492753623 0.028333333333333332
0 0.05144927536231884 0.09083333333333334 0.06521739130434782 0.01375
0 0.05217391304347826 0.4225 0.5666666666666667 0.01125
0 0.05217391304347826 0.22666666666666666 0.06739130434782609 0.012083333333333333
0 0.05217391304347826 0.11625 0.5130434782608696 0.01125
0 0.05289855072463768 0.39708333333333334 0.06811594202898551 0.01375
0 0.05289855072463768 0.2529166666666667 0.33260869565217394 0.01125
0 0.21594202898550724 0.0125 0.1536231884057971 0.03333333333333333
0 0.3869565217391304 0.0125 0.1427536231884058 0.03333333333333333
0 0.4811594202898551 0.29041666666666666 0.13115942028985508 0.028333333333333332
0 0.4811594202898551 0.2529166666666667 0.32028985507246377 0.01125
0 0.48188405797101447 0.26958333333333334 0.22608695652173913 0.01125
0 0.4826086956521739 0.22708333333333333 0.07536231884057971 0.01375
0 0.5471014492753623 0.0125 0.1565217391304348 0.03333333333333333
0 0.7210144927536232 0.0125 0.14420289855072463 0.03333333333333333
0 0.9108695652173913 0.3070833333333333 0.1471014492753623 0.028333333333333332
0 0.9108695652173913 0.28625 0.11231884057971014 0.01125
0 0.9115942028985508 0.26958333333333334 0.3355072463768116 0.01125
0 0.9115942028985508 0.2529166666666667 0.10797101449275362 0.00875
0 0.9123188405797101 0.22708333333333333 0.06231884057971015 0.01375
0 0.9159420289855073 0.44375 0.15507246376811595 0.028333333333333332
0 0.9159420289855073 0.39708333333333334 0.06521739130434782 0.01375
0 0.9159420289855073 0.1375 0.13695652173913042 0.028333333333333332
0 0.9166666666666666 0.4225 0.513768115942029 0.01125
0 0.9166666666666666 0.11625 0.5043478260869565 0.01125
0 0.9181159420289855 0.09083333333333334 0.08333333333333333 0.010833333333333334
0 1.3398550724637681 0.29041666666666666 0.15289855072463768 0.028333333333333332
0 1.3398550724637681 0.2529166666666667 0.2608695652173913 0.01125
0 1.3405797101449275 0.26958333333333334 0.25217391304347825 0.01125
0 1.3420289855072465 0.22708333333333333 0.07681159420289856 0.01375
