0 0.04420289855072464 0.0125 0.15869565217391304 0.03333333333333333
0 0.05144927536231884 0.29041666666666666 0.13840579710144926 0.028333333333333332
0 0.05144927536231884 0.15416666666666667 0.14202898550724638 0.028333333333333332
0 0.05217391304347826 0.26958333333333334 0.5543478260869565 0.01125
0 0.05217391304347826 0.11625 0.33043478260869563 0.01125
0 0.05289855072463768 0.24375 0.06884057971014493 0.01125
0 0.05289855072463768 0.13291666666666666 0.21014492753623187 0.01125
0 0.05289855072463768 0.09083333333333334 0.07028985507246377 0.01125
0 0.22028985507246376 0.0125 0.13840579710144926 0.03333333333333333
0 0.3760869565217391 0.0125 0.15507246376811595 0.03333333333333333
0 0.4811594202898551 0.15416666666666667 0.15289855072463768 0.028333333333333332
0 0.4811594202898551 0.11625 0.3355072463768116 0.01125
0 0.48188405797101447 0.13291666666666666 0.20507246376811594 0.01125
0 0.4826086956521739 0.09083333333333334 0.0644927536231884 0.01375
0 0.5485507246376812 0.0125 0.15 0.03333333333333333
0 0.7159420289855073 0.0125 0.14130434782608695 0.03333333333333333
0 0.9108695652173913 0.15416666666666667 0.15869565217391304 0.028333333333333332
0 0.9108695652173913 0.13291666666666666 0.26014492753623186 0.01125
0 0.9115942028985508 0.11625 0.27391304347826084 0.01125
0 0.9123188405797101 0.09083333333333334 0.07536231884057971 0.01375
0 1.3398550724637681 0.15416666666666667 0.13333333333333333 0.028333333333333332
0 1.3398550724637681 0.11625 0.3463768115942029 0.01125
0 1.3413043478260869 0.13291666666666666 0.17101449275362318 0.01125
0 1.3413043478260869 0.09041666666666667 0.07028985507246377 0.014166666666666666
