0 0.04420289855072464 0.0125 0.14202898550724638 0.03333333333333333
0 0.05144927536231884 0.4270833333333333 0.1463768115942029 0.028333333333333332
0 0.05144927536231884 0.29041666666666666 0.1536231884057971 0.028333333333333332
0 0.05144927536231884 0.1375 0.14855072463768115 0.028333333333333332
0 0.05217391304347826 0.4058333333333333 0.5811594202898551 0.01125
0 0.05217391304347826 0.2529166666666667 0.25072463768115943 0.01125
0 0.05217391304347826 0.22666666666666666 0.07391304347826087 0.011666666666666667
0 0.05289855072463768 0.3804166666666667 0.08115942028985507 0.010833333333333334
0 0.05289855072463768 0.26958333333333334 0.23115942028985506 0.01125
0 0.05289855072463768 0.11625 0.518840579710145 0.01125
0 0.05289855072463768 0.09083333333333334 0.0572463768115942 0.01375
0 0.05507246376811594 0.23 0.017391304347826087 0.004166666666666667
0 0.2036231884057971 0.0125 0.1753623188405797 0.03333333333333333
0 0.3963768115942029 0.0125 0.13260869565217392 0.03333333333333333
0 0.4811594202898551 0.29041666666666666 0.14855072463768115 0.028333333333333332
0 0.4811594202898551 0.2529166666666667 0.28695652173913044 0.01125
0 0.48188405797101447 0.26958333333333334 0.2543478260869565 0.01125
0 0.4826086956521739 0.22708333333333333 0.0746376811594203 0.01375
0 0.5463768115942029 0.0125 0.13043478260869565 0.03333333333333333
0 0.9108695652173913 0.29041666666666666 0.1427536231884058 0.028333333333333332
0 0.9108695652173913 0.26958333333333334 0.2710144927536232 0.01125
0 0.9115942028985508 0.2529166666666667 0.2833333333333333 0.01125
0 0.9123188405797101 0.22708333333333333 0.06811594202898551 0.01375
0 0.9159420289855073 0.4270833333333333 0.1492753623188406 0.028333333333333332
0 0.9159420289855073 0.3804166666666667 0.06739130434782609 0.010833333333333334
0 0.9173913043478261 0.4058333333333333 0.5615942028985508 0.01125
0 1.3398550724637681 0.29041666666666666 0.13695652173913042 0.028333333333333332
0 1.3398550724637681 0.22708333333333333 0.06739130434782609 0.010833333333333334
0 1.3405797101449275 0.26958333333333334 0.16956521739130434 0.01125
0 1.3405797101449275 0.2529166666666667 0.3318840579710145 0.01125
