0 0.04420289855072464 0.0125 0.14565217391304347 0.03333333333333333
0 0.05144927536231884 0.29041666666666666 0.15217391304347827 0.028333333333333332
0 0.05144927536231884 0.15416666666666667 0.13840579710144926 0.028333333333333332
0 0.05144927536231884 0.13291666666666666 0.21594202898550724 0.01125
0 0.05217391304347826 0.26958333333333334 0.5297101449275362 0.01125
0 0.05289855072463768 0.24375 0.07971014492753623 0.010833333333333334
0 0.05289855072463768 0.11625 0.3050724637681159 0.01125
0 0.05289855072463768 0.09083333333333334 0.0572463768115942 0.01375
0 0.2072463768115942 0.0125 0.14855072463768115 0.03333333333333333
0 0.37318840579710144 0.0125 0.14202898550724638 0.03333333333333333
0 0.4811594202898551 0.15416666666666667 0.15579710144927536 0.028333333333333332
0 0.4811594202898551 0.13291666666666666 0.19927536231884058 0.01125
0 0.4811594202898551 0.11625 0.3456521739130435 0.01125
0 0.48188405797101447 0.09041666666666667 0.07391304347826087 0.014166666666666666
0 0.48478260869565215 0.09416666666666666 0.016666666666666666 0.00375
0 0.532608695652174 0.0125 0.15942028985507245 0.03333333333333333
0 0.7094202898550724 0.0125 0.14347826086956522 0.03333333333333333
0 0.9101449275362319 0.09083333333333334 0.08405797101449275 0.01375
0 0.9108695652173913 0.15416666666666667 0.13115942028985508 0.028333333333333332
0 0.9108695652173913 0.13291666666666666 0.30144927536231886 0.01125
0 0.9108695652173913 0.11625 0.22391304347826088 0.01125
0 0.9159420289855073 0.29041666666666666 0.14782608695652175 0.028333333333333332
0 0.9173913043478261 0.26958333333333334 0.5695652173913044 0.01125
0 0.9181159420289855 0.24375 0.07971014492753623 0.01375
0 1.3398550724637681 0.15416666666666667 0.1398550724637681 0.028333333333333332
0 1.3405797101449275 0.13291666666666666 0.25507246376811593 0.01125
0 1.3413043478260869 0.11625 0.28043478260869564 0.01125
0 1.3420289855072465 0.09083333333333334 0.07246376811594203 0.01125
