0 0.04420289855072464 0.0125 0.16014492753623188 0.03333333333333333
0 0.05144927536231884 0.44375 0.14492753623188406 0.028333333333333332
0 0.05144927536231884 0.3070833333333333 0.14565217391304347 0.028333333333333332
0 0.05144927536231884 0.15416666666666667 0.12391304347826088 0.028333333333333332
0 0.05144927536231884 0.11625 0.3442028985507246 0.01125
0 0.05217391304347826 0.4225 0.5666666666666667 0.01125
0 0.05217391304347826 0.28625 0.5152173913043478 0.01125
0 0.05289855072463768 0.39708333333333334 0.07318840579710145 0.01375
0 0.05289855072463768 0.2604166666666667 0.07536231884057971 0.01375
0 0.05289855072463768 0.13291666666666666 0.16376811594202897 0.01125
0 0.05289855072463768 0.09083333333333334 0.07101449275362319 0.01375
0 0.2217391304347826 0.0125 0.14420289855072463 0.03333333333333333
0 0.4811594202898551 0.15416666666666667 0.1318840579710145 0.028333333333333332
0 0.4811594202898551 0.09083333333333334 0.07681159420289856 0.01375
0 0.48188405797101447 0.13291666666666666 0.22536231884057972 0.01125
0 0.48188405797101447 0.11625 0.31376811594202897 0.01125
0 0.9101449275362319 0.09083333333333334 0.07536231884057971 0.01375
0 0.9108695652173913 0.17083333333333334 0.14565217391304347 0.028333333333333332
0 0.9115942028985508 0.14958333333333335 0.09710144927536232 0.01125
0 0.9115942028985508 0.13291666666666666 0.31521739130434784 0.01125
0 0.9115942028985508 0.11625 0.12173913043478261 0.01125
0 0.9159420289855073 0.44375 0.14347826086956522 0.028333333333333332
0 0.9166666666666666 0.39708333333333334 0.06666666666666667 0.01375
0 0.9173913043478261 0.4225 0.5420289855072464 0.01125
0 1.3398550724637681 0.15416666666666667 0.15289855072463768 0.028333333333333332
0 1.3398550724637681 0.13291666666666666 0.28840579710144926 0.01125
0 1.3398550724637681 0.11625 0.2768115942028985 0.01125
0 1.3420289855072465 0.09083333333333334 0.06811594202898551 0.010833333333333334
