0 0.04420289855072464 0.0125 0.1536231884057971 0.03333333333333333
0 0.05144927536231884 0.4270833333333333 0.15434782608695652 0.028333333333333332
0 0.05144927536231884 0.29041666666666666 0.1463768115942029 0.028333333333333332
0 0.05144927536231884 0.22708333333333333 0.06594202898550725 0.01375
0 0.05144927536231884 0.1375 0.1318840579710145 0.028333333333333332
0 0.05144927536231884 0.11625 0.5695652173913044 0.01125
0 0.05217391304347826 0.4058333333333333 0.5442028985507247 0.01125
0 0.05217391304347826 0.26958333333333334 0.4 0.01125
0 0.05217391304347826 0.2529166666666667 0.09057971014492754 0.01125
0 0.05289855072463768 0.3804166666666667 0.07536231884057971 0.01375
0 0.05289855072463768 0.09083333333333334 0.06304347826086956 0.01125
0 0.21521739130434783 0.0125 0.1355072463768116 0.03333333333333333
0 0.3681159420289855 0.0125 0.17391304347826086 0.03333333333333333
0 0.4811594202898551 0.29041666666666666 0.1427536231884058 0.028333333333333332
0 0.4811594202898551 0.26958333333333334 0.16884057971014493 0.01125
0 0.4811594202898551 0.2529166666666667 0.33115942028985507 0.01125
0 0.4811594202898551 0.22708333333333333 0.08333333333333333 0.01375
0 0.5594202898550724 0.0125 0.16014492753623188 0.03333333333333333
0 0.9108695652173913 0.29041666666666666 0.15507246376811595 0.028333333333333332
0 0.9108695652173913 0.26958333333333334 0.24130434782608695 0.01125
0 0.9108695652173913 0.2529166666666667 0.3108695652173913 0.01125
0 0.9115942028985508 0.22666666666666666 0.06304347826086956 0.011666666666666667
0 0.9144927536231884 0.23 0.016666666666666666 0.004166666666666667
0 0.9159420289855073 0.4270833333333333 0.14565217391304347 0.028333333333333332
0 0.9166666666666666 0.3804166666666667 0.05507246376811594 0.01375
0 0.9173913043478261 0.4058333333333333 0.586231884057971 0.01125
0 1.3398550724637681 0.29041666666666666 0.1492753623188406 0.028333333333333332
0 1.3398550724637681 0.22708333333333333 0.06884057971014493 0.010833333333333334
0 1.3405797101449275 0.26958333333333334 0.336231884057971 0.01125
0 1.3405797101449275 0.2529166666666667 0.17681159420289855 0.01125
