0 0.04420289855072464 0.0125 0.13623188405797101 0.03333333333333333
0 0.05144927536231884 0.4270833333333333 0.14202898550724638 0.028333333333333332
0 0.05144927536231884 0.4058333333333333 0.5615942028985508 0.01125
0 0.05144927536231884 0.3804166666666667 0.0891304347826087 0.01375
0 0.05144927536231884 0.29041666666666666 0.1246376811594203 0.028333333333333332
0 0.05144927536231884 0.26958333333333334 0.1492753623188406 0.01125
0 0.05144927536231884 0.2529166666666667 0.31231884057971016 0.01125
0 0.05144927536231884 0.22708333333333333 0.06956521739130435 0.010833333333333334
0 0.05144927536231884 0.1375 0.15289855072463768 0.028333333333333332
0 0.05144927536231884 0.11625 0.5101449275362319 0.01125
0 0.05217391304347826 0.09041666666666667 0.07681159420289856 0.014166666666666666
0 0.05507246376811594 0.09375 0.017391304347826087 0.004166666666666667
0 0.19782608695652174 0.0125 0.16159420289855073 0.03333333333333333
0 0.37681159420289856 0.0125 0.15217391304347827 0.03333333333333333
0 0.48043478260869565 0.22708333333333333 0.07536231884057971 0.01375
0 0.4811594202898551 0.29041666666666666 0.12246376811594203 0.028333333333333332
0 0.4811594202898551 0.26958333333333334 0.18188405797101448 0.01125
0 0.4811594202898551 0.2529166666666667 0.3391304347826087 0.01125
0 0.5463768115942029 0.0125 0.1492753623188406 0.03333333333333333
0 0.7130434782608696 0.0125 0.14420289855072463 0.03333333333333333
0 0.9101449275362319 0.26958333333333334 0.1782608695652174 0.01125
0 0.9108695652173913 0.29041666666666666 0.13260869565217392 0.028333333333333332
0 0.9115942028985508 0.2529166666666667 0.3333333333333333 0.01125
0 0.9123188405797101 0.22708333333333333 0.08333333333333333 0.01375
0 0.9159420289855073 0.1375 0.13260869565217392 0.028333333333333332
0 0.9166666666666666 0.11625 0.5231884057971015 0.01125
0 0.9181159420289855 0.09083333333333334 0.06739130434782609 0.010833333333333334
0 1.3398550724637681 0.29041666666666666 0.12753623188405797 0.028333333333333332
0 1.3398550724637681 0.22708333333333333 0.07536231884057971 0.010833333333333334
0 1.3405797101449275 0.2529166666666667 0.29130434782608694 0.01125
0 1.3413043478260869 0.26958333333333334 0.21594202898550724 0.01125
