0 0.04420289855072464 0.0125 0.14202898550724638 0.03333333333333333
0 0.05144927536231884 0.29041666666666666 0.1355072463768116 0.028333333333333332
0 0.05144927536231884 0.1375 0.14130434782608695 0.028333333333333332
0 0.05144927536231884 0.11625 0.5021739130434782 0.01125
0 0.05144927536231884 0.09083333333333334 0.07536231884057971 0.01375
0 0.05217391304347826 0.26958333333333334 0.25 0.01125
0 0.05217391304347826 0.2529166666666667 0.27898550724637683 0.01125
0 0.05289855072463768 0.22708333333333333 0.06304347826086956 0.010833333333333334
0 0.2036231884057971 0.0125 0.13768115942028986 0.03333333333333333
0 0.358695652173913 0.0125 0.15507246376811595 0.03333333333333333
0 0.48043478260869565 0.22708333333333333 0.07173913043478261 0.01375
0 0.4811594202898551 0.29041666666666666 0.12318840579710146 0.028333333333333332
0 0.48188405797101447 0.26958333333333334 0.31376811594202897 0.01125
0 0.48188405797101447 0.2529166666666667 0.2579710144927536 0.01125
0 0.5311594202898551 0.0125 0.16884057971014493 0.03333333333333333
0 0.9101449275362319 0.22708333333333333 0.08188405797101449 0.01375
0 0.9108695652173913 0.29041666666666666 0.15 0.028333333333333332
0 0.9108695652173913 0.2529166666666667 0.33115942028985507 0.01125
0 0.9115942028985508 0.26958333333333334 0.17391304347826086 0.01125
0 0.9159420289855073 0.1375 0.13405797101449277 0.028333333333333332
0 0.9159420289855073 0.11625 0.5391304347826087 0.01125
0 0.9181159420289855 0.09083333333333334 0.07173913043478261 0.010833333333333334
0 1.3398550724637681 0.29041666666666666 0.1536231884057971 0.028333333333333332
0 1.3405797101449275 0.2529166666666667 0.30579710144927535 0.01125
0 1.3413043478260869 0.26958333333333334 0.2536231884057971 0.01125
0 1.3420289855072465 0.22708333333333333 0.06521739130434782 0.01375
