0 0.04420289855072464 0.0125 0.15072463768115943 0.03333333333333333
0 0.05144927536231884 0.44375 0.14202898550724638 0.028333333333333332
0 0.05144927536231884 0.39708333333333334 0.058695652173913045 0.010833333333333334
0 0.05144927536231884 0.29041666666666666 0.1398550724637681 0.028333333333333332
0 0.05144927536231884 0.2529166666666667 0.21014492753623187 0.01125
0 0.05144927536231884 0.1375 0.1398550724637681 0.028333333333333332
0 0.05144927536231884 0.11625 0.553623188405797 0.01125
0 0.05144927536231884 0.09083333333333334 0.07173913043478261 0.01375
0 0.05217391304347826 0.4225 0.5485507246376812 0.01125
0 0.05217391304347826 0.26958333333333334 0.3673913043478261 0.01125
0 0.05289855072463768 0.22708333333333333 0.0644927536231884 0.01375
0 0.21231884057971015 0.0125 0.15507246376811595 0.03333333333333333
0 0.4811594202898551 0.29041666666666666 0.1289855072463768 0.028333333333333332
0 0.4811594202898551 0.26958333333333334 0.4007246376811594 0.01125
0 0.4811594202898551 0.2529166666666667 0.13405797101449277 0.01125
0 0.4826086956521739 0.22708333333333333 0.058695652173913045 0.010833333333333334
0 0.9108695652173913 0.29041666666666666 0.1282608695652174 0.028333333333333332
0 0.9108695652173913 0.26958333333333334 0.3130434782608696 0.01125
0 0.9115942028985508 0.2529166666666667 0.2710144927536232 0.01125
0 0.9123188405797101 0.22708333333333333 0.09202898550724638 0.01125
0 0.9159420289855073 0.1375 0.13405797101449277 0.028333333333333332
0 0.9173913043478261 0.11625 0.5463768115942029 0.01125
0 0.9173913043478261 0.09041666666666667 0.07971014492753623 0.014166666666666666
0 0.9202898550724637 0.09375 0.016666666666666666 0.004166666666666667
0 1.3398550724637681 0.3070833333333333 0.14057971014492754 0.028333333333333332
0 1.3398550724637681 0.28625 0.1891304347826087 0.01125
0 1.3405797101449275 0.26958333333333334 0.2289855072463768 0.01125
0 1.3413043478260869 0.2529166666666667 0.11304347826086956 0.01125
0 1.3420289855072465 0.22708333333333333 0.08115942028985507 0.01375
