0 0.04420289855072464 0.0125 0.1463768115942029 0.03333333333333333
0 0.05144927536231884 0.4270833333333333 0.13405797101449277 0.028333333333333332
0 0.05144927536231884 0.29041666666666666 0.14130434782608695 0.028333333333333332
0 0.05144927536231884 0.26958333333333334 0.5695652173913044 0.01125
0 0.05144927536231884 0.15416666666666667 0.11811594202898551 0.028333333333333332
0 0.05144927536231884 0.11625 0.3173913043478261 0.01125
0 0.05217391304347826 0.4058333333333333 0.5333333333333333 0.01125
0 0.05217391304347826 0.3804166666666667 0.08188405797101449 0.01375
0 0.05217391304347826 0.09041666666666667 0.07391304347826087 0.014166666666666666
0 0.05289855072463768 0.24375 0.06231884057971015 0.01375
0 0.05289855072463768 0.13291666666666666 0.2210144927536232 0.01125
0 0.20797101449275363 0.0125 0.14565217391304347 0.03333333333333333
0 0.3710144927536232 0.0125 0.14420289855072463 0.03333333333333333
0 0.4811594202898551 0.15416666666666667 0.15072463768115943 0.028333333333333332
0 0.48188405797101447 0.13291666666666666 0.2 0.01125
0 0.48188405797101447 0.11625 0.3094202898550725 0.01125
0 0.4826086956521739 0.09083333333333334 0.06594202898550725 0.01375
0 0.9108695652173913 0.15416666666666667 0.1289855072463768 0.028333333333333332
0 0.9108695652173913 0.13291666666666666 0.30869565217391304 0.01125
0 0.9108695652173913 0.11625 0.23043478260869565 0.01125
0 0.9123188405797101 0.09083333333333334 0.07246376811594203 0.01375
0 0.9159420289855073 0.29041666666666666 0.1463768115942029 0.028333333333333332
0 0.9173913043478261 0.26958333333333334 0.558695652173913 0.01125
0 0.9181159420289855 0.24375 0.06884057971014493 0.01375
0 1.3398550724637681 0.15416666666666667 0.14347826086956522 0.028333333333333332
0 1.3398550724637681 0.09083333333333334 0.08260869565217391 0.01125
0 1.3405797101449275 0.13291666666666666 0.2768115942028985 0.01125
0 1.3413043478260869 0.11625 0.25 0.01125
