0 0.04420289855072464 0.0125 0.1463768115942029 0.03333333333333333
0 0.05144927536231884 0.4270833333333333 0.1282608695652174 0.028333333333333332
0 0.05144927536231884 0.29041666666666666 0.12391304347826088 0.028333333333333332
0 0.05144927536231884 0.26958333333333334 0.16666666666666666 0.01125
0 0.05144927536231884 0.2529166666666667 0.3347826086956522 0.01125
0 0.05144927536231884 0.1375 0.14565217391304347 0.028333333333333332
0 0.05217391304347826 0.22666666666666666 0.07318840579710145 0.012083333333333333
0 0.05217391304347826 0.11625 0.5289855072463768 0.01125
0 0.05289855072463768 0.4058333333333333 0.5673913043478261 0.01125
0 0.05289855072463768 0.3804166666666667 0.06521739130434782 0.01375
0 0.05289855072463768 0.09083333333333334 0.0644927536231884 0.01125
0 0.20797101449275363 0.0125 0.13115942028985508 0.03333333333333333
0 0.3565217391304348 0.0125 0.14492753623188406 0.03333333333333333
0 0.4811594202898551 0.29041666666666666 0.13695652173913042 0.028333333333333332
0 0.4811594202898551 0.2529166666666667 0.3427536231884058 0.01125
0 0.48188405797101447 0.26958333333333334 0.20869565217391303 0.01125
0 0.4826086956521739 0.22708333333333333 0.06666666666666667 0.010833333333333334
0 0.518840579710145 0.0125 0.14420289855072463 0.03333333333333333
0 0.6804347826086956 0.0125 0.14202898550724638 0.03333333333333333
0 0.9108695652173913 0.29041666666666666 0.14492753623188406 0.028333333333333332
0 0.9115942028985508 0.26958333333333334 0.24347826086956523 0.01125
0 0.9115942028985508 0.2529166666666667 0.3 0.01125
0 0.9115942028985508 0.22666666666666666 0.07898550724637682 0.014166666666666666
0 0.9159420289855073 0.1375 0.1289855072463768 0.028333333333333332
0 0.9159420289855073 0.11625 0.5442028985507247 0.01125
0 0.9159420289855073 0.09083333333333334 0.07246376811594203 0.010833333333333334
0 1.3398550724637681 0.29041666666666666 0.15 0.028333333333333332
0 1.3405797101449275 0.26958333333333334 0.20869565217391303 0.01125
0 1.3405797101449275 0.22708333333333333 0.07391304347826087 0.01375
0 1.3413043478260869 0.2529166666666667 0.3318840579710145 0.01125
