0 0.04420289855072464 0.0125 0.15797101449275364 0.03333333333333333
0 0.05144927536231884 0.4270833333333333 0.14130434782608695 0.028333333333333332
0 0.05144927536231884 0.3804166666666667 0.08188405797101449 0.010833333333333334
0 0.05144927536231884 0.29041666666666666 0.13623188405797101 0.028333333333333332
0 0.05144927536231884 0.15416666666666667 0.1471014492753623 0.028333333333333332
0 0.05144927536231884 0.11625 0.3065217391304348 0.01125
0 0.05217391304347826 0.4058333333333333 0.5673913043478261 0.01125
0 0.05217391304347826 0.26958333333333334 0.5507246376811594 0.01125
0 0.05289855072463768 0.24375 0.06231884057971015 0.010833333333333334
0 0.05289855072463768 0.13291666666666666 0.20144927536231885 0.01125
0 0.05289855072463768 0.09083333333333334 0.06811594202898551 0.010833333333333334
0 0.21956521739130436 0.0125 0.1463768115942029 0.03333333333333333
0 0.38333333333333336 0.0125 0.15072463768115943 0.03333333333333333
0 0.4811594202898551 0.15416666666666667 0.15 0.028333333333333332
0 0.4811594202898551 0.13291666666666666 0.29130434782608694 0.01125
0 0.4811594202898551 0.09083333333333334 0.07971014492753623 0.01375
0 0.48188405797101447 0.11625 0.27753623188405796 0.01125
0 0.9108695652173913 0.15416666666666667 0.1355072463768116 0.028333333333333332
0 0.9108695652173913 0.11625 0.20869565217391303 0.01125
0 0.9115942028985508 0.13291666666666666 0.32318840579710145 0.01125
0 0.9123188405797101 0.09083333333333334 0.07028985507246377 0.01375
0 0.9159420289855073 0.29041666666666666 0.12101449275362319 0.028333333333333332
0 0.9166666666666666 0.26958333333333334 0.5485507246376812 0.01125
0 0.9181159420289855 0.24375 0.0746376811594203 0.01375
0 1.3398550724637681 0.15416666666666667 0.15144927536231884 0.028333333333333332
0 1.3398550724637681 0.09083333333333334 0.07391304347826087 0.010833333333333334
0 1.3405797101449275 0.11625 0.39855072463768115 0.01125
0 1.3413043478260869 0.13291666666666666 0.12028985507246377 0.01125
