0 0.04420289855072464 0.0125 0.1398550724637681 0.03333333333333333
0 0.05144927536231884 0.15416666666666667 0.1572463768115942 0.028333333333333332
0 0.05144927536231884 0.09083333333333334 0.08985507246376812 0.01375
0 0.05217391304347826 0.11625 0.2782608695652174 0.01125
0 0.05289855072463768 0.13291666666666666 0.2492753623188406 0.01125
0 0.20144927536231885 0.0125 0.13840579710144926 0.03333333333333333
0 0.4811594202898551 0.15416666666666667 0.13623188405797101 0.028333333333333332
0 0.4811594202898551 0.13291666666666666 0.3050724637681159 0.01125
0 0.4811594202898551 0.09083333333333334 0.0572463768115942 0.010833333333333334
0 0.48188405797101447 0.11625 0.21811594202898552 0.01125
0 0.9101449275362319 0.09083333333333334 0.07753623188405798 0.01375
0 0.9108695652173913 0.15416666666666667 0.12318840579710146 0.028333333333333332
0 0.9108695652173913 0.13291666666666666 0.19057971014492753 0.01125
0 0.9108695652173913 0.11625 0.3347826086956522 0.01125
0 1.3398550724637681 0.15416666666666667 0.12318840579710146 0.028333333333333332
0 1.3398550724637681 0.13291666666666666 0.19202898550724637 0.01125
0 1.3405797101449275 0.09041666666666667 0.06956521739130435 0.014166666666666666
0 1.3413043478260869 0.11625 0.3173913043478261 0.01125
