0 0.04420289855072464 0.0125 0.14782608695652175 0.03333333333333333
0 0.050724637681159424 0.38916666666666666 0.3065217391304348 0.01125
0 0.05144927536231884 0.4270833333333333 0.1282608695652174 0.028333333333333332
0 0.05144927536231884 0.36375 0.0746376811594203 0.010833333333333334
0 0.05144927536231884 0.27375 0.14130434782608695 0.028333333333333332
0 0.05144927536231884 0.2529166666666667 0.6057971014492753 0.01125
0 0.05144927536231884 0.1375 0.14057971014492754 0.028333333333333332
0 0.05144927536231884 0.09083333333333334 0.08405797101449275 0.01375
0 0.05217391304347826 0.4058333333333333 0.2217391304347826 0.01125
0 0.05289855072463768 0.22708333333333333 0.06231884057971015 0.01375
0 0.05289855072463768 0.11625 0.5384057971014493 0.01125
0 0.20942028985507247 0.0125 0.13478260869565217 0.03333333333333333
0 0.3615942028985507 0.0125 0.13840579710144926 0.03333333333333333
0 0.4811594202898551 0.4270833333333333 0.1471014492753623 0.028333333333333332
0 0.4811594202898551 0.4058333333333333 0.22608695652173913 0.01125
0 0.48188405797101447 0.38916666666666666 0.3391304347826087 0.01125
0 0.48188405797101447 0.36333333333333334 0.07028985507246377 0.014166666666666666
0 0.5173913043478261 0.0125 0.15434782608695652 0.03333333333333333
0 0.6891304347826087 0.0125 0.13840579710144926 0.03333333333333333
0 0.9101449275362319 0.36375 0.06594202898550725 0.010833333333333334
0 0.9108695652173913 0.4270833333333333 0.15289855072463768 0.028333333333333332
0 0.9108695652173913 0.4058333333333333 0.20434782608695654 0.01125
0 0.9108695652173913 0.38916666666666666 0.28043478260869564 0.01125
0 0.9159420289855073 0.27375 0.13405797101449277 0.028333333333333332
0 0.9173913043478261 0.2529166666666667 0.5797101449275363 0.01125
0 0.9181159420289855 0.22708333333333333 0.06594202898550725 0.01375
0 1.3398550724637681 0.4270833333333333 0.1463768115942029 0.028333333333333332
0 1.3405797101449275 0.38916666666666666 0.2847826086956522 0.01125
0 1.3413043478260869 0.4058333333333333 0.24565217391304348 0.01125
0 1.3420289855072465 0.36375 0.06231884057971015 0.01375
