0 0.04420289855072464 0.0125 0.16521739130434782 0.03333333333333333
0 0.05144927536231884 0.4270833333333333 0.1355072463768116 0.028333333333333332
0 0.05144927536231884 0.27375 0.14420289855072463 0.028333333333333332
0 0.05144927536231884 0.2529166666666667 0.5615942028985508 0.01125
0 0.05144927536231884 0.1375 0.13768115942028986 0.028333333333333332
0 0.05217391304347826 0.4058333333333333 0.2217391304347826 0.01125
0 0.05217391304347826 0.38916666666666666 0.2847826086956522 0.01125
0 0.05217391304347826 0.11625 0.4985507246376812 0.01125
0 0.05289855072463768 0.36375 0.06666666666666667 0.01375
0 0.05289855072463768 0.22708333333333333 0.060144927536231886 0.010833333333333334
0 0.05289855072463768 0.09083333333333334 0.0572463768115942 0.01375
0 0.22681159420289856 0.0125 0.1463768115942029 0.03333333333333333
0 0.39057971014492754 0.0125 0.1471014492753623 0.03333333333333333
0 0.4811594202898551 0.4270833333333333 0.12681159420289856 0.028333333333333332
0 0.4811594202898551 0.36375 0.08188405797101449 0.01375
0 0.48188405797101447 0.4058333333333333 0.22608695652173913 0.01125
0 0.48188405797101447 0.38916666666666666 0.3101449275362319 0.01125
0 0.5550724637681159 0.0125 0.1391304347826087 0.03333333333333333
0 0.9108695652173913 0.4270833333333333 0.1318840579710145 0.028333333333333332
0 0.9108695652173913 0.4058333333333333 0.21594202898550724 0.01125
0 0.9115942028985508 0.38916666666666666 0.29130434782608694 0.01125
0 0.9123188405797101 0.36375 0.07971014492753623 0.01375
0 0.9159420289855073 0.1375 0.14347826086956522 0.028333333333333332
0 0.9166666666666666 0.09041666666666667 0.08188405797101449 0.014166666666666666
0 0.9173913043478261 0.11625 0.5405797101449276 0.01125
0 1.3398550724637681 0.4270833333333333 0.13623188405797101 0.028333333333333332
0 1.3405797101449275 0.4058333333333333 0.35797101449275365 0.01125
0 1.3413043478260869 0.38916666666666666 0.15579710144927536 0.01125
0 1.3420289855072465 0.36375 0.058695652173913045 0.01375
