0 0.04420289855072464 0.0125 0.15942028985507245 0.03333333333333333
0 0.050724637681159424 0.26958333333333334 0.4956521739130435 0.01125
0 0.05144927536231884 0.29041666666666666 0.1427536231884058 0.028333333333333332
0 0.05144927536231884 0.15416666666666667 0.1282608695652174 0.028333333333333332
0 0.05144927536231884 0.09083333333333334 0.0644927536231884 0.01375
0 0.05217391304347826 0.13291666666666666 0.31666666666666665 0.01125
0 0.05217391304347826 0.11625 0.22608695652173913 0.01125
0 0.05289855072463768 0.24375 0.05579710144927536 0.010833333333333334
0 0.2210144927536232 0.0125 0.14202898550724638 0.03333333333333333
0 0.3804347826086957 0.0125 0.13840579710144926 0.03333333333333333
0 0.48043478260869565 0.13291666666666666 0.23115942028985506 0.01125
0 0.4811594202898551 0.15416666666666667 0.12101449275362319 0.028333333333333332
0 0.4811594202898551 0.11625 0.3442028985507246 0.01125
0 0.4811594202898551 0.09083333333333334 0.06594202898550725 0.01375
0 0.5362318840579711 0.0125 0.1572463768115942 0.03333333333333333
0 0.7108695652173913 0.0125 0.14782608695652175 0.03333333333333333
0 0.9101449275362319 0.09083333333333334 0.07681159420289856 0.01375
0 0.9108695652173913 0.15416666666666667 0.1391304347826087 0.028333333333333332
0 0.9108695652173913 0.13291666666666666 0.2318840579710145 0.01125
0 0.9108695652173913 0.11625 0.27318840579710146 0.01125
0 1.3398550724637681 0.15416666666666667 0.15434782608695652 0.028333333333333332
0 1.3413043478260869 0.13291666666666666 0.19420289855072465 0.00875
0 1.3413043478260869 0.11625 0.322463768115942 0.01125
0 1.3420289855072465 0.09083333333333334 0.07173913043478261 0.01375
