0 0.04420289855072464 0.0125 0.14855072463768115 0.03333333333333333
0 0.05144927536231884 0.4270833333333333 0.14057971014492754 0.028333333333333332
0 0.05144927536231884 0.29041666666666666 0.13260869565217392 0.028333333333333332
0 0.05144927536231884 0.26958333333333334 0.5442028985507247 0.01125
0 0.05144927536231884 0.24375 0.06521739130434782 0.010833333333333334
0 0.05144927536231884 0.15416666666666667 0.15289855072463768 0.028333333333333332
0 0.05144927536231884 0.13291666666666666 0.26666666666666666 0.01125
0 0.05144927536231884 0.09083333333333334 0.059420289855072465 0.01125
0 0.05217391304347826 0.11625 0.2391304347826087 0.01125
0 0.05289855072463768 0.4058333333333333 0.5152173913043478 0.01125
0 0.05289855072463768 0.3804166666666667 0.057971014492753624 0.01375
0 0.21014492753623187 0.0125 0.15507246376811595 0.03333333333333333
0 0.4811594202898551 0.15416666666666667 0.1463768115942029 0.028333333333333332
0 0.4811594202898551 0.13291666666666666 0.17608695652173914 0.01125
0 0.48188405797101447 0.11625 0.32971014492753625 0.01125
0 0.4826086956521739 0.09083333333333334 0.058695652173913045 0.010833333333333334
0 0.9101449275362319 0.13291666666666666 0.18478260869565216 0.01125
0 0.9101449275362319 0.09083333333333334 0.07536231884057971 0.01375
0 0.9108695652173913 0.15416666666666667 0.13768115942028986 0.028333333333333332
0 0.9108695652173913 0.11625 0.3072463768115942 0.01125
0 0.9159420289855073 0.29041666666666666 0.13623188405797101 0.028333333333333332
0 0.9166666666666666 0.26958333333333334 0.5311594202898551 0.01125
0 0.9181159420289855 0.24375 0.06304347826086956 0.010833333333333334
0 1.3398550724637681 0.15416666666666667 0.13115942028985508 0.028333333333333332
0 1.3398550724637681 0.11625 0.2528985507246377 0.01125
0 1.3398550724637681 0.09083333333333334 0.057971014492753624 0.010833333333333334
0 1.3413043478260869 0.13291666666666666 0.29927536231884055 0.01125
