0 0.04420289855072464 0.0125 0.16231884057971013 0.03333333333333333
0 0.05144927536231884 0.44375 0.14347826086956522 0.028333333333333332
0 0.05144927536231884 0.4225 0.5528985507246377 0.01125
0 0.05144927536231884 0.29041666666666666 0.12608695652173912 0.028333333333333332
0 0.05144927536231884 0.22708333333333333 0.0782608695652174 0.01375
0 0.05144927536231884 0.1375 0.14057971014492754 0.028333333333333332
0 0.05217391304347826 0.26958333333333334 0.3384057971014493 0.01125
0 0.05217391304347826 0.11625 0.5565217391304348 0.01125
0 0.05217391304347826 0.09041666666666667 0.07173913043478261 0.011666666666666667
0 0.05289855072463768 0.39708333333333334 0.06956521739130435 0.01125
0 0.05289855072463768 0.2529166666666667 0.23478260869565218 0.01125
0 0.22391304347826088 0.0125 0.13478260869565217 0.03333333333333333
0 0.4811594202898551 0.29041666666666666 0.1536231884057971 0.028333333333333332
0 0.4811594202898551 0.26958333333333334 0.15 0.01125
0 0.4811594202898551 0.2529166666666667 0.33260869565217394 0.01125
0 0.4826086956521739 0.22708333333333333 0.07971014492753623 0.01375
0 0.9101449275362319 0.22708333333333333 0.06739130434782609 0.010833333333333334
0 0.9108695652173913 0.29041666666666666 0.14347826086956522 0.028333333333333332
0 0.9108695652173913 0.26958333333333334 0.24492753623188407 0.01125
0 0.9108695652173913 0.2529166666666667 0.32608695652173914 0.01125
0 0.9159420289855073 0.1375 0.1471014492753623 0.028333333333333332
0 0.9166666666666666 0.11625 0.5224637681159421 0.01125
0 0.9181159420289855 0.09083333333333334 0.07028985507246377 0.01375
0 1.3398550724637681 0.3070833333333333 0.15072463768115943 0.028333333333333332
0 1.3405797101449275 0.26958333333333334 0.39855072463768115 0.01125
0 1.3413043478260869 0.28625 0.13405797101449277 0.01125
0 1.3413043478260869 0.2529166666666667 0.035507246376811595 0.00875
0 1.3420289855072465 0.22708333333333333 0.07536231884057971 0.010833333333333334
