0 0.04420289855072464 0.0125 0.1536231884057971 0.03333333333333333
0 0.05144927536231884 0.3070833333333333 0.1391304347826087 0.028333333333333332
0 0.05144927536231884 0.28625 0.13840579710144926 0.01125
0 0.05144927536231884 0.22708333333333333 0.07536231884057971 0.01375
0 0.05144927536231884 0.1375 0.14492753623188406 0.028333333333333332
0 0.05217391304347826 0.26958333333333334 0.35 0.01125
0 0.05217391304347826 0.2554166666666667 0.016666666666666666 0.00625
0 0.05217391304347826 0.11625 0.5043478260869565 0.01125
0 0.05289855072463768 0.09083333333333334 0.07971014492753623 0.010833333333333334
0 0.21521739130434783 0.0125 0.14782608695652175 0.03333333333333333
0 0.4811594202898551 0.3070833333333333 0.1427536231884058 0.028333333333333332
0 0.4811594202898551 0.2529166666666667 0.15217391304347827 0.01125
0 0.48188405797101447 0.28625 0.028985507246376812 0.00875
0 0.48188405797101447 0.26958333333333334 0.34202898550724636 0.01125
0 0.4826086956521739 0.22708333333333333 0.07898550724637682 0.01375
0 0.9108695652173913 0.3070833333333333 0.14492753623188406 0.028333333333333332
0 0.9108695652173913 0.26958333333333334 0.3456521739130435 0.01125
0 0.9115942028985508 0.28625 0.050724637681159424 0.00875
0 0.9115942028985508 0.2529166666666667 0.08695652173913043 0.01125
0 0.9123188405797101 0.22708333333333333 0.06376811594202898 0.010833333333333334
0 0.9159420289855073 0.1375 0.1246376811594203 0.028333333333333332
0 0.9159420289855073 0.11625 0.5246376811594203 0.01125
0 0.9181159420289855 0.09083333333333334 0.06884057971014493 0.01375
0 1.3398550724637681 0.29041666666666666 0.13043478260869565 0.028333333333333332
0 1.3405797101449275 0.2529166666666667 0.3427536231884058 0.01125
0 1.3413043478260869 0.26958333333333334 0.21159420289855072 0.01125
0 1.3420289855072465 0.22708333333333333 0.07173913043478261 0.01375
