0 0.04420289855072464 0.0125 0.12318840579710146 0.03333333333333333
0 0.05144927536231884 0.4270833333333333 0.1427536231884058 0.028333333333333332
0 0.05144927536231884 0.29041666666666666 0.13840579710144926 0.028333333333333332
0 0.05144927536231884 0.24375 0.0746376811594203 0.01125
0 0.05144927536231884 0.15416666666666667 0.14347826086956522 0.028333333333333332
0 0.05217391304347826 0.26958333333333334 0.5826086956521739 0.01125
0 0.05217391304347826 0.13291666666666666 0.19710144927536233 0.01125
0 0.05217391304347826 0.11625 0.29130434782608694 0.01125
0 0.05289855072463768 0.4058333333333333 0.5101449275362319 0.01125
0 0.05289855072463768 0.3804166666666667 0.07318840579710145 0.010833333333333334
0 0.05289855072463768 0.09083333333333334 0.06666666666666667 0.01375
0 0.18478260869565216 0.0125 0.14202898550724638 0.03333333333333333
0 0.3442028985507246 0.0125 0.15579710144927536 0.03333333333333333
0 0.48043478260869565 0.09083333333333334 0.07028985507246377 0.01375
0 0.4811594202898551 0.15416666666666667 0.12536231884057972 0.028333333333333332
0 0.48188405797101447 0.13291666666666666 0.16304347826086957 0.00875
0 0.48188405797101447 0.11625 0.36594202898550726 0.01125
0 0.5173913043478261 0.0125 0.14347826086956522 0.03333333333333333
0 0.9108695652173913 0.15416666666666667 0.14057971014492754 0.028333333333333332
0 0.9108695652173913 0.13291666666666666 0.21811594202898552 0.01125
0 0.9108695652173913 0.11625 0.31376811594202897 0.01125
0 0.9123188405797101 0.09083333333333334 0.06086956521739131 0.01375
0 0.9159420289855073 0.4270833333333333 0.14782608695652175 0.028333333333333332
0 0.9173913043478261 0.4058333333333333 0.5521739130434783 0.01125
0 0.9181159420289855 0.3804166666666667 0.04492753623188406 0.01375
0 1.3398550724637681 0.15416666666666667 0.1398550724637681 0.028333333333333332
0 1.3398550724637681 0.13291666666666666 0.377536231884058 0.01125
0 1.3398550724637681 0.11625 0.19057971014492753 0.01125
0 1.3420289855072465 0.09083333333333334 0.05579710144927536 0.01375
