0 0.04420289855072464 0.0125 0.14565217391304347 0.03333333333333333
0 0.05144927536231884 0.44375 0.15217391304347827 0.028333333333333332
0 0.05144927536231884 0.27375 0.13043478260869565 0.028333333333333332
0 0.05144927536231884 0.2529166666666667 0.5478260869565217 0.01125
0 0.05144927536231884 0.1375 0.1463768115942029 0.028333333333333332
0 0.05144927536231884 0.11625 0.5420289855072464 0.01125
0 0.05217391304347826 0.4225 0.186231884057971 0.01125
0 0.05217391304347826 0.4058333333333333 0.31666666666666665 0.01125
0 0.05217391304347826 0.38916666666666666 0.07101449275362319 0.01125
0 0.05289855072463768 0.36375 0.07536231884057971 0.01375
0 0.05289855072463768 0.22708333333333333 0.06739130434782609 0.01125
0 0.05289855072463768 0.09083333333333334 0.08188405797101449 0.01375
0 0.2072463768115942 0.0125 0.16521739130434782 0.03333333333333333
0 0.3898550724637681 0.0125 0.15942028985507245 0.03333333333333333
0 0.4811594202898551 0.4270833333333333 0.14420289855072463 0.028333333333333332
0 0.4811594202898551 0.4058333333333333 0.0644927536231884 0.00875
0 0.4811594202898551 0.38916666666666666 0.4007246376811594 0.01125
0 0.4826086956521739 0.36375 0.07391304347826087 0.01375
0 0.5666666666666667 0.0125 0.13333333333333333 0.03333333333333333
0 0.9108695652173913 0.4270833333333333 0.12971014492753624 0.028333333333333332
0 0.9108695652173913 0.38916666666666666 0.17173913043478262 0.01125
0 0.9115942028985508 0.4058333333333333 0.3992753623188406 0.01125
0 0.9123188405797101 0.36375 0.05 0.01125
0 0.9159420289855073 0.27375 0.13768115942028986 0.028333333333333332
0 0.9159420289855073 0.22708333333333333 0.06159420289855073 0.010833333333333334
0 0.9173913043478261 0.2529166666666667 0.5260869565217391 0.01125
0 1.3398550724637681 0.44375 0.13260869565217392 0.028333333333333332
0 1.3405797101449275 0.4225 0.12101449275362319 0.01125
0 1.3413043478260869 0.4058333333333333 0.3978260869565217 0.01125
0 1.3413043478260869 0.39166666666666666 0.031159420289855074 0.00875
0 1.3420289855072465 0.36375 0.06521739130434782 0.01375
